,0
0,"[ -8.642986  -8.314242  -8.975152  -8.643682  -8.449092  -8.36244
  -7.943158  -8.417192  -8.313488  -8.588988  -8.157236  -8.343474
  -8.54978   -8.358496  -8.105326  -8.682194  -8.27544   -8.603314
  -8.345272  -8.415046  -8.384132  -8.338022  -8.572516  -8.920342
  -8.428212  -8.368994  -8.226778  -8.155786  -8.43436   -8.472002
  -8.208856  -8.653542  -7.982076  -8.570602  -8.334774  -8.912454
  -8.150682  -8.282516  -8.33431   -8.421136  -8.185308  -8.398226
  -8.45553   -7.927092  -8.318012  -8.471306  -8.516314  -7.706808
  -8.35316   -8.653716  -7.989268  -8.10869   -8.458952  -7.856738
  -7.901456  -8.471944  -8.442016  -8.560858  -8.655978  -9.102114
  -7.83696   -8.247948 -10.492374 -10.792524 -11.142206 -11.512768
 -11.236862 -10.521432 -11.21285  -11.1099    -9.544596 -10.181842
 -10.439072  -9.162956  -9.887086  -9.577192  -9.519772 -10.187062
  -9.020044 -11.00753  -10.966756 -11.351586 -11.27288  -10.42115
  -9.556312 -11.111756  -7.058716  -5.421956  -6.73641   -9.608454
  -6.135356]"
1,"[ -7.427712  -8.698376  -8.68782   -8.76235   -9.501096  -8.350724
  -9.445184 -10.08939   -9.788022  -9.10803   -9.436484  -9.994038
  -7.010518  -7.77258  -10.422832 -10.260954  -9.729732  -9.56681
 -10.531872  -9.04829  -10.35677   -8.997076  -9.567506  -9.082336
  -8.232114  -8.568456  -8.322304  -8.555986  -7.917696  -8.51266
  -9.98847   -9.102694  -7.395406  -9.206398  -8.822902  -8.047268
 -10.603792  -9.891842  -8.22672   -8.793148  -7.416692  -8.80904
  -9.223334  -9.462236  -9.894278  -8.527102  -7.658552  -6.917892
  -7.707098  -9.853562 -10.019152  -7.212474  -8.950154  -9.804378
 -10.059926  -9.239284  -9.504924  -8.474206  -8.99957   -7.316874
  -7.300924  -9.255118 -10.004942 -10.392556  -9.924554  -9.677474
  -9.8368   -10.159512  -9.666338  -9.103622  -9.062732  -9.210748
 -10.413494 -10.06561   -9.712738 -10.26571   -9.757572  -8.843898
  -9.967358  -8.241626  -8.947602  -7.877038  -7.669514  -6.893706
  -6.967946  -7.388272]"
2,"[-12.021428 -11.942374 -12.83656  -12.538266 -13.011778 -12.639476
 -12.730942 -13.19877  -12.357016 -12.346112 -12.319664 -12.619466
 -12.760638 -12.849552 -12.540006 -12.895198 -12.843578 -11.772086
 -12.892182 -11.944926 -12.850364 -12.909698 -12.993566 -12.711338
 -12.443088 -12.542616 -12.922922 -12.84178  -12.770498 -12.761798
 -12.806226 -12.842592 -12.381376 -12.581766 -13.146918 -12.75913
 -12.7716   -12.644986 -12.710004 -12.84178  -12.886498 -12.453934
 -12.862718 -12.947804 -12.839924 -13.016128 -12.383754 -12.775602
 -11.761414 -12.50016  -12.1481   -13.103244 -12.569644 -12.92356
 -12.976572 -12.463736 -12.654846 -12.898214 -12.935798 -12.846362
 -12.599166 -12.641564 -12.534728 -12.49088  -12.589306 -12.8789
 -12.4816   -12.65299  -12.517444 -12.049268 -12.650554 -12.231852
 -12.6701   -12.928432 -12.103324 -12.500856 -12.56715  -12.383174
 -12.308412 -12.91167  -12.53235  -13.357284 -12.754432 -12.20436
 -12.719516 -12.331206 -12.664126 -12.636634 -12.445176 -12.466288
 -12.818348 -12.954184 -11.874804 -13.022392 -12.789406 -12.95169
 -12.933478 -12.98272  -12.738018 -12.491518 -12.47928  -12.932318
 -12.848044 -12.8992   -12.637214 -12.632516 -13.00128  -12.810112
 -12.648524 -12.366586 -13.044722 -12.787782 -11.745174 -12.40997
 -12.922806 -13.003368 -13.14947  -12.114692 -12.39228  -12.84642
 -12.290432 -12.365716 -12.43926  -12.605778 -12.712672 -12.685992
 -12.546212 -12.940206 -12.770788 -12.357596 -12.812606 -12.88354
 -12.097118 -12.21712  -12.880176 -12.72027  -12.754722 -12.64545
 -12.759072 -12.767308 -12.779778 -12.693068 -13.008704 -12.537454
 -12.862428 -12.812606 -12.822988 -12.764466 -12.254008 -12.357886
 -12.187018 -11.240458 -11.607018 -12.973324 -12.719748 -12.720154
 -12.889456 -12.868924 -12.695562 -12.401792 -11.736822 -12.545748
 -12.931158 -12.843172 -13.1573   -12.87339  -12.492852 -12.990956
 -12.728332 -12.726418 -12.803906 -12.776936 -12.730478 -12.438158
 -12.146534 -11.913548 -12.901404 -12.9949   -12.8499   -12.853902
 -12.631704 -12.77305  -12.955286 -12.943686 -12.38619  -12.710642
 -13.12975  -12.796482 -12.346634 -12.952328 -12.77247  -12.970076
 -12.812142 -12.77856  -12.345358 -12.809358 -12.87455  -12.833486
 -12.196066 -12.76377  -13.242908 -12.50828  -12.840794 -12.771368
 -12.780822 -12.560422 -12.809822 -12.883772 -12.368906 -12.589944
 -11.865814 -12.186148 -12.54366  -11.796736 -12.638664 -12.844622
 -12.758086 -12.294376 -12.52365  -13.14135  -12.500044 -12.286604
 -12.845782 -12.943222 -12.879422 -12.903318 -12.64342  -12.511876
 -12.851466 -12.616624 -12.778386 -12.392164 -11.787688 -12.789696
 -12.389322 -12.660936 -12.569934 -12.823626 -12.733146 -12.77218
 -12.8325   -12.587682 -12.81162  -12.412986 -12.931738 -12.957084
 -12.383058 -12.833022 -13.11496  -12.358118 -12.71186  -12.3482
 -12.765046 -12.73477  -12.62718  -12.688196 -12.769744 -12.045498
 -12.850654 -12.636344 -12.915382 -12.13041  -12.237304 -12.009596
 -12.38271  -12.218454 -12.8441   -12.590698 -12.718124 -12.649858
 -12.617552 -12.642318 -12.408346 -12.934406 -12.748226 -13.134274
 -12.801412 -12.454978 -12.710584 -13.026452 -12.908132 -12.578112
 -12.534322 -12.59673  -12.708322 -12.923154 -13.003136 -12.345126
 -12.529392 -12.658384 -12.900824 -12.475858 -12.700956 -12.881452
 -12.789348 -12.835226 -12.32848  -12.517908 -12.880292 -12.817246
 -12.810634 -12.824554 -12.88209  -12.937712 -12.634082 -12.69649
 -12.84033  -12.784302 -12.718182 -12.860804 -12.758434 -12.93603
 -12.785404 -12.816434 -12.882264 -12.470232 -12.342748 -12.701304
 -12.748516 -12.721198 -12.892704 -12.756288 -12.835516 -12.624164
 -12.602356 -12.422614 -12.707858 -12.421744 -12.454804 -12.591568
 -12.328654 -12.79248  -12.92124  -12.675378 -12.65038  -12.45347
 -12.639244 -12.740396 -12.44332  -12.593076 -12.429284 -12.424238
 -12.544298 -12.25163  -12.26062  -12.603632 -13.390692 -12.845608
 -12.584434 -12.724968 -12.66082  -12.787898 -12.805066 -13.000178
 -12.29484  -12.564888 -12.751126 -12.658036 -12.277904 -12.709714
 -12.467216 -12.989506 -12.651772 -12.836908 -13.050638 -12.553984
 -12.916832 -12.609664 -12.546386 -12.536236 -12.307716 -12.9746
 -12.809416 -12.852742 -12.740222 -12.804776 -12.10199  -12.582984
 -13.082248 -12.98678  -12.694344 -12.795496 -12.582984 -12.466056
 -12.917702 -12.887774 -12.480208 -12.804834 -12.82989  -12.661052
 -12.831804 -12.409506 -12.659196 -12.826816 -12.646378 -12.492156
 -12.59644  -12.886556 -12.914512 -12.026242]"
3,"[ -9.320484  -9.472792  -9.040924  -8.780852  -8.210132  -8.746516
  -7.152038  -7.652346  -7.932486  -7.040214  -7.75837   -8.575764
  -7.346976  -7.906618  -7.068402  -7.871122  -7.529966  -6.834372
  -7.388446  -8.102832  -7.016666  -7.71313   -9.250768  -8.148942
  -9.16748   -8.84848   -8.35838  -10.320346  -8.845754  -9.277216
  -9.27159   -9.537346  -9.768186  -9.653172  -9.503938  -8.749532
  -9.548946  -9.74284   -9.260744  -9.414386  -8.890936 -10.17465
 -10.104064  -9.529168  -8.753012  -6.834372  -7.996402  -8.558306
  -9.801652  -7.130694  -8.739208  -9.4395   -10.279688 -10.041134
 -10.50699  -11.388242 -10.953184 -11.554238  -8.96564  -10.276498
 -10.07721   -8.833052  -6.653992  -5.723092  -5.794548  -8.185482
  -8.45698  -10.160614  -6.269684]"
4,"[-10.94112   -9.53839  -10.775588  -9.583282 -11.061354  -8.852656
  -8.514226 -10.05749  -10.820654  -9.546278  -9.41485  -10.606228
  -8.263724  -7.701124  -9.354646  -9.74371  -11.227814 -11.086294
 -11.449722 -10.478164 -10.74479  -11.009096 -11.560966 -11.534112
 -11.837684 -10.975224 -11.397348 -11.695004 -10.696244 -10.202026
  -9.477606 -10.171054  -8.952184  -9.932674 -10.307006 -10.033768
 -10.40201  -10.32487   -9.980872  -9.609324  -9.540594  -9.314742
 -10.548286  -9.432308  -9.981626  -9.699456  -9.723816  -8.412494
 -10.837996 -10.606982  -9.538796 -10.24193  -10.133122  -9.438804
  -9.680026  -9.23244  -10.982938 -10.261708 -10.887644  -9.659842
  -9.434802  -9.529168 -10.052502  -9.808728 -10.237174  -8.862342
 -10.43768  -10.477062 -10.120304  -9.97339   -9.775146  -9.89712
 -10.397196 -10.429676 -10.753026 -10.59051   -9.978262  -9.658044
  -9.138074  -9.908314 -10.302946 -10.163166  -9.3931   -10.82106
 -10.46088   -7.333694  -8.137226  -8.324276  -9.368856  -8.468522
  -8.764612  -8.716994  -9.642848  -9.273852  -9.23911   -7.598986
  -8.473394  -8.806372  -8.588176  -8.802892  -9.246302  -9.296182
  -9.545524  -8.494796  -7.6995    -9.656652  -8.188614  -8.36766
  -8.977298  -7.314612  -7.320238  -7.705706  -9.600972  -9.565186
  -7.925468  -8.74785   -9.496108  -9.010648  -9.67527  -10.101628
  -9.06946  -10.350274  -9.757456  -8.999628  -9.429408  -8.613696
  -9.501328  -8.877074  -9.090108  -8.06055   -8.181596  -8.894242
  -6.416192  -8.016586  -9.590358 -10.400386  -8.717632  -8.15741
  -8.624368  -8.714848  -8.540848  -8.124118  -8.698898  -8.743848
  -8.173708  -8.76061   -8.622976  -8.735902  -8.317664  -8.617988
  -9.334288  -8.244004  -8.789378  -8.187802  -8.903348  -9.142134
  -7.996692  -7.544292  -8.069772  -8.781954  -8.426994  -8.880148
  -8.063682  -9.549932  -8.805676  -8.664794  -8.988318  -9.390664
  -9.571972  -8.005044  -8.308442  -8.178928  -9.12659   -8.32996
  -8.451586  -8.569848  -8.864952  -8.295566  -8.603662  -8.922952
  -8.399328  -8.560336  -8.583536 -10.239958  -8.292666  -8.343706
 -10.26658  -10.024778 -10.798092 -10.858296 -11.31145  -10.94808
 -10.340298 -12.027112  -9.43341   -9.63844   -9.454696 -10.904406
 -11.115062 -11.04581  -10.995872 -10.703958 -10.902434 -10.599616
 -11.054626 -10.200402 -10.918384  -9.596448 -10.010568 -10.69056
  -8.48279   -9.327676 -10.980618 -10.124654  -9.405744  -9.797302
  -9.50011   -8.110256  -8.085084  -8.481108  -8.247252  -8.300902
  -8.174056  -8.619206  -8.342546  -7.945188  -8.57762   -8.33489
  -8.63359   -8.255662  -7.932428  -8.318128  -8.492998  -8.431228
  -8.27428   -7.278362  -8.095408  -8.925214  -7.870948  -7.748626
  -8.631212  -8.36418   -8.067278  -8.365514  -8.579244  -8.017746
  -8.513298  -8.083054  -8.539398  -8.121798  -8.971672  -8.31894
  -8.185598  -8.516894  -8.495724  -8.294232  -8.282226  -8.410232
  -7.94948   -8.502626  -8.702494  -8.264536  -8.58516   -8.555058
  -8.396022  -8.574662  -8.088564  -8.420208  -8.638636  -8.191688
  -8.425602  -8.060086  -8.652324  -7.730646  -8.146042  -8.541776
  -8.219934  -8.670942  -8.079458  -8.683702  -8.040888  -8.562424
  -8.460518  -8.274048  -8.024648  -8.388888  -8.216164  -8.53818
  -8.27138   -8.455646  -8.496304  -8.044716  -8.441436  -7.98573
  -8.640666  -8.530466  -8.152074  -8.320622  -8.280428  -8.423978
  -8.359134  -8.405186  -8.53238   -7.998838  -8.275962  -7.367798
  -8.313662  -8.066466  -8.29023   -8.859616  -9.239458  -8.121682
  -8.05794   -8.844246  -7.861668  -8.347302  -7.91091   -7.97471
  -8.278978  -8.413248  -8.612362  -8.7957    -7.790792  -8.292956
  -8.877248  -7.63048   -8.495376  -8.843318  -8.096452  -9.091442
  -7.861726  -8.012468  -8.69971   -7.943158  -8.142736  -8.882874
  -9.747074 -10.553796  -9.737446  -8.834908  -9.113134  -9.11064
  -9.546394  -8.292318  -8.583188  -8.505004  -8.321144  -8.38767
  -8.516604  -8.469102  -8.907872  -9.070794  -7.936778  -8.612594
  -8.42885   -9.676952  -7.765504  -8.787522  -9.704792  -8.028128
  -8.301598  -8.869418  -7.65223   -8.72407   -9.08599   -8.4129
  -9.619764  -7.95847   -9.320948  -8.385872  -9.57232   -9.382544
  -8.56312   -8.794424  -8.555812  -8.596354  -8.90909   -8.856716
  -9.302968  -8.43407   -9.117542  -8.361628  -7.968156  -9.060064
  -8.184438  -8.63417   -9.131868  -9.31393   -9.955062  -8.918892
  -9.765518  -6.252458]"
5,"[-10.082024  -9.92119   -9.749104 -10.115432  -9.392172  -9.429524
  -9.709432  -9.776422  -9.860638  -9.462468  -9.743536  -8.968946
  -8.870694  -9.652534  -9.214924  -9.704096 -10.302482  -9.549526
  -9.867482 -10.590916  -9.249782  -9.870324 -10.557624  -8.509122
  -9.15037   -8.953054  -8.510804  -9.76314   -9.09005   -9.951408
 -11.067154 -10.28166  -10.009118 -10.694852 -10.584594 -10.111894
 -10.263912 -10.976384 -10.738294 -10.1761    -9.826592 -10.280152
 -10.012946  -9.999316 -10.136196 -10.29123  -10.937002  -8.805212
  -8.369806  -8.903522 -11.063384 -10.717588 -10.768802 -10.284618
  -9.507012  -8.735264  -8.83746   -8.358032  -7.963226  -8.347882
  -8.433374  -9.011228 -10.729188 -10.599036  -9.97745   -9.650214
 -10.532162 -10.398646 -10.82396  -11.003934 -10.812244 -10.341458
  -9.672486  -8.817972 -10.313908  -9.385676  -9.784484  -9.889232
  -9.394956 -10.015904  -9.55637  -10.268494 -10.402416  -9.970838
  -8.12667   -9.915042 -10.463954  -8.79396   -9.130302  -9.319672
  -8.931478  -9.066966  -9.809308  -9.945144  -9.864292  -9.763604
 -10.063464  -9.795388  -9.049334  -9.364912  -7.204354  -8.716878
  -8.881482  -9.134594  -8.805096  -8.720358  -8.98246   -9.111916
  -9.573654  -9.80983   -9.763894  -9.480216  -9.67556   -9.576496
  -9.56014   -9.326806  -9.80026  -10.411348  -9.662626  -9.842484
  -9.063312  -9.559444  -9.000382  -8.763452  -8.327756  -9.226234
  -8.318012  -8.800108  -9.064124  -9.41659   -8.606794  -8.702552
  -7.921408  -8.888674  -7.928948  -8.624194  -9.366478  -7.811846
  -7.72328   -8.865764  -6.95768   -5.092458]"
6,"[ -9.998968  -9.264978  -9.417576 -10.26919   -9.028744  -9.30755
  -8.21686   -9.899788  -9.01233   -9.218404  -8.807068  -9.020914
  -9.404526  -9.388808  -9.172468  -9.118122  -8.989594  -9.07671
  -8.956186  -9.217824  -9.263528  -8.870462  -9.114932  -9.509854
  -9.121138  -8.627384  -9.40644   -8.941976  -9.182502  -8.953286
  -9.427784  -8.640608  -9.701022  -9.391186  -8.82557   -9.328198
  -8.29226   -6.66275   -9.03524  -10.086258  -9.306564  -8.725462
 -10.239146  -8.948008 -10.837648  -9.378484  -9.727122 -10.095132
  -9.42674   -8.852772  -8.951894  -9.261498  -9.11122   -9.785238
  -9.009604  -9.56043   -8.079516  -7.609484  -8.115128  -9.340262
  -8.297364  -8.986984  -7.49911   -8.101034  -8.315286  -6.752592
  -8.769426  -9.02306   -8.89401   -9.346932  -9.033616  -9.377382
  -8.888036  -9.4424    -8.969816 -10.173954  -9.983482  -9.204078
  -8.518924  -8.290288  -7.948726  -7.241532  -8.057186  -7.976392
  -7.80419   -9.080364  -9.264224  -9.722134 -10.249238  -9.755542
  -8.992262  -8.754984  -8.375258  -9.352616  -9.713202  -9.581542
  -9.610136  -9.822474  -9.30726   -9.13268   -8.08404  -10.165022
 -10.000882 -10.277948  -8.331004  -9.6048   -10.54063  -10.522766
 -10.499856 -10.640448 -10.015904 -10.13057   -9.532822  -9.054728
  -9.46966  -10.50148   -6.905364]"
7,"[ -9.610542 -10.148202  -9.525282  -9.64569   -9.572378  -9.782048
  -9.770042 -10.21815   -9.525282 -10.414596  -9.712158  -9.832102
 -10.33415  -10.360888  -9.478186  -8.432968  -9.5845    -9.972752
  -9.272634  -9.502836 -10.08765   -9.036922  -9.267878 -10.109052
  -9.792546  -9.94323   -9.822648  -8.177536  -7.969258  -9.482826
  -9.300416  -8.791582  -8.845232 -10.00848  -10.561278 -10.185902
 -10.107544 -10.015092  -9.559502  -9.809482  -9.569246  -9.31248
  -9.673472  -9.915274 -10.375968 -10.084344  -9.802754 -10.02124
 -10.600196 -10.402938 -10.21322  -10.313502  -9.638556  -9.585428
  -9.819516  -8.58893   -9.250826 -10.235376  -9.507418 -10.212466
  -9.790806 -10.53309  -10.42521  -10.106442  -9.36787   -8.647684
  -8.965582  -9.27188   -9.523194 -10.063116  -9.918812 -10.54643
  -9.645226 -10.199648  -9.46705   -9.93395   -9.931108 -12.3134
 -13.746696 -10.4371   -10.172852  -9.91887   -8.277354  -8.99609
 -10.107718  -7.49273   -8.045876  -7.302432  -6.926766]"
8,"[ -9.392462  -9.221014  -9.392752  -9.594766  -9.507766  -9.467978
  -8.918196  -9.071258  -9.26985   -9.552542  -9.952974  -9.795388
  -9.38527   -9.475576  -9.718248  -9.794634 -10.166124  -9.993748
  -9.847472  -9.13848   -9.749858  -9.44008   -9.861914  -8.622512
  -8.996554  -9.174556  -9.258366  -9.615936  -9.379238  -9.502488
  -9.450288  -9.120268  -9.328256  -9.2278    -9.089354  -9.184938
  -9.555094  -9.11325   -9.42065   -9.55144   -9.483464  -9.290208
  -9.389156  -9.335332  -9.585196  -9.393506  -9.358648  -9.60799
  -9.229714  -9.342408  -9.445648  -9.392404  -9.34264   -9.385966
  -9.088078  -9.48068   -9.53433   -9.308884  -9.325878  -9.296066
  -9.311436  -9.296936  -9.268806  -9.098634  -9.147296  -9.515596
  -9.52534   -9.40789   -9.347396  -9.154836  -9.383878  -9.521512
  -9.526906  -9.118818  -8.597108  -9.239864  -9.513682  -9.357198
  -8.991392  -9.357662  -9.387358  -9.441762  -9.466238  -9.044056
  -9.3061    -9.53781   -9.479346  -9.266834  -9.526732  -9.27391
  -9.56043   -9.233136  -9.262136  -9.730892  -9.05061   -9.355748
  -9.476736  -9.435498  -9.502952  -9.379992  -9.580498  -9.810874
  -9.88755   -9.86609   -9.497094  -8.96477   -9.222986  -9.355458
  -9.354414  -9.430858  -9.271068  -9.308884  -9.33162   -9.156692
  -9.139988  -9.338348  -9.426044  -9.533808  -9.303432  -9.231686
  -9.497732  -9.382486  -9.252972  -9.562112  -9.486828  -9.5033
  -9.316598  -9.729152  -9.850836  -9.447156  -9.38063   -9.661292
  -9.738606  -9.225248  -9.546742  -9.343742  -9.531836  -9.318338
  -9.489844  -9.65178   -9.167654  -9.547322  -9.564954  -8.965292
  -9.177746  -9.417634  -9.412298  -9.341886  -9.191202  -9.464962
  -9.313524  -9.771492  -9.451912  -9.39368   -9.258656  -9.450346
  -9.091558  -9.529516  -9.559212  -8.57588   -9.475808  -9.583688
  -9.129664  -9.29073   -9.419722  -9.102462  -9.272228  -9.511942
  -9.277042  -9.548308  -9.1843    -9.317642  -9.49141   -9.404642
  -9.2249    -9.216954  -9.149848  -9.561648  -9.277854  -9.25506
  -9.613674  -9.587168  -9.262774  -9.49895   -9.366826  -9.320426
  -9.111916  -8.605692  -8.994408  -9.26289   -9.453304  -9.207152
  -9.558342  -9.563736  -9.536824  -9.476156  -9.532706  -9.44501
  -9.416996  -9.097358  -9.329938  -9.142308  -9.51925   -9.571856
  -9.434396  -9.198336  -8.429198  -9.503416  -9.058324  -9.563098
  -9.37976   -9.586878  -9.635598  -9.360272  -9.016216  -9.511536
  -9.646038  -9.24346   -9.191956  -9.058846  -9.394782  -9.107276
  -9.339682  -9.610542  -9.175368  -9.252102  -9.315322  -9.384922
  -9.566404  -9.343742  -8.72697   -9.199728  -9.597202  -9.46502
  -9.329532  -9.358648  -9.197698  -9.522498  -9.286322  -9.411138
  -9.330344  -9.299894  -9.311958  -9.204948  -9.182386  -9.158954
  -8.956824  -9.27507   -8.676858  -8.862342  -9.572262  -9.067198
  -9.294036  -9.120848  -9.358474  -9.088252  -9.56072   -9.540768
  -9.218694  -9.069344  -9.541522  -9.698934  -9.318976  -9.20373
  -8.903058  -9.223276  -9.824214  -9.115222  -9.387648  -9.217418
  -9.582876  -9.389794  -9.07584   -9.47227   -9.487002  -9.505504
  -9.620982  -9.47256   -9.118296  -9.168524  -9.223508  -8.585682
  -9.254248  -9.710534  -9.439152  -9.243634  -9.522614  -9.469312
  -9.692438  -9.744     -9.254364  -9.37483   -9.34032   -9.403424
  -9.692844  -9.2017    -9.501618  -9.04278   -9.537694  -9.245258
  -9.602248  -9.494774  -8.886006  -9.52592   -9.608744  -9.195262
  -9.675328  -9.450346  -9.4482    -9.160346  -9.211096  -9.428654
  -9.119572  -9.442922  -9.572378  -9.46647   -8.941976  -9.036632
  -9.471806  -9.090398  -8.419976  -8.92475   -9.432946  -9.46212
  -9.291368  -9.426624  -9.378774  -9.199612  -9.370712  -9.354994
  -9.453188  -9.32031   -8.963494  -8.98536   -9.631828  -9.245896
  -9.528936  -9.09469   -9.402902  -9.614312  -9.615936  -9.278318
  -9.474242  -8.859848  -9.362302  -9.109596  -9.368102  -9.23969
  -9.136044  -9.243576  -9.41282   -9.323036  -9.080538  -9.543146
  -9.26927   -9.282668  -9.336376  -9.64859   -9.479288  -9.6077
  -9.074796  -9.229018  -9.390084  -9.389098  -9.343394  -9.30204
  -8.98536   -8.61967   -9.274316  -9.546336  -9.382892  -9.379644
  -9.058672  -9.461308  -9.202048  -9.413516  -9.31306   -9.311436
  -9.181864  -9.362012  -9.49663   -9.00421   -9.032456  -9.515712
  -9.256916  -9.243518  -8.785144  -9.28638   -9.264978  -9.133782
  -9.573132  -9.548076  -9.209008  -8.854976  -9.023292  -9.306448
  -9.3438    -9.29769   -8.533366  -9.462874]"
9,"[-8.803936 -8.140126 -8.494332 -8.383088 -7.675952 -8.650642 -8.380072
 -7.94223  -8.74118  -8.459764 -8.692054 -8.168894 -7.984396 -7.944318
 -8.246382 -7.996808 -6.8962   -5.566666 -7.227554 -7.895018 -8.21889
 -8.552854 -6.877002 -7.08673  -7.306666 -7.070722 -7.783658 -7.216592
 -7.961602 -8.090536 -8.35316  -8.64142  -8.407216 -7.859754 -7.697702
 -7.696716 -7.359156 -7.975754 -8.334194 -6.823468 -8.271322]"
10,"[ -8.942382  -9.355922  -8.785608  -9.615936  -8.902826  -9.348904
  -9.215562 -10.584188 -10.490518  -9.566404  -9.720974  -9.050262
  -9.013142  -8.725288  -9.55231   -9.475634  -9.114004  -9.482536
  -8.921618  -9.60306   -9.57725   -8.932522  -8.929506  -9.421926
  -8.970048  -8.9088    -9.10339   -9.330286  -9.141264  -9.473256
  -9.67034   -8.174752  -9.359344  -9.546974  -9.560488  -9.383356
  -9.41398   -8.693794  -9.357604  -9.491468  -9.494542  -8.554884
  -9.492396  -9.108958  -9.386488 -10.207942  -8.942382  -9.707866
  -9.070446  -9.86725   -9.17734   -9.244678  -8.602212  -6.874682
  -5.680926]"
11,"[ -8.346838  -5.79594   -5.465746  -6.887384  -9.477664  -8.773718
  -9.00015   -8.520548  -8.952474  -9.484972  -9.539434  -9.377846
  -9.694352  -8.968888  -9.623418  -9.220724  -9.162782  -9.238472
  -9.175252  -8.855962  -8.833574  -8.8044    -8.9552   -10.293608
  -9.791676  -8.674596  -8.221848  -8.407158  -8.186178  -7.811092
  -8.639274  -8.644494  -9.437702  -9.02219   -9.482768  -8.716878
  -9.34322   -7.570218  -9.763546  -9.933486  -9.666686  -8.83659
  -9.037792  -9.374308  -9.22983   -9.399422  -8.917152  -8.976892
  -9.72631   -8.37462   -9.508926  -9.44936   -9.85362   -8.79454
  -8.114432  -8.754752 -10.16334   -9.30929   -9.419664  -9.877168
  -9.907096  -8.418642 -10.051226  -9.020508  -9.518902  -9.267008
  -9.230294  -9.948624  -8.866576  -9.687566 -10.259388  -8.868664
  -9.273446  -9.594882  -9.195088  -8.933682  -9.069808  -8.674828
  -8.417076  -9.220376  -9.116556  -9.564316  -8.764148  -9.159186
  -9.254538  -8.826614  -9.360098  -9.33829   -9.889464  -9.578758
  -8.093378  -8.860196  -9.74777   -8.933218  -8.721692  -9.864292
  -9.489902  -9.814702  -9.288294  -9.5816    -8.591308  -8.2099
  -8.508948  -8.614334  -9.13123   -9.278608  -9.511652  -9.280406
  -8.46829  -10.27905   -9.570638  -9.613442  -9.199032  -9.616748
  -9.733154  -8.548968  -9.793184  -9.263644  -9.463802 -11.018492
  -9.818298  -9.77938   -8.992726 -10.385828  -8.695824  -9.712738
  -9.333186  -9.371408 -10.046238  -8.839432  -9.389678  -8.909554
  -8.840418  -9.085178  -9.019348  -9.208312  -9.826824  -8.613696
  -8.063682  -9.633684 -10.38983   -8.9929    -9.225364  -9.4656
  -9.127518  -8.85892   -9.50098   -9.30668   -9.158084  -9.2858
  -8.839954  -9.093298  -9.117078  -9.87856   -8.816696  -8.849466
  -8.364818  -9.49605   -8.973586  -9.308652  -8.901608  -7.634482
  -7.795838  -8.22063   -8.732364  -9.387648  -9.787094  -9.692844
  -8.5231    -9.42964   -9.073172  -8.783114  -9.779322  -8.863676
  -8.516662  -9.5816    -8.959028  -8.909902  -9.461482  -9.498544
  -9.089586  -9.264166  -9.297342  -8.96593   -8.797556  -9.12717
  -9.605554  -9.411312  -9.015404  -9.120326  -8.98652   -9.205876
  -9.703168  -8.536846  -9.670398 -10.594686 -10.45856  -10.2921
 -10.575662 -10.64909  -10.81149  -10.64126  -10.9098   -10.38867
 -10.82512  -10.860674 -10.955852 -10.595904 -10.883178 -10.896402
 -10.179812 -10.705234  -8.931014  -8.161064  -7.162536  -5.993256
  -7.833712  -5.372772  -5.479724  -7.446504  -7.45184 ]"
12,"[ -9.09817  -10.186772 -10.20452  -10.438318 -10.698912 -10.449164
 -10.255676 -10.31965  -10.72942  -11.569492 -10.428516 -10.466854
 -10.252254 -10.47364  -11.897656 -11.364462 -11.0432   -11.492004
 -10.61603  -10.29703   -9.68339   -7.057092  -7.442212 -10.526478
 -10.625542 -10.758188  -9.305636  -8.095756  -8.523912  -9.025206
  -9.641862  -9.756934  -9.68165  -10.896808  -9.97977   -9.445822
  -9.881866  -9.789356  -9.661698  -9.452202  -9.700732 -10.324928
  -9.6686   -10.133412  -9.706242  -9.423434  -9.282494  -9.782338
  -7.837656  -9.410964  -9.222986 -10.130918  -9.518844  -9.186446
  -9.856868  -9.721844 -10.012772  -9.535258  -9.460844 -10.058476
  -9.721032  -9.68426   -9.615588 -10.05169   -9.976522  -9.69557
  -9.785006  -9.91452   -9.377556 -10.100584  -9.43747   -9.364158
  -9.997402  -9.652476  -9.714014  -9.626608  -9.808322  -9.718364
  -9.941084 -10.36663   -9.761052 -10.140024  -9.998446  -9.229192
  -9.264688  -9.56884   -9.929484  -9.474938  -9.98093   -9.994212
  -9.248854  -9.91945   -9.742144  -9.668136  -9.782164 -10.264434
 -10.236014 -10.156496  -9.880822  -9.721264  -9.529922  -9.687624
  -9.392346  -9.147644  -8.886354  -9.961094  -8.846856  -9.253668
  -9.834538  -9.825606  -9.800956 -10.342908  -9.266022  -9.661872
  -9.764184  -9.902746  -8.778474  -6.482254  -6.562352 -10.150928
  -7.998026  -7.508158  -6.553246  -6.380696  -8.05939   -5.961762
  -6.721736  -5.641544  -6.926128  -7.311712  -7.882374  -7.135798
  -7.63454   -8.693156  -8.219586  -8.17539   -7.894148  -7.737374
  -8.564454  -8.6101    -7.074144  -7.871992  -8.00255   -7.841542
  -6.56009   -7.430728  -9.00131   -8.592236  -6.849104  -6.84748
  -8.311748  -9.618952  -9.699166  -7.275984  -7.407876  -9.204948
  -9.385444  -8.334716  -8.343532  -8.836706 -11.35118  -10.27847
  -8.383378  -7.366638  -8.324276  -8.375142  -7.952148  -9.944274
 -11.693438  -9.522672  -8.980604 -11.043838 -10.293724  -8.831776
  -8.413364  -8.62982   -9.55782   -8.819596 -10.152204 -11.161404
 -11.11889  -11.115642 -11.246374 -10.693402 -10.577866  -9.968924
 -10.63575   -9.817602  -9.967068 -10.94025  -10.940598 -10.552288
 -10.62763  -10.1906   -10.9446    -9.694062 -10.368486 -10.898026
 -10.082198  -8.553782  -9.5381    -8.533772  -7.891422  -9.313118
 -10.089796 -10.549562  -9.294964  -8.873536  -8.333846  -8.93287
  -7.706112  -7.38398   -8.334658  -6.620352  -8.271554  -7.674038
  -8.11797   -7.487626  -8.499262  -8.512254  -8.438536  -7.52289
  -7.600494  -6.833966  -9.644008  -9.934472  -9.618314  -9.677532
  -9.266138  -8.062406  -8.942962  -9.73965   -7.935212  -8.496014
  -8.053706  -8.50541   -8.566542  -7.995764  -8.49178  -10.857368
 -10.925692 -11.426986 -11.090238 -10.851626  -9.034486  -9.6425
  -8.573966  -9.533228  -8.625934 -10.297494  -9.710186  -9.28551
  -8.511152 -10.898142  -9.873224  -8.808634  -8.781548  -8.482326
  -8.839432  -8.56776   -9.241952  -9.177108  -9.296008 -10.04676
 -10.042062 -10.43043   -9.168466  -9.37599  -10.290302  -9.075956
  -9.807278 -10.126104  -9.619532  -9.788138  -8.90532   -9.571798
  -9.059658  -8.980546 -10.316576  -9.365202 -10.48727  -10.580882
 -11.820922  -9.811222 -10.454094 -11.151196  -9.75792   -8.558016
  -8.321434  -8.87023   -6.230302  -5.45055 ]"
13,"[ -8.481862  -8.266624  -9.432366  -7.438094  -8.863328  -9.355748
  -8.846508 -10.267624 -10.546894 -10.49104  -10.887064 -10.534018
 -11.399088 -11.237964 -11.438702 -10.225458  -7.855288  -7.78998 ]"
14,"[ -8.79135  -10.018804  -9.569478  -8.280428  -9.792488  -9.276984
  -8.865242  -9.086048  -8.924518  -9.273678 -10.349636  -9.08686
  -8.726622 -10.921922  -9.441356 -10.056156  -9.216896 -10.300104
 -10.261012  -8.328684  -8.096278  -8.537194  -9.647952  -9.204716]"
15,"[-10.57804   -9.891552 -10.207942 -10.564932 -10.977312  -9.811744
 -10.205622  -9.288236  -9.179196  -7.935966 -10.647872  -9.86522
  -9.009778  -9.104028  -8.8885    -9.013258  -6.081184]"
16,"[ -9.193174  -9.31828   -8.699826  -8.703654  -9.161738  -9.33075
 -10.050936 -10.445974  -9.360446  -8.314358  -7.760574  -7.98805
  -8.071512  -9.198974  -8.845928  -7.718988  -7.862944  -7.439834
  -7.797172  -7.683666  -7.77606   -7.522658  -8.0562    -9.214054
  -8.727318  -8.172084  -9.908604 -10.103658  -7.554558  -7.304404
  -5.187056  -5.639166  -6.74859   -8.691938 -10.063928  -7.350166
  -7.656638  -9.578004  -9.183894  -9.449824  -9.42558   -8.675814
  -8.762872  -9.100664  -8.700406  -8.855846  -8.335528  -9.648648
  -9.022596  -8.590264  -8.695418  -7.952786  -6.468044  -7.622708
  -7.542436 -10.482282 -10.611448  -9.95367   -9.72225   -9.79533
 -10.210436 -11.206992 -10.954634 -10.415814 -10.250688 -10.376838
 -10.73087   -9.916202 -10.32806   -9.47459   -9.944564 -10.538542
  -9.781294  -9.984758 -10.140546 -10.756854 -10.575604 -10.727854
  -9.672428  -9.197176  -9.392926 -10.150116  -9.512116  -5.470096]"
17,"[-6.760248 -5.02454  -6.169576 -9.645632 -8.662416 -9.738026 -9.751656
 -8.291216 -9.664192 -8.450136 -7.180516 -7.436238 -6.289984 -8.15509
 -8.735612 -8.90561  -7.85668  -7.955686 -8.551114 -8.034334 -6.56038
 -8.80208  -8.10927  -8.253284 -7.346918 -8.508252 -8.227126 -8.004232
 -9.054844 -8.556044 -7.89757  -6.979488 -5.230962 -7.82333  -9.464208
 -9.326922 -8.858804 -9.019928 -9.705778 -8.600298 -9.16603  -6.606316
 -8.1983   -9.327966 -6.943122 -8.750692 -9.45226  -9.464614 -7.436006
 -5.718046 -7.139626 -7.024844]"
18,"[ -8.307572  -9.018536  -9.61524  -10.555942 -10.195066  -9.822822
 -11.409064  -8.993422  -9.537056  -9.426392  -9.472096 -10.122508
  -9.915274 -10.206898 -10.448294  -9.462294  -9.740752 -10.606112
 -10.248774 -10.24309  -10.333686 -10.487154 -10.400792 -11.025974
 -10.215308 -10.679076 -11.101142 -10.889964 -10.226038  -8.928752
  -9.00769   -5.752614  -6.367008  -6.55255 ]"
19,"[ -9.69006   -8.866112  -8.918776  -8.902942  -8.726448  -9.479694
  -9.209878  -8.810084  -8.658994  -9.549062  -9.025322  -8.359714
  -9.222522  -8.739788  -8.7348    -9.94323   -8.448686  -9.486248
  -8.55761   -9.138364  -8.399038  -9.443966  -8.671     -8.684862
  -8.932812  -7.978538  -9.704618  -9.0625    -8.882874  -9.410094
  -8.810548  -8.550998  -9.3641    -8.72726   -8.87574   -8.931652
  -8.723664  -9.030948  -8.775806  -8.699652 -10.170184  -8.180436
  -9.960978  -8.694374  -9.30349   -8.104398  -9.817544  -8.94621
  -8.476584 -10.429618  -9.476968  -8.77134   -9.608628  -8.976486
  -8.608302 -10.006102  -9.151936  -8.368182  -9.956976  -8.380594
  -9.396754  -9.379818  -8.941802  -9.533982  -8.76351   -8.973992
  -9.097996  -8.732886  -9.070214  -9.423956  -8.674828  -9.081756
  -8.86385   -9.590764  -8.907466  -8.844014  -8.952474  -8.733872
  -8.764032  -8.9726    -8.778416  -8.794888 -10.179232  -8.452746
  -9.086628  -9.280812  -7.837656  -8.966452  -8.999918  -8.974746
  -8.71827   -9.745044  -8.74176   -8.391092  -8.719488  -9.25535
  -9.047536  -9.647372  -8.307108  -9.11267   -8.720996  -9.970954
  -8.838098  -9.436194  -8.887804  -8.924112  -8.854048  -8.599602
  -9.104782  -9.404004  -8.810374  -8.97753   -8.828528  -9.13558
  -9.156402  -8.513066  -9.452434  -9.18865   -8.43059   -9.505098
  -8.13073   -9.41804   -8.68579   -7.998084  -9.130186  -8.292028
  -9.804668  -9.669296  -9.739998  -9.937082  -9.768186  -8.976022
  -8.879046  -8.619554  -9.598942  -9.351688  -8.529654  -9.056758
  -9.489554  -8.563642  -9.601552  -8.756898  -9.076884  -9.342582
  -9.13239   -9.222     -8.55848   -8.557204  -9.558226  -9.5497
  -8.732654  -8.759566  -9.247462  -9.003456  -8.995742  -8.903464
  -8.920574  -9.11934   -8.686834  -9.207558  -8.856078  -9.336434
  -9.038198  -8.863502  -9.338464  -8.57501   -9.165624  -9.445474
  -8.861762  -9.706126  -8.432562  -8.62199   -9.976812  -8.658704
  -9.464034 -10.006218  -8.569616 -10.046064  -8.352116  -9.497268
  -9.003398  -9.03901   -9.712274  -8.888094  -8.635794  -8.582492
  -8.218542  -9.53114   -8.670536  -9.445532  -8.626862  -8.486328
  -9.151936  -8.967322  -8.563816  -9.108784  -9.152342  -8.353624
  -9.479346  -9.59494   -8.421194  -9.132448  -8.75336   -8.577272
  -8.618394  -9.878966  -8.101846  -9.317874  -8.924982  -9.248738
  -8.65882   -9.400524  -9.01436   -9.111742  -9.120616  -8.457212
  -8.709918  -9.088774  -8.4419    -9.731704  -9.225886  -8.781954
  -8.51585   -9.758442  -8.234666  -9.996184  -8.535976  -9.77445
  -8.766874  -8.722504  -9.670166  -8.823366  -9.0567    -8.460692
  -8.630458  -9.319382  -9.441414  -9.335564  -8.709338  -8.471944
  -8.584116  -9.7585    -9.850894  -8.128584  -8.887108  -9.555326
  -8.518692  -9.363172  -8.931594  -8.818494  -9.784542  -8.538876
  -9.150428  -8.54659   -8.183974  -8.811824  -9.053858  -8.794656
  -8.102484  -8.307456  -9.343336  -8.69275   -9.477606  -8.72262
  -9.219738  -9.02277   -8.950212  -9.144628  -8.849466  -9.34525
  -8.598848  -9.314858  -8.98188   -8.551694  -8.622512  -8.724708
  -9.046898  -8.822032  -8.933566  -9.192884  -8.525246 -10.06735
  -8.533192  -9.606598  -8.969352  -9.027932  -9.306274  -8.56515
  -9.438282  -9.312306  -8.256822  -9.607062  -9.634728  -8.21512
  -9.26463   -9.335448  -9.24781   -8.47786   -9.078682 -10.43362
 -10.249354 -11.013852  -9.51287   -8.84065   -5.840426]"
20,[-8.73335  -6.872246]
21,"[ -8.11188   -8.749242  -9.930876  -7.659886  -7.869614  -5.852606
  -6.18773   -9.191434  -9.54332  -10.483326  -8.939714 -10.305962
 -10.073034 -11.001498  -9.855186  -9.29827   -8.930956  -9.931224
  -9.831696 -10.907886 -11.25316  -11.242372 -10.734814 -10.577112
 -11.570768  -9.700268  -9.625622 -10.897098 -10.273366 -10.17958
  -8.832936  -6.730262  -7.006284  -9.059716  -8.156018  -9.801536
  -8.554304 -10.759406  -7.905342  -8.58516   -8.332628  -8.946384
  -6.842376  -8.4361    -8.745356  -9.789588 -10.377708 -11.399262
 -10.876392  -9.838192 -11.793836  -9.406962  -8.171156  -9.69673
  -9.857448 -10.478512 -10.576416 -11.526978 -10.849596 -10.87993
 -10.739338  -7.827622  -8.459532  -9.799854 -10.166646  -9.66135
 -10.097916  -8.981474  -9.378136  -9.13587   -8.97898  -10.320926
  -9.240966  -9.486712  -8.622628  -9.039416 -10.02733  -10.016194
  -9.266486  -9.738954  -8.424152  -8.483602  -9.721554 -11.458016
  -9.993516 -10.435012  -9.684608 -10.262636  -8.987564  -9.083206
  -9.797998  -9.66164   -9.39803   -9.071896  -8.870172  -8.566774
  -9.770622  -8.633474  -9.639368 -10.049254 -11.20357  -10.94895
 -11.266036 -11.108914 -11.23924  -10.148608 -10.16276   -8.956244
  -9.683042 -12.014468  -9.92641  -11.441834 -11.071446 -10.643812
 -10.261998 -10.10998   -7.805872  -7.227728  -9.22867   -9.784774
  -9.354066  -9.558342 -10.073846  -9.84724   -9.91394  -10.102614
  -9.206572  -9.0799    -9.4482    -9.232904  -8.738454  -8.909264
  -8.8624    -9.70775   -9.781642  -9.281044  -9.689596  -9.969678
 -10.02008   -9.196132  -9.78199  -10.04531   -9.49692   -9.857158
  -9.578584  -9.18836   -9.513624  -9.613616  -8.645248  -7.958064
  -8.010612 -10.886774 -10.91879   -9.296298  -8.723316  -8.111358
  -9.10397   -9.02886   -9.57087   -9.747364  -9.829666  -9.760472
 -10.31211   -8.853874  -8.60662  -10.268784 -10.7677   -10.37011
  -9.369146 -10.59979  -10.069902 -10.781156  -8.828702  -9.234064
  -8.880844  -9.156112  -9.851648 -10.108472  -9.540362  -9.236732
  -8.976718  -9.407716  -9.67092   -7.298256 -10.15899   -7.703676
  -6.09667   -8.551056  -7.84885   -7.424232  -7.259512  -5.753078
  -7.008024  -9.320774  -9.747828  -8.472582  -8.857296  -9.20344
  -8.759682  -9.793532  -9.518612  -8.156482  -8.371604  -8.889312
  -8.30676   -9.758326 -10.301322 -10.14768   -9.531952 -10.552288
  -8.565614  -8.087172 -10.77292  -10.551882 -10.04879  -10.981604
  -8.952764  -7.788182  -7.398596  -8.50657  -10.33386  -10.700652
 -10.047804 -10.45189  -10.24541   -7.326618  -5.971158  -6.306514
  -5.269242  -7.073274  -7.927208  -8.685558  -9.041794  -8.763626
  -9.040518  -7.232078  -7.61627   -9.414502  -9.65265   -9.069866
  -9.008328  -7.488148  -8.878466  -7.942462  -9.239574  -8.90996
  -8.489634  -7.701298 -10.077848  -9.200598  -9.96614   -9.314568
  -9.981336  -9.891668  -9.722424  -9.639136  -8.950676  -8.525362]"
22,"[-10.321854  -9.321122  -9.844746  -7.612384  -7.645734  -8.00197
  -9.35163  -10.951212 -10.226676  -9.134768 -10.82657   -9.657928
  -7.140322  -7.124372  -8.416786  -9.904486  -9.44733  -10.116302
  -9.32234  -10.836836  -9.143526  -9.763372  -9.901122 -10.57659
  -9.891668 -10.041424 -10.380956  -9.15008   -9.344322  -9.061978
  -9.049218  -8.826904  -9.547264  -8.924112  -9.11934   -9.557298
  -8.882526  -9.191956  -9.616226  -9.341016 -10.26223  -10.65634
 -10.87761   -9.890972 -10.450788 -10.771238 -10.903014 -10.284386
 -10.24338   -9.652418 -10.749952  -9.10078   -9.306622  -8.316678]"
23,"[-10.093682 -10.25991  -10.175288 -10.519518 -10.52062  -11.0113
 -11.161404 -10.300974  -9.774102 -10.43797  -10.462678  -9.669412
  -9.91336   -9.868874 -10.449222 -10.53831  -11.377222 -11.036414
 -10.63981  -11.295616 -10.395688 -10.548982 -11.28825  -11.177644
 -10.851568 -10.30631  -10.08301   -8.646292  -7.611688  -9.336434
  -8.181306  -7.57132   -8.253284  -7.58785   -8.278804  -8.906364
  -7.58002   -7.538608  -8.129106  -9.739012  -9.244156  -8.693504
  -8.738744  -9.316366  -7.554964  -6.907278  -8.994814  -5.63586 ]"
24,"[ -8.342082 -10.00558   -8.109502  -9.989166  -8.701276  -6.720982
  -7.509492  -7.97732   -8.100628  -6.164414  -6.959304 -11.138726
  -8.716124  -7.636744  -7.603046  -9.333244  -9.044404 -10.086084
  -9.804842  -9.461134 -11.718436 -11.1998   -11.035196 -11.795054
 -11.770114 -12.031346 -11.825852 -12.771252 -12.250296 -12.21828
 -11.544668 -11.322644 -11.904558 -11.002716 -11.30507  -10.82135
 -11.63944  -10.894082 -11.286278 -11.135478 -10.497362  -9.668542
 -11.161694 -11.046448 -11.08119  -11.218302 -11.358256 -10.671188
 -11.541652  -9.853736 -11.59739  -10.503046 -10.72275  -10.226038
  -9.407716 -10.00529  -10.411348 -11.643732 -11.89899  -12.54076
  -9.985802  -8.23542   -8.348288  -6.764192  -7.465296  -6.788204
  -9.6541    -8.714036  -8.45234   -8.40217   -6.84371   -6.451108
  -6.80224   -8.222196  -7.605076  -8.11797   -9.771376  -9.608512
  -9.25303   -9.80809   -9.405976 -10.11665   -9.68745  -10.216178
 -10.22308   -9.807336  -9.73472   -9.83941   -9.039822  -9.506026
  -7.809468  -7.418896  -9.464498  -9.616168  -9.05844   -9.34206
  -7.524108  -8.07186   -7.44807   -8.872202  -9.106696  -8.029984
  -8.284778  -7.488438  -6.957042  -7.223204  -7.719568  -7.703966
  -7.538434  -8.272424  -7.753034  -8.745878  -7.925758  -8.007944
  -8.390686  -8.886644  -7.440704  -8.133688  -7.692308  -6.611188]"
25,"[ -9.28667   -7.724614  -9.265152  -9.517742  -9.5787    -8.823018
  -9.346178  -8.290056  -8.872492  -8.167502  -8.399502  -7.16793
  -5.478042  -7.098736  -7.80912   -9.993226  -9.31335   -8.878118
  -8.792916  -9.168002  -8.661604 -10.134282  -7.975174  -7.818052
  -8.727202  -8.225502  -8.203752  -8.205028  -8.46191   -8.558132
  -8.970918  -9.409688  -8.8247   -10.085098  -8.939366  -8.850568
  -8.768672  -8.299452  -7.159404  -9.028628  -9.167248  -9.18546
  -8.373518  -5.928876]"
26,"[ -7.822344  -6.911512  -6.018138  -7.06788  -10.134108  -9.785122
  -8.21193   -8.820118 -10.666316  -9.203672  -9.997286  -9.58885
  -9.418098  -8.352348  -8.587886  -5.309494]"
27,"[ -9.852576 -10.645262 -10.36257  -10.889732 -10.369356 -10.642362
 -10.646654 -10.37997  -10.490808 -10.26861  -10.366456 -10.402242
 -10.303352  -9.3206    -8.786826  -9.415488  -8.554536  -9.396232
 -10.460184 -10.402648 -10.147274 -10.77437  -10.478918  -8.884846
  -9.907444  -9.112264  -9.882388 -10.0775   -10.6314    -9.888014
 -10.312458 -10.068684  -9.771724 -10.337282 -10.506816 -10.27441
  -9.750032  -9.81737  -10.488488  -9.799564 -10.166414 -10.59051
 -12.139806 -11.579352 -11.76066   -9.782802 -10.29703  -10.007668
 -10.812128 -11.070808 -10.373996 -12.287184 -10.464882 -10.671072
 -11.643558 -11.89029  -11.49212  -10.063986 -10.297958 -12.249832
 -11.018724 -11.400132 -11.743724 -10.829818  -9.861798 -11.660146
 -11.338188 -11.44688   -9.889754 -10.406824 -10.39331  -11.97468
 -11.412196  -9.853794 -10.7851   -10.939844 -11.802536 -10.236188
 -10.388032 -12.13128  -10.047108  -8.665316 -10.427994 -11.37525
 -10.79902  -10.918964  -9.78344  -11.055032 -10.858412 -10.755346
 -11.770056 -11.77661  -10.173896 -11.661364 -11.97613  -12.225008
 -10.007378 -10.185264  -7.517728  -7.062022  -7.833248  -8.126032
  -7.87031   -6.784666  -6.745864  -6.827354  -5.841934  -6.823874
  -6.382494  -7.147804]"
28,"[-11.02696  -11.29463  -11.656318 -10.68244   -9.787964 -10.400618
 -10.670376 -10.179812 -10.68795  -10.261824 -10.514588 -10.617306
 -10.2834   -10.059114  -9.758906 -10.569514  -9.765634  -8.941048
  -9.366304  -9.627942 -10.079356  -9.562054 -10.561858  -6.080778
  -5.652274  -9.555732  -6.648888  -7.779192  -8.363832  -8.359598
  -8.5956    -8.959028  -8.919414  -8.336456  -8.96593   -7.96775
  -8.37955   -8.297828  -6.707178  -6.114592  -6.565252  -7.279754
  -8.668158  -6.133442  -5.511682  -6.298336  -7.02815 ]"
29,[-6.062218]
30,"[ -6.250138  -8.174288 -11.114366 -10.463606 -10.042584 -10.3124
  -8.826382 -10.775646  -9.040808  -9.582586  -9.807046 -10.154756
 -11.308028 -10.968612 -10.757318 -10.06126   -8.97753   -9.3699
 -11.16152   -6.993756  -7.208762  -6.908554  -6.822946  -6.537818
  -7.827622  -7.73082   -7.270416  -8.174868  -8.334484  -7.779888
  -7.884926  -7.835568  -7.728616  -7.861668  -8.81223   -8.075456
  -6.59779   -8.61532   -8.058288  -7.352138  -7.73662   -7.08238
  -7.412342  -6.677192  -7.993038  -8.059274  -7.542784  -8.921096
  -9.772246 -10.308688  -8.081894  -5.776336]"
31,"[ -6.61548   -7.396972  -8.032536  -8.698376  -9.104782  -7.904472
  -8.11681   -8.248818  -9.054844 -10.590162 -10.06532   -8.325146
  -8.530524  -8.273816  -6.27763 ]"
32,"[ -8.423224  -6.605446  -6.994684  -8.460866  -8.820988  -8.417076
  -9.223624  -9.659668  -8.22005   -8.085838  -8.748894  -8.896388
  -8.016412  -9.7643    -8.152364  -7.934458  -8.186236  -8.406462
  -8.112808  -7.374352  -7.953482  -9.598014  -9.179196  -9.586704
  -9.412936  -9.182792 -10.231026  -9.40122   -9.404004  -7.96369
  -8.188092  -8.353334  -9.415024  -8.141692  -8.815884  -8.5173
  -8.305136  -8.562482  -8.356466  -8.163036  -8.328162  -8.524028
  -8.023778  -8.263956  -8.360642  -8.75104   -8.150624  -8.203288
  -8.119826  -8.643508  -8.462606  -8.627036  -8.450368  -8.632314
  -7.997794  -7.627348  -8.044484  -8.307688  -8.242148  -8.033986
  -8.230838  -9.293688  -9.633974  -9.699108 -10.527348 -10.456008
  -9.215156  -9.618024 -10.209392  -9.860174 -10.037306  -8.221326
  -7.213866]"
33,"[-8.801326 -9.865452 -9.475228 -7.888986 -9.70021  -9.828622 -9.409398
 -7.61598 ]"
34,"[-10.596078 -10.90313   -9.791734  -9.115338  -9.120152  -8.963262
  -7.649562  -7.227844  -9.054902  -8.7667    -8.73393   -8.17249
  -9.025438  -8.48801   -9.644124  -9.398958  -9.243634  -8.692576
 -10.401314  -9.499878  -8.994582  -7.863466  -7.844616  -5.874994
  -5.975566  -8.719082  -8.777082  -7.609252  -8.666128  -8.753592
  -8.560452 -10.447656  -9.606946 -11.203628  -8.976892  -8.98072
  -8.56399   -8.70174   -8.085258  -9.228844  -9.84289  -10.100468
  -9.326168  -8.633706  -8.831138 -10.32777  -10.728086 -10.311298
  -9.015868  -9.65816   -9.4163    -8.156714  -7.557864  -8.412958]"
35,"[ -9.508114  -9.415604  -9.49721  -10.038176  -9.689364  -8.79657
  -7.299822  -7.003036  -5.113396]"
36,"[ -8.989072  -9.119224  -9.177398  -9.103796  -9.32901   -8.78004
  -9.067836  -9.02712   -9.144106  -8.903754  -9.435962  -9.372742
  -8.709338 -10.251848 -10.618756  -8.84587   -9.175368  -8.264594
  -7.2007    -7.392158  -7.336536  -7.759182  -9.11644   -8.075166
 -10.21235  -10.002332  -8.606388  -6.90055   -8.8769    -9.497094
  -9.607004  -9.882562  -8.626166  -8.69623   -9.212488  -8.809098
  -9.393796  -8.513182  -6.840926  -9.384458 -10.208406  -8.304962
 -10.210842  -8.615784  -9.954946  -9.76778   -9.928498  -9.827694
  -9.35366  -10.03284   -9.9847    -9.683912  -9.454348  -9.614776
  -9.807394  -8.982228  -7.264442  -7.06643   -9.27884   -8.807706
  -6.83211   -7.339958  -8.068032  -9.725904  -7.221696  -8.385466
  -8.434244  -9.950538  -9.653868  -9.313756  -8.101092  -8.518402
  -9.375062  -8.865764  -9.220956  -9.369088  -8.504018  -8.940932
  -8.95549   -9.242474  -8.98159   -7.991472  -8.968366  -9.087614
  -8.329844  -7.700428  -8.770528  -8.69101   -8.776502  -7.16938
  -8.500306  -7.791952  -7.68268   -8.166806  -5.429438  -8.462316
  -7.805988 -10.385422  -8.900912  -8.491606  -7.784296  -8.947834
  -9.455972  -8.235826 -10.540108  -8.544096  -9.798752  -9.641804
 -10.067698  -8.107994 -10.03458   -6.289578  -6.041512  -8.490562
  -6.820452  -6.10624   -7.231846  -9.548308  -6.503598  -5.20898
  -5.720714  -7.538666  -8.705394  -6.37652   -5.686204  -8.079516
  -9.303026  -9.557878  -8.632836  -9.568898 -10.049022  -8.64229
 -10.263042  -8.99174   -9.389504  -9.372336  -9.694178  -8.994872
 -10.104934  -8.998642  -9.208834  -9.237544 -10.027214  -9.243692
  -9.722366  -9.245432  -7.95557   -8.372532 -10.261186  -8.180668
  -8.17017   -8.440566  -7.854592  -7.216766  -6.792322  -7.687668
  -8.44393   -8.129802  -7.8184    -8.637012  -6.832516  -6.368342
  -7.698108  -8.488648  -8.723432  -8.746922  -7.439254  -7.781164
  -7.364956 -10.35735   -8.991566  -8.535976 -10.397022  -8.144476
 -10.732204  -9.297748 -11.197016  -8.321144  -8.833342 -11.05741
 -10.341632  -9.686522  -9.471284  -6.789248  -7.076522  -5.800812
  -7.931268  -8.767454  -8.462084  -7.652172  -7.561808  -6.425356
  -8.139836  -8.060782  -7.511754  -9.05496  -10.251152  -9.296588
  -9.40441   -8.361918]"
37,"[ -9.676662  -9.552252  -9.043476 -10.380724  -9.802348  -8.640434
  -9.87131  -10.091884 -10.302192  -9.643138  -9.45226   -9.034138
 -10.055982  -9.839468  -8.917094  -9.875892 -10.318026  -9.836162
  -7.998258  -6.949328  -7.533272  -8.073194  -7.231324  -7.806742
  -7.97355   -5.53233 ]"
38,"[ -8.647858  -8.275092  -8.804342  -8.414524  -8.907524  -8.143142
  -8.688458  -8.431402  -8.375548  -8.974398  -8.215178  -8.530872
  -8.434012  -8.223124  -8.439058  -8.37462   -8.772732  -8.155728
  -8.852714  -8.017166  -7.802044  -8.26877   -9.48242   -9.8774
  -9.689016 -10.796758  -8.60981   -5.268546]"
39,"[-11.257278 -10.765844 -10.85934  -11.301822 -11.411616 -11.400306
 -10.411522  -9.755368 -11.056192 -10.634126 -10.970468 -11.70527
  -9.958774 -11.02116  -10.2892   -10.432924  -9.340088  -8.965176
  -9.456146 -10.047282 -10.617074 -10.237348  -8.972542  -8.098888
  -8.548388  -8.328858  -8.21657   -8.55152   -7.71632   -7.593418
  -8.892502  -8.653774  -8.646466  -9.032224  -8.193834  -8.4361
  -8.413944  -8.153002  -9.315728  -7.940084  -8.019544  -7.261194
  -8.203114  -8.617118  -8.999164  -7.99646   -8.885194  -9.148572
  -9.532416  -8.230954  -6.990566]"
40,"[ -9.88697   -9.875312 -10.285082  -8.709396  -9.453594 -11.060368
 -12.436998 -12.217874 -12.392802 -12.749386 -12.561756 -11.81402
 -12.144214 -11.557196 -11.583818 -11.931644 -12.051704 -12.836908
 -12.045034 -12.324362 -12.731696 -11.042098 -13.312392 -11.531908
 -10.815492 -10.617712 -10.097336 -10.19611   -9.723352 -10.1877
  -8.971208  -8.916108  -8.812926  -8.297016  -8.742108  -6.205594
  -8.318708  -7.20592   -9.068068 -10.430546  -8.607142  -9.168814
  -9.143352  -8.117042  -7.024844  -8.904508  -9.998156  -9.223566
 -10.470276  -8.914716 -10.734756 -11.904268 -11.588168  -9.099388
 -10.809924  -9.39658  -10.280674  -7.720264  -7.194088  -7.852098
  -7.779018  -8.146274  -8.723258  -7.999012  -9.143758  -9.31161
  -8.419686  -8.871448  -8.627326  -7.705358  -8.554246  -9.604394
  -9.791096  -9.130476  -9.128794  -8.008698  -9.13761   -9.739824
 -10.247208 -10.21003   -9.105304  -9.828738  -9.870324  -9.271532
  -9.803566 -10.430662  -9.950538  -9.478128  -9.686348  -9.646676
  -9.301576  -9.952394  -9.963472 -10.34749   -9.798868 -10.130454
  -9.877168 -10.096292 -10.207652 -10.157888  -9.01262   -8.244816
 -10.514588  -6.357612  -7.813412  -9.215388  -9.874732  -9.386894
 -10.009408 -11.016636 -11.089774 -10.549504  -8.31517   -7.55798
  -9.174672 -11.29057  -10.918326 -10.746646 -10.64474  -10.725824
 -10.419178 -10.015846 -10.584246 -11.170684 -10.440464  -9.18111
  -8.68434  -11.231584 -11.184024 -11.145512 -10.940192  -9.984468
  -7.122632]"
41,"[-12.56309  -12.501784 -12.756752 -12.723286 -12.62979  -12.78639
 -12.1162   -12.774268 -12.407244 -12.953894 -12.415422 -12.358292
 -12.724504 -12.110342 -12.53467  -12.952734 -13.106666 -12.471682
 -12.060694 -12.35516  -12.869388 -12.860166 -12.059418 -12.746196
 -12.270422 -12.29832  -12.32239  -12.570978 -13.050638 -12.870374
 -12.781692 -11.940344 -12.793582 -12.81771  -12.801122 -12.529914
 -12.80234  -12.653106 -12.490648 -12.911032 -12.77479  -12.75739
 -12.873216 -11.708982 -12.261316 -13.010966 -12.49755  -12.563264
 -12.382942 -12.515124 -12.734248 -12.14984  -12.798976 -12.539426
 -12.859992 -12.533162 -12.468376 -12.648234 -12.885164 -12.482528
 -12.734596 -12.563438 -12.969206 -12.634952 -12.993914 -12.785172
 -13.037182 -12.508048 -12.717544 -12.983416 -12.342516 -12.191484
 -13.172438 -12.634546 -12.47928  -12.52626  -12.721256 -12.21683
 -12.577474 -12.361656 -11.982394 -12.770382 -12.099902 -12.29571
 -11.69628  -12.182262 -12.906682 -12.940322 -13.151268 -12.75043
 -12.281616 -12.980458 -12.883598 -12.291592 -12.151928 -12.863646
 -12.711976 -12.698462 -12.953372 -12.738888 -12.776472 -12.718588
 -12.798106 -12.882844 -12.69765  -12.656876 -12.324652 -12.366644
 -12.679902 -12.675378 -12.862254 -12.53177  -12.872056 -12.674102
 -12.87107  -12.798918 -12.54192  -12.533046 -12.800716 -12.792712
 -12.69417  -12.86295  -12.80843  -12.567382 -12.430734 -12.29687
 -12.615174 -12.993856 -13.016186 -12.75884  -12.352086 -12.806168
 -12.362178 -12.238754 -11.892378 -12.616508 -12.726824 -12.817768
 -12.549402 -12.17594  -12.486878 -12.276512 -13.014968 -12.429574
 -12.666446 -12.806632 -12.55497  -12.877798 -13.024132 -12.914222
 -12.477946 -12.97982  -12.819334 -12.806458 -12.806458 -12.580026
 -12.47493  -12.596092 -12.968394 -12.72607  -12.433402 -12.765162
 -12.623526 -12.482702 -12.674566 -12.924778 -12.690922 -12.666156
 -13.002672 -12.587102 -12.401154 -12.91051  -12.341762 -12.485892
 -12.626252 -12.897634 -12.726882 -12.535482 -11.916912 -12.028562
 -13.05348  -12.54656  -13.098778 -11.87492  -12.591162 -12.32906
 -12.864864 -12.8151   -12.955228 -12.707278 -12.403358 -12.903666
 -13.037878 -12.75188  -12.016034 -12.885512 -12.824496 -12.844274
 -12.981618 -12.682976 -12.24902  -12.641622 -13.00998  -12.650206
 -12.48827  -12.970714 -12.897344 -12.322912 -12.88267  -12.460778
 -12.472726 -12.286604 -13.00911  -12.470464 -12.752866 -12.623062
 -11.526282 -12.787956 -12.29049  -12.664938 -11.838728 -12.179942
 -11.700224 -12.528986 -13.08683  -13.072156 -12.939452 -12.811272
 -12.40591  -12.422614 -12.24438  -12.6875   -12.553404 -12.11939
 -12.630602 -12.72781  -12.732856 -12.988114 -13.067284 -12.943628
 -12.420178 -12.253196 -12.644522 -12.634256 -12.35719  -12.98881
 -12.803442 -12.66633  -12.824264 -12.790624 -12.396224 -12.199198
 -12.77334  -13.053016 -12.94473  -12.244844 -12.583332 -12.946818
 -12.434446 -12.109994 -12.825772 -12.929186 -12.72752  -12.32587
 -12.592612 -12.86701  -12.700028 -13.028888 -12.858774 -12.45695
 -12.810054 -12.308992 -12.731696 -12.950878 -12.823104 -12.601312
 -12.96532  -12.638026 -12.736046 -12.674798 -12.774674 -12.820842
 -12.640462 -12.673058 -12.557464 -12.775718 -12.899142 -12.770382
 -12.781576 -12.824032 -12.636112 -11.780554 -12.835342 -12.575676
 -12.839518 -12.589306 -12.736452 -12.857614 -12.611636 -12.971236
 -12.878494 -13.004354 -12.810112 -12.75362  -12.729782 -11.672848
 -12.834472 -12.734016 -12.689472 -12.805182 -12.705538 -12.065392
 -12.862138 -12.88383  -12.58774  -12.175302 -12.603632 -12.442682
 -12.68141  -11.811468 -12.624222 -12.645914 -12.91109  -12.20291
 -12.768758 -12.949486 -12.444828 -12.449062 -12.580838 -12.843926
 -12.433924 -12.961666 -12.692488 -12.53032  -12.496854 -12.123682
 -12.726708 -12.880756 -12.866604 -13.056496 -12.90239  -12.601718
 -12.742658 -12.383696 -13.023494 -12.046194 -12.385204 -12.600268
 -13.080566 -12.76348  -12.671608 -12.395586 -12.557928 -12.738714
 -12.707568 -13.1254   -12.724446 -12.935624 -12.47783  -12.195428
 -12.9717   -12.890152 -12.816144 -12.397094 -12.511992 -12.602356
 -12.929592 -12.351042 -12.84439  -12.685006 -12.776298 -13.140074
 -12.675204 -12.76435  -12.901636 -12.681236 -11.786876 -12.658848
 -12.986142 -11.422288 -12.491634 -12.149376 -12.261026 -12.805878
 -12.5599   -12.741382 -12.539484 -12.64748  -12.716384 -12.430792
 -12.531074 -12.833486 -12.629558 -12.950588 -12.846014 -13.118904
 -12.65502  -12.258996 -12.73477  -12.325348]"
42,"[-10.224472  -9.944216  -9.545176  -9.43138   -9.688494 -10.488198
 -10.096988 -10.440696 -10.532336 -10.098728  -9.896366  -9.937836
  -8.982228 -10.696998  -9.462642 -10.042874  -9.927918  -9.465948
 -10.005058  -9.086338 -11.25664   -9.724802 -10.225632 -10.017876
 -10.265072  -9.792604  -9.76807  -10.272322  -9.88001   -9.678576
 -10.10534   -9.87363  -10.09751  -10.578272  -9.003978  -9.832856
  -8.83572   -9.531836  -9.564084 -10.265188 -10.213104  -9.659494
  -9.443096  -8.681498  -7.875182  -7.701414  -8.000172  -6.76164
  -5.530184  -6.346882  -7.091544 -10.523752  -9.500168 -10.166356
 -11.142496 -11.614268  -9.917594 -11.019072 -10.546488 -10.56325
 -10.855338 -10.111546 -10.586392 -10.49945   -9.914984  -9.571624
 -10.875348 -11.48458  -10.848204 -11.734792 -11.266384 -10.722402
 -10.559016 -11.705734 -10.838286 -10.159222 -10.062072  -9.735416
  -8.639796  -9.17879   -8.444162 -10.418192  -8.982576  -9.321818
  -8.97579   -7.723512  -9.31422  -11.410514 -11.357502 -10.092348
  -9.240096  -8.41696   -9.560198  -8.08056   -8.471712  -9.73849
 -10.016136  -9.80693  -10.034638  -9.274838  -8.308848  -9.229192
  -9.33133  -10.194022 -10.601936  -9.286438  -8.49062   -9.608918
 -10.309152  -9.46444  -10.045542 -10.4168   -10.064566 -10.34894
  -8.846102  -8.197256  -8.804226  -8.56979   -9.069228  -7.731516
  -9.184474  -8.137226  -7.645328  -9.07787   -7.003268  -7.364956
  -9.6889    -6.428082  -5.091356  -5.422246  -5.073318  -6.092436
  -7.606874]"
43,"[ -7.61453   -7.585124  -7.919958  -7.653216  -7.945478  -8.15248
  -8.63475   -7.823156  -7.543248  -7.404338  -6.941846  -7.147514
  -7.191362  -7.223436  -8.594034  -7.95992   -8.351188  -7.923206
  -7.69486   -9.735126  -8.347998  -9.301344  -9.599174  -9.255466
  -9.949262  -9.915622  -9.45574   -8.327698  -9.013606  -9.065922
  -9.244968  -9.319498  -9.621156  -9.201584  -9.087962  -9.633858
  -9.36961   -9.377498  -9.808728  -9.99601   -9.836742  -9.572552
  -9.687334  -9.18314   -9.701834  -9.96266   -9.505562  -9.629044
  -9.542566 -10.114852  -9.8165    -8.959376  -8.849582  -5.77071
  -6.353784  -5.671356]"
44,"[ -9.522324  -9.145846 -10.053082  -9.553586  -9.732864  -9.721902
 -10.117578  -9.631364  -9.394898  -9.785122  -9.581716  -9.0915
 -10.043744  -9.722598 -10.0891    -9.800724 -10.106848  -9.22751
  -9.826824 -10.043454  -9.242822  -9.953206  -9.589372 -10.079878
  -9.999316  -9.837496 -10.123958  -9.560778 -10.412798 -10.110908
 -10.21641  -10.099656 -10.419758  -9.851938 -10.145998 -10.275048
 -10.110618  -9.951698  -9.998736 -10.463548  -9.178442  -9.254306
  -9.757804  -9.866612 -10.164152  -9.973158  -9.834886  -9.93047
  -9.456842  -9.412878  -9.926526 -10.225284  -9.318802  -9.69325
  -9.5294    -9.734778  -9.660422  -9.700268 -10.280326  -9.11499
  -8.811766  -9.018246  -9.026714  -8.805618  -8.874522  -7.900064
  -6.546982]"
45,"[-10.92082   -9.956106 -10.444002 -10.090318 -10.582506  -9.611296
 -10.871172 -10.286126 -10.380898 -10.279688 -10.757434  -9.45168
  -9.869628 -10.464708 -11.517292  -9.796432  -9.828564  -7.784934
  -8.565092  -7.065386  -7.697702  -9.353196  -8.29458   -9.16748
  -9.097822 -10.77843  -10.210958  -9.662626  -9.209936 -10.328988
  -9.815108  -9.065168 -10.391454  -9.691916 -10.021878  -9.917942
  -8.586958 -10.190136  -9.94526  -10.032434  -9.414096  -9.291426
  -9.41079   -9.867424  -9.417924  -9.499762  -9.381848  -9.031296
  -8.90416   -9.147992  -8.642    -11.07075  -10.250862 -10.206956
  -9.333824 -10.457284  -9.62626   -9.281508  -9.28232   -7.856042
  -6.529118  -7.451666  -7.490004  -7.930572  -9.55434   -9.083902
  -8.41406   -8.089318  -9.624694  -8.748778  -7.44198   -7.760168
 -10.387336  -9.205006  -8.586146 -10.211074 -10.685572 -10.987752
 -10.09519  -10.746414  -7.848908  -8.677438  -8.247716  -7.850126
  -6.893764  -5.959906  -7.22216   -7.368552]"
46,"[ -9.135638  -9.18836   -9.532648  -9.742202  -9.282146  -9.39281
  -9.277506  -9.37541   -9.601552  -9.318802  -9.149268  -9.34293
  -9.449128  -9.366014  -9.529516  -9.597434  -9.375584  -9.301808
  -9.476214  -9.2626    -9.394086  -9.372742  -9.306506  -9.762038
  -9.557298  -9.054612  -9.197176  -8.907814  -9.281508  -8.859094
  -9.590532  -9.161216  -9.18517   -9.384806  -9.280638  -9.49721
  -9.417518  -9.355458  -9.391708  -9.849734  -8.32996   -9.511072
  -9.062036  -9.014418  -9.528878  -9.359228  -9.132158  -8.960536
  -9.112032  -8.71189   -9.172062  -9.044346  -9.43399   -9.153792
  -9.090166  -9.41717   -9.203846  -9.521338  -9.11267   -9.658682
  -9.503532  -9.323094  -9.575916  -9.381848  -9.391186  -9.1698
  -9.259004  -9.371582  -9.08425   -9.299488  -9.320658  -9.472502
  -9.277738  -9.051828  -9.22316   -9.437934  -8.882526  -8.820988
  -9.378484  -9.575974  -8.897722  -9.265906  -9.251522  -9.36932
  -9.175484  -9.393042  -9.146252  -9.264282  -8.908278  -8.654528
  -9.400524  -9.57348   -9.231744  -9.02625   -9.40818   -9.238704
  -8.925388  -8.962508  -9.23882   -9.310102  -9.241372  -9.46618
  -9.359286  -9.439674  -9.497384  -9.49779   -9.299372  -9.10861
  -9.347976  -9.28928   -9.430452  -9.711346  -9.31161   -9.35975
  -9.473198  -9.721554  -9.571334  -9.496224  -9.085642  -9.424072
  -9.239226  -9.521976  -9.568086  -8.99319   -9.262368  -9.429698
  -9.358184  -9.403888  -9.560662  -9.348788  -8.900158  -9.409224
  -9.60074   -9.33597   -8.916514  -9.449012  -9.400872  -9.55231
  -9.25912   -9.450868  -9.334056  -9.40702   -9.449824  -9.490482
  -9.20924   -9.380746  -9.49663   -9.406672  -9.433178  -9.27507
  -9.505852  -9.287772  -8.681846  -9.404236  -9.054728  -9.41862
  -9.475866  -9.292354  -8.938786  -9.357894  -8.878002  -9.435498
  -9.295718  -9.411022  -9.325182  -9.274258  -9.127576  -9.34235
  -9.158316  -9.335796  -9.491468  -9.782686  -9.469022  -9.186272
  -9.24317   -9.277042  -9.08715   -9.454     -9.53549   -9.904486
  -9.840976  -9.822764  -9.404932  -9.417286  -9.187722  -9.791966
  -9.52476   -9.084482  -9.378948  -9.448316  -9.418852  -9.582122
  -9.579918  -9.36468   -9.517974  -9.471806  -9.082104  -9.373206
  -9.425754  -9.722076  -9.549294  -9.499762  -8.920168  -8.853352
  -9.53462   -9.478882  -9.387532  -9.344728  -9.173512  -9.612862
  -9.142482  -9.246534  -9.55753   -9.264862  -9.009198  -9.32553
  -9.170612  -9.32147   -9.317062  -9.003456  -9.352558  -9.419548
  -9.632524  -9.804494  -9.463222  -9.225016  -9.428016  -9.555906
  -9.585254  -9.31567   -9.614196  -9.467282  -8.877132  -8.881656
  -9.361374  -9.56333   -9.410442  -9.607236  -9.48039   -9.351166
  -9.134246  -8.910888  -9.112902 -10.188686 -10.767004 -11.385922
 -10.406534 -10.708714 -11.289816 -10.541616  -7.506824  -6.536542
  -7.718176  -6.411958  -8.294116  -8.006784  -7.533098  -8.983098
  -9.849386 -11.058918  -8.976892  -8.949168  -7.445344  -5.149008]"
47,"[-10.938336 -12.682048 -10.967626  -9.671906 -10.324464 -10.27789
 -11.711824 -11.904326 -12.325348 -12.07067  -12.965842 -13.186938
 -13.527978 -11.78183  -12.116548 -13.251434 -12.683034 -13.431408
 -13.006036 -12.944962 -13.294296 -13.362736 -12.912192 -12.686688
 -12.968046 -13.188156 -13.198074 -13.377062 -12.865328 -13.127082
 -13.262222 -10.942048 -12.895894 -13.06827  -12.567266 -12.447786
 -12.93893  -13.197958 -13.073664 -12.798976 -12.69069  -12.326682
 -12.316242 -12.690342 -11.500008 -11.553948 -12.751532 -13.116642
 -13.201902 -12.765742 -12.666446 -13.287568 -13.053828 -12.375402
 -11.857288 -12.985214 -12.595976 -12.674624 -12.621206 -12.666388
 -11.965864 -13.377526 -13.166754 -12.995538 -12.50509  -12.937886
 -13.258278 -13.478968 -13.20196  -13.057308 -12.697882 -12.471972
 -12.727288 -11.917492 -12.131454  -9.148224  -8.916282  -8.122436
  -8.778764  -9.797302  -9.357256  -8.28907   -9.437354  -9.595984
  -8.598906  -8.638752  -9.725904  -8.950734  -9.988122  -9.935458
 -12.805356 -13.134158 -12.811388 -12.730188 -11.776842 -10.381942
 -10.936538 -10.399284 -12.022298 -10.156148 -10.055866  -9.668484
 -10.330844 -10.936016 -12.308064 -11.283378 -13.638816 -13.445618
 -12.66923  -12.568658 -11.86187  -12.320882 -11.625462 -11.89725
 -12.504568 -13.247374 -13.204454 -13.054234 -13.071576 -12.70403
 -12.785578 -13.283334 -13.205788 -11.382732 -12.274714 -12.392048
 -12.62196  -12.896184 -12.478932 -12.31369  -13.144076 -13.74919
 -13.56214  -13.249636 -13.391504 -13.160258 -13.369812 -13.237514
 -13.85359  -12.37691  -13.237572 -13.520206 -13.332866 -12.70664
 -12.279702  -9.476968  -8.131716  -8.2476    -9.328604 -11.334418
 -13.22545  -12.83076  -12.309166 -13.079464 -12.549402 -12.746718
 -12.870606 -13.113452 -13.149006 -13.145758 -12.537106 -12.861442
 -13.469166 -13.387792 -11.923988 -12.067944 -12.590408 -12.936146
 -12.04167  -12.518604 -13.226842 -12.929476 -12.989042 -12.287242
 -12.90413  -12.850016 -12.234578 -13.135492 -12.120144 -11.05045
 -12.837546 -12.148216 -12.719632 -12.729202 -12.89862  -12.634488
 -12.94444  -12.520344 -11.058918  -8.513472  -5.561968]"
48,[-5.65239]
49,"[ -8.98739   -9.56884   -9.212894  -9.141264  -9.434222  -9.87914
  -9.832856  -9.889174  -9.739186  -9.7411    -8.782012  -9.525804
  -9.424652  -9.87247   -9.95976   -9.373148  -9.559734  -8.840012
  -8.711658  -9.188476  -9.128968  -9.824678  -8.941164  -9.607178
  -9.80577   -9.318396  -9.072708  -9.589488  -8.548678  -9.511826
  -9.582528  -9.34554   -9.267588  -9.643602 -10.042584  -9.4714
  -9.234644  -9.245954  -9.233426  -9.2945    -9.320832  -9.203962
 -10.04647   -9.417808  -9.377034  -9.545234  -9.488858  -9.399654
 -10.391918  -9.945956  -8.4883    -8.488358  -9.305346  -9.209588
  -9.426276  -9.394028  -9.245664  -9.564258  -9.45603   -9.891726
  -9.085468  -7.718466  -9.694526  -9.505562  -9.384748  -8.54572
  -8.591018  -8.88734   -8.949922  -7.935908  -8.93142   -8.644088
 -10.005232  -8.005566  -9.8977    -9.28638   -8.110604  -8.986868
  -9.99282   -8.959608  -9.048     -9.394376  -9.952974  -9.501734
  -9.269966  -9.414096  -9.46705   -9.41717   -9.068648  -8.504772
  -9.28435   -8.632662  -9.133318  -8.965582  -8.596296  -9.815456
 -10.212002  -8.959608  -8.807358  -9.438108  -9.094284  -9.922292
  -9.63003   -8.98768   -9.021784  -9.073694  -7.341988  -9.424826
  -8.637592  -8.17945   -9.269676  -8.72146   -8.24905   -7.228076
  -8.038684  -8.8943    -8.867794  -8.726158  -9.030426  -8.372068
  -8.564918  -8.838678  -6.680556  -7.327488  -6.645176  -5.676286
  -5.565506  -6.283778  -6.71669   -6.589438]"
50,"[-10.725824 -10.383218  -8.69275   -8.740368  -9.820212  -9.527196
  -9.322978  -9.109944  -9.2336    -9.561706  -9.381326  -9.395652
  -9.175484 -10.334208  -9.207094  -8.081082]"
51,"[ -9.250362  -8.52223  -10.094204 -11.28941  -10.52352  -10.349056
 -10.409724 -11.643558 -11.747552 -10.985316 -10.84977  -10.593178
 -10.06271   -9.753686 -10.404214 -10.06039   -8.13566   -8.784274
  -8.18264   -7.445808  -5.891176  -6.17149   -8.334368  -7.890436
  -9.371582  -9.176702  -9.626144 -10.960202 -10.355726 -11.021914
  -9.90814  -10.410768 -10.517662 -10.976384 -10.494346  -9.472502
  -9.43138   -9.57609  -10.573342 -11.032122  -9.445126  -7.608092
  -9.813252  -9.125662  -9.64975   -9.735764  -9.775842  -9.78837
  -9.088716  -9.435614  -8.41435   -9.61901   -8.144824  -9.404526
  -9.032978  -9.531256  -9.701718  -9.483232  -9.036226  -8.74466
  -8.402982  -9.306216  -7.58698   -5.999868  -6.179146  -8.233796
 -10.577054  -9.75154  -10.96055   -9.390896  -9.429988  -9.65671
  -9.227452  -8.902362  -8.08694   -8.283328  -8.543574  -8.628196
  -8.55674   -7.889566 -10.769266  -9.977798  -9.60306  -10.295928
  -8.877596  -9.51751   -9.801536  -9.427494 -10.33386  -11.393636
 -10.614464 -11.104332  -9.799564 -11.406396 -10.910902 -11.097778
 -11.124168 -10.722634 -10.326494 -10.364136  -9.32582  -10.232592
 -10.217802 -10.515922 -10.50148   -9.60567  -11.484058  -9.43428
  -8.694258  -9.234818 -10.082024 -10.306658 -10.533496 -11.11541
 -10.737598 -10.143852 -11.745116 -10.899766 -11.391142 -10.672174
 -10.419816 -10.725824 -10.15638   -9.62974   -9.533228  -9.855302
  -8.393876  -9.323616  -8.78816   -9.097996  -9.114062  -8.975036
  -8.883802  -9.227916  -8.723954  -8.257866  -9.481086  -9.428712
  -9.849676  -8.292492  -9.575626  -8.6101    -8.657138  -8.646292
  -9.984004  -8.444974  -9.489206  -9.46473   -8.560046  -9.40209
  -8.653194  -9.270894  -9.286844  -8.774356  -9.525572  -8.621932
  -8.896968  -9.650736  -9.750902  -8.929042  -8.759914  -8.757942
  -9.247462  -8.184496  -8.834908  -9.19996   -8.15625   -9.56739
  -8.68753   -9.054032  -8.716066  -8.835024  -9.384864  -8.909554
  -9.041968  -9.291426  -8.889196  -9.305462  -9.488974  -8.380188
  -9.098808  -9.204716  -8.879626  -9.631016  -8.599776  -9.407948
  -8.51788   -9.88871   -8.49903   -9.1495    -8.796802  -8.263492
  -8.956012  -8.419164  -8.891864  -9.325878  -8.530408  -9.14109
  -8.65012   -8.611724  -9.192072  -9.501328  -8.726448  -9.217302
 -10.492026  -9.40818  -10.587436 -11.368    -10.939554 -10.572936
 -10.305846 -10.057896  -9.582586  -8.716298 -10.831152  -9.393854
 -10.525434 -10.343488 -10.953416 -11.75602  -10.646886 -10.885034
 -10.084576 -10.866184 -10.17349   -9.400814 -10.768106 -10.749836
 -10.818102 -10.49162  -11.685028 -10.410942 -11.591996 -11.366782
 -11.21691  -10.188338 -10.813636 -10.558494 -10.900462 -11.2114
 -10.752388 -11.384356  -9.4627    -9.38904   -8.54891   -7.564244
  -5.965242  -6.549418  -8.211234  -7.983468 -10.01283   -9.992704
 -10.259214 -10.269944  -9.8252    -8.975616  -8.013396  -7.60003
  -7.42139   -7.026468  -8.670362  -9.027642  -9.698354  -9.065458
  -8.29661   -7.41878   -8.777314  -7.857086  -8.771398  -8.66636
  -8.322594  -7.657334  -7.444706  -9.137842  -8.650236  -8.42972
  -8.854512  -9.43399   -7.635352  -8.354204  -9.151704  -8.44422
  -8.615842  -8.770296  -6.898462  -8.818262  -8.043672  -8.947428
  -7.666904  -6.724752  -9.60944   -8.162862  -8.560974  -8.780678
  -7.93672   -9.507244  -9.317294  -9.143004]"
52,"[-11.233498 -10.814854 -10.017354 -10.4023   -10.638128 -10.678554
  -9.691684 -11.281754 -10.682498 -10.936074 -10.294594  -9.48677
  -9.262484  -9.68397   -9.75676   -9.29711   -8.95578   -8.0417
  -9.513392  -9.166204  -9.238066  -9.190912  -9.010068  -8.24557
  -6.096438  -6.965916  -7.154938  -7.530662  -9.014766  -8.667926
  -9.295312  -8.991856  -9.071316  -8.600298  -9.208254  -9.591808
  -9.08396   -8.664736  -8.689676  -9.204136  -8.846392  -8.630226
  -8.534932  -8.693156  -9.422564  -9.333012  -8.10956   -8.7696
  -7.854708  -7.858652  -9.114874  -8.498392 -10.507512  -8.233738
  -9.578758 -10.00355   -8.839374  -8.68985   -9.409398  -9.725672
 -10.104876 -10.614232  -9.295544  -9.358242  -9.330054  -9.243286
  -9.313292  -9.33539   -9.161042  -9.452608  -9.334868  -9.53781
  -9.440196  -9.316018  -9.814006  -9.228148  -9.093936  -9.707982
  -9.306448  -9.26695   -8.648438  -9.320368  -9.117658  -9.306274
  -9.375526  -9.54912   -9.168756  -9.675212  -9.338406  -8.738048
  -9.400872  -8.925272  -9.49489  -10.456008  -9.160114  -9.517858
  -9.505678  -9.914346  -9.587922  -9.733502  -9.666222  -9.949378
  -9.719292  -9.431902  -9.263992  -9.57348   -9.837322 -10.028142
  -9.55521  -10.004304  -9.752874  -9.730892  -9.357488  -9.168698
  -9.12949   -9.40528   -8.818436  -9.017028  -9.256336  -8.993016
  -9.387532  -9.360504  -9.110466  -9.379238  -9.517742  -8.783114
  -9.458814  -9.31451   -8.82876   -9.282668  -9.187316  -9.205644
  -9.6918    -9.69615   -9.926236  -9.315322 -10.033478  -9.166378
  -9.602422 -10.285314  -9.067082  -8.992842  -9.636352  -8.866808
  -9.440022  -9.509738  -9.403366  -9.125488  -9.313002  -9.392926
  -9.189578  -9.46792   -9.26608   -8.8566    -9.812962 -10.056504
  -9.664076  -9.745566  -9.297284  -9.536186  -9.06076   -9.369146
  -9.505272  -7.978016  -9.034718  -9.392114  -9.477374  -9.445938
  -9.466876  -9.196248  -9.296762  -8.827426  -9.580788  -9.04046
  -9.093414  -9.1756    -8.833458  -9.33974   -9.343394  -9.033848
  -9.68368   -9.780308  -9.020914  -8.9987    -8.933856  -9.79475
  -8.7435    -7.805582  -9.453594 -10.5531    -8.741354  -8.167502
  -9.647488  -8.686892  -9.194044  -9.78199   -9.6918    -9.445764
  -9.31306   -9.233832  -8.874058  -9.631596  -9.398842  -8.77975
  -9.459394  -9.445648  -9.106232  -9.36584   -9.243054 -10.153422
  -9.76546  -10.548518  -9.458814  -9.00102   -9.410326  -8.993306
  -9.895844  -8.920458  -9.292586  -8.886238  -7.845254  -9.026018
  -9.659726  -8.796222  -8.08433   -9.398494  -8.514284  -9.683854
  -8.966974  -9.30958   -9.794402  -9.601668  -9.912954  -9.979364
  -9.992124  -9.515712  -9.18546   -8.371546  -7.06933   -8.884614
  -8.480702  -6.250834  -5.853824  -7.590518  -7.593534  -8.875508
  -8.080734  -8.132064  -7.001006  -6.997584  -7.753556  -8.93345
  -8.818146  -7.458278  -5.491846]"
53,[-5.83567  -5.970636]
54,"[ -8.415162  -9.965966  -8.710498 -10.379216  -9.39687   -8.679004
 -10.430778 -11.193536 -10.017702  -8.59009   -9.192014  -7.814282
  -7.67514  -10.274932  -9.148862  -8.707888  -8.775516  -7.887942]"
55,"[-10.590162 -10.46204   -9.414676  -7.559604  -6.578244  -7.221
  -9.317526  -8.501118  -6.114128  -6.312778  -6.8179   -10.133528
 -10.168966  -8.247426  -9.774624  -9.47343   -9.09904   -9.073984
  -9.402844  -9.128388  -9.60306   -8.388366  -9.402148 -10.929868
  -9.172294 -10.942164 -11.029222 -10.936596 -10.40027  -10.573574
 -10.220876 -11.086642  -9.897294 -11.324442  -9.997228  -9.698586
  -9.668252 -10.212118 -10.415292 -10.96142  -10.302424 -10.359032
  -9.529806 -10.662314 -10.600486 -10.652106 -10.469    -10.332526
  -9.727528  -9.10165  -10.508962 -10.873434 -10.993146 -11.119412
 -11.136464 -10.951676 -11.232918 -10.652164 -10.782896  -9.62191
  -9.281624  -8.767164  -9.733734  -8.50628   -8.366384 -10.031796
 -10.84629  -11.19835  -10.746008 -11.027134 -10.869084 -11.23257
  -9.978726 -10.79409   -9.927106  -9.889928 -10.718632  -8.811418
  -7.851112 -10.033304  -9.223334  -9.582064 -10.306542 -11.799578
 -11.588632 -11.303968 -10.490054 -11.570884 -11.787398 -11.484754
 -11.561372 -11.393404 -11.753526 -11.625404 -11.817558 -12.006754
 -11.848762 -11.109958 -10.89472  -11.641296 -10.977254 -11.159258
 -11.46196  -11.269922 -11.066632 -11.292368 -10.983982 -11.17486
 -10.832834 -10.828832 -11.036762 -11.104622 -11.304896 -10.930332
 -10.743746 -11.846558  -9.097416 -11.141742 -10.889674 -10.866938
 -10.701812 -10.839214 -10.963392 -11.308898 -11.143772 -11.080726
 -10.63691  -11.381224 -11.481332 -11.707996 -11.71803  -11.731196
 -11.617806 -11.11773  -11.348918 -11.45326  -11.205136 -11.292774
 -11.55534  -11.448562 -10.720952 -11.645936 -11.199104 -10.644392
 -10.775646 -11.43441   -9.887202 -10.695606  -9.638208 -10.071004
 -11.120224 -10.934508 -11.679924  -9.639368  -9.516698 -10.708482
 -10.52207   -8.670188  -7.176456  -8.25775   -9.097184  -8.734742
  -8.443582  -8.35229   -9.621504  -8.530466  -8.634924  -8.443756
  -7.889856  -7.895946  -8.48163   -9.339856  -8.657312  -8.830442
  -9.082278  -8.781432  -9.504866  -9.552368  -8.650526  -9.545234
  -9.492976  -9.13993   -9.182444  -8.433142  -9.36932   -9.250014
  -9.806408  -8.938206 -10.381594  -9.238182  -9.19068   -8.671522
  -9.644762  -9.198916  -9.339856  -9.607932  -8.511036  -9.468674
  -8.619438  -8.800862  -9.790632  -8.82238   -9.720104  -9.51751
  -9.592678  -9.72834   -9.97658   -9.8774    -9.662278  -9.565592
  -9.781932  -9.401162 -10.025416  -9.688088  -9.844688  -9.726368
  -9.751656  -9.526558  -9.595114  -9.532126 -10.001636 -10.326726
  -9.98876   -9.877226 -10.01428   -9.370364  -9.297284  -9.757398
  -9.608338 -10.27064  -10.31037  -10.686036  -9.90234   -9.514262
  -8.923474  -9.364796  -9.41514   -9.309812  -9.64627   -8.866576
  -9.44298  -10.379448  -8.57095   -9.91278   -9.908662  -9.430278
  -9.768302 -10.102208  -9.590822 -10.054822  -9.765286  -9.797476
  -9.455276  -9.633974 -10.1239    -8.628312  -9.530386  -9.721322
  -9.930296  -9.724976  -9.452608  -9.705314  -9.61843  -10.020428
 -10.081502 -10.087998  -9.518554  -9.46705   -9.857738  -9.963994
  -9.587632  -9.930006 -10.022284  -9.674168 -10.264898 -10.17639
  -9.865046 -10.18364   -9.53375   -9.586124  -9.668484  -9.139872
 -10.01051   -9.949842 -10.578272  -9.60915   -9.488278  -9.87595
 -10.085562  -9.1292    -9.817312  -9.876762  -9.83883   -9.723236
  -9.767954  -9.034486  -9.812266  -9.81273   -9.234238  -8.76873
  -9.619822  -9.833088  -9.637338 -10.158062  -8.752896  -9.873688
  -9.863074 -10.500784  -9.784136  -9.697484 -10.177608  -9.532648
  -9.794924  -9.643428  -9.890914  -9.818878 -10.185902  -9.512986
  -9.813078  -9.024104  -7.864568  -8.2853    -9.443502  -9.090862
  -9.715522  -7.484088  -8.27109   -8.428676 -11.19371  -10.721706
 -10.942048  -9.646212 -10.189324  -9.124676  -9.312422  -9.500922
  -9.59262  -10.207304 -10.778952 -10.9011   -10.507744 -11.06176
 -10.766192  -9.996358 -10.478338 -10.30747  -10.35097  -10.223138
 -10.444002  -9.848284  -9.789008  -9.972636  -7.601538  -8.3723
  -8.44364   -7.87118   -7.999882  -8.98536   -6.943354  -7.895946
  -7.98805   -8.830906  -8.689792  -9.68484   -9.380688  -9.246766
  -8.978748  -7.720902  -8.864894  -7.54029   -9.589198  -9.244794
  -8.88038   -9.504982  -8.613986  -8.431054  -8.171852  -8.88879
  -9.391128  -9.26927   -8.537542  -8.372764  -9.612282 -10.518474
  -8.400372  -9.944622  -9.774566  -9.946304  -8.00168   -7.25406
  -7.28741   -8.02633   -7.18359   -8.517358 -10.53135   -9.02683
 -10.837184  -9.64859   -7.334564  -8.96448 ]"
56,[-7.077218]
57,"[-10.235608 -11.613514 -11.610498 -11.03711  -11.463062 -10.331192
 -10.600312 -10.4255   -10.102498 -11.415096 -10.723968 -12.20523
  -9.51258   -9.461656 -10.28166  -11.093196 -10.684818 -10.051748
 -10.213278 -11.648082 -11.095342  -8.759914  -8.061942  -8.377694
  -7.881794  -8.501466  -8.528146  -8.82238   -8.578954  -8.911642
  -9.728456  -9.102288  -9.297806  -9.711984  -9.279826  -9.218636
  -9.089586  -8.73886   -8.040424  -5.816182]"
58,"[-8.493694 -8.528784 -8.202244 -9.080016 -9.023814 -9.34757  -8.936524
 -9.759254 -9.839932 -9.065574 -9.040286 -9.251058 -8.86153  -8.593164]"
59,"[-10.506584 -10.4661   -10.572588  -9.792778 -10.522418 -10.456704
 -10.239668 -11.829332 -11.139886 -10.909626  -9.39339   -7.45996
  -7.31554   -7.866482 -11.144642  -9.122356  -8.993074  -9.488336
  -9.386894  -9.7875    -9.239574  -8.861588 -10.334904 -10.229112
 -10.697984 -10.323594 -11.105666 -10.24222  -11.187446 -10.785448
 -11.046448  -9.184532 -11.095806 -11.819588 -10.635692 -11.652258
 -11.707938  -9.40354  -10.2776    -9.638788  -7.986774  -9.651432
  -8.16756   -7.6328    -7.832436  -9.632292 -10.862994  -9.933602
 -11.264006 -10.53541  -11.084438 -11.684216 -10.313676 -11.438296
 -11.798882 -10.519866 -11.566708 -11.488176 -11.240922 -10.967858
  -9.79649  -11.712868 -10.276498 -10.4806   -11.438528 -11.423042
  -9.438166  -9.96962  -10.365122 -11.474488  -9.8803    -9.385734
  -8.34127   -8.324624  -8.983504  -9.524876  -9.737852  -9.603872
  -9.492164  -9.51693   -9.422042  -9.230062 -10.180276 -11.732008
 -11.02696  -11.70179  -11.262324 -11.99034  -11.770404 -11.771912
 -11.47994   -8.53441   -7.540406  -8.315982  -8.287562  -7.990776
  -9.306042  -8.892328  -8.768034  -6.661996  -6.644712  -8.371024
  -9.334926  -9.10977   -9.467804  -8.865474  -9.738142  -9.149906
  -8.823714  -8.2708    -9.327734  -9.294848  -9.532184  -9.024568
  -8.916514  -8.858166  -8.86675   -9.483928  -9.93685   -9.71819
  -8.89662   -8.381464 -10.188628  -8.152306  -9.69528   -9.730312
  -9.749916  -9.384922  -9.159882  -9.500226  -9.118702  -8.940932
 -10.346156  -9.994096  -9.237892 -10.468826  -9.212198 -10.1935
 -10.49713   -9.725672 -10.362106 -10.149246  -8.528552  -9.058208
 -10.044556 -10.025126  -9.409282  -9.97165   -9.892654  -8.686602
  -8.609636  -9.201816  -9.881228 -10.151044 -10.467144 -10.58065
 -10.729014 -10.509484 -10.760914 -10.39012   -9.934994  -8.18525 ]"
60,"[ -7.982598  -8.191282  -9.237196  -7.798332  -9.128678  -8.208798
  -8.893894  -8.311748 -10.461576 -10.975862 -10.207536 -10.157308
  -9.864292  -9.358126  -9.975884 -10.255676 -10.639462  -9.50765
 -10.672696 -10.133702 -10.72797   -9.790052  -8.823366 -10.258518
 -10.107602 -10.0688   -10.213452 -10.249586 -10.467956  -9.860174
 -10.176216 -10.13985  -10.582796 -10.484428  -9.95628  -10.448642
 -10.429908 -10.441276 -10.392034 -10.422716 -10.552984  -9.772594
 -10.269538  -8.915876  -9.938938  -9.638788 -10.487386 -10.571196
 -10.640274 -10.304918 -10.269654 -10.674262  -9.05496  -10.495854
 -10.489242 -10.34952  -10.293376 -10.439304  -9.47633  -10.565048
 -10.439362 -10.303004 -10.26629   -9.89886   -9.456958 -10.70245
 -10.460822 -10.34285  -10.206956  -9.499356 -10.486284 -10.432924
 -10.44812  -10.598398 -10.32255  -10.175346 -10.040496 -10.534366
 -10.373938 -10.343604  -9.043012 -10.59515  -10.401836 -10.23004
 -10.946746  -9.6193   -10.502988 -10.293724  -9.871426 -10.259852
  -9.016216  -9.7991    -9.749336  -9.120616  -9.812788 -10.020196
 -10.885498 -10.179232 -10.932246 -10.221456 -10.276382 -10.177376
  -9.247984  -8.529422 -10.325392 -10.278586 -10.01921  -10.445278
  -9.955932 -10.30167  -10.461982  -9.568956 -10.687022 -10.704828
  -9.956802 -10.722228  -9.856114 -10.977312 -10.03458   -9.613674
 -10.494578  -8.764612  -9.422158  -9.22258   -7.03047   -8.54862
  -9.422912  -9.775784 -10.293666  -9.669992 -10.62937   -9.653578
  -9.753512  -9.9992   -10.719386  -9.932964  -9.497036 -10.635576
 -10.115548 -10.331888 -10.040438 -10.205564 -10.238044  -9.810874
 -10.289606 -10.358046 -10.326378 -10.401372  -9.901006 -10.775066
 -10.098728 -10.359148 -10.406476 -10.4168   -10.618118  -9.809424
  -9.29798   -9.713028 -10.416568  -9.971244 -10.3762   -10.011554
 -10.339776 -10.519924 -10.295986 -10.322956 -10.585058 -10.58442
 -10.558842 -10.240422 -10.553158  -9.955874  -9.960456 -10.4284
 -10.573574 -10.628906 -10.088462  -9.954656 -10.557682 -10.11375
  -9.627536 -10.600718 -10.455312 -10.756332 -10.26919  -10.837938
 -10.052444 -10.343082  -9.876588 -10.373532 -10.65808  -10.38229
  -9.71326  -10.390294  -9.798172 -10.79873  -10.70303  -10.110676
  -9.942534 -10.660226 -10.177666 -10.275628 -10.487212  -9.343684
  -9.791618 -10.481354 -10.095422 -10.028838 -10.131382 -10.328234
 -10.37939  -10.368196 -10.271684 -10.330148  -9.985744 -10.807546
 -10.139444 -10.44145  -10.08504   -9.358068  -8.534294  -5.809512]"
61,"[ -9.247404  -9.612166  -9.58943   -9.14921   -9.019174  -9.497326
  -8.855034  -9.136682  -9.726832  -9.262136  -9.454522  -9.926758
  -9.190506  -9.448374  -9.232962  -9.82926   -9.064704  -9.289338
  -9.486248  -9.782164  -9.664772  -9.755136  -9.865684  -9.70543
  -9.66976   -9.260976  -9.426508  -9.718596  -9.745102 -10.08069
  -9.645284  -8.88531   -9.533866  -9.979364  -8.948414  -8.888732
  -9.39049   -9.068648  -9.494542  -9.787036  -9.407832  -9.46038
  -9.838366  -9.58189   -9.497732  -9.926816  -9.600508  -9.511246
  -9.60973   -9.62742   -9.748176  -9.62104  -10.167864  -9.75009
  -9.473314  -9.375816  -9.614312  -9.93047   -9.31857   -9.366826
  -9.740926  -9.702414  -9.521918  -9.370712  -9.796084  -9.419896
  -9.787094  -9.246012  -9.57145   -9.657986  -9.350122  -9.7701
  -9.227104  -8.948936  -9.506838  -9.76923   -9.39223   -9.51809
  -9.866554  -9.291426  -9.587168  -9.905298  -9.34612   -9.613036
  -9.480042  -9.611238  -9.818762  -9.805422  -9.341016  -9.698586
  -9.770622  -9.85188   -9.376396  -9.431728  -9.597724  -9.618372
  -9.499704  -9.464904  -9.828912  -9.489554  -9.690176  -9.460728
  -9.531836  -9.282088  -9.39977   -9.700094  -9.285626  -9.562576
  -9.450868  -9.523542  -9.81505   -9.528704  -9.62191   -9.389098
  -9.600276  -9.390838  -9.391012  -9.461656  -9.339798  -9.1089
  -9.760646  -9.842252  -9.305288  -9.647314  -9.584036  -9.528646
  -8.938322  -9.45632   -9.52215   -9.806698 -10.02733   -9.505446
  -9.292006  -9.155996  -9.84057   -9.472966  -8.086186  -9.541464
  -9.824098  -9.52447   -9.720394  -9.891842  -9.575568  -9.635308
  -9.392868  -9.45284   -9.66657   -9.21504   -9.556196  -9.758094
  -9.696498  -9.679156  -9.22026   -9.390432  -9.748234  -9.614254
  -9.549236  -9.349368  -9.512116  -9.693598  -9.666686  -9.68078
  -9.300242  -9.626376  -9.283016  -9.972172  -8.88299   -8.804806
  -9.52273   -9.967068  -9.69035   -9.214228  -9.525862  -9.418794
  -9.669586  -9.623302  -9.60915   -9.201642  -9.780946  -9.734314
  -9.840454  -9.866844  -9.426624  -9.659552  -9.985164  -9.662858
  -9.50156   -9.558458  -9.834074  -9.63032   -9.543436  -9.419954
  -9.635772  -9.592098  -9.955062  -9.665352  -9.892248  -9.445184
  -9.637628  -9.684434  -9.366304  -9.524644  -9.851706  -9.78373
  -9.176876  -9.182966  -9.859014  -9.788196  -9.597376  -9.523252
  -9.301866  -9.938532  -9.468094  -9.126126  -9.37454   -9.081176
  -8.918428 -10.031216  -9.312364  -9.064588  -9.53897   -8.822032
  -9.825664  -9.612978  -9.539666  -9.698818  -9.222348  -9.505156
  -9.701602  -9.366246  -9.194334  -9.561358  -9.565998  -9.328082
  -9.505446  -9.751366  -9.468094 -10.290592  -9.270024  -9.411138
  -8.400198  -9.17299   -8.637476  -9.076884  -9.196886  -9.889406
  -9.822938  -9.264224  -9.540594  -9.188418  -9.545466  -9.637164
  -9.584616  -8.76409   -9.713318  -9.59726   -9.643138  -9.669934
  -8.939366  -9.189462  -9.35714   -9.627072  -9.183198  -9.516814
  -9.830478 -10.008248  -9.69673   -9.424884  -9.7701    -9.403598
  -9.679388  -9.018536  -9.356734  -9.903326  -9.98905   -9.87711
  -9.82143   -9.54129   -9.399596  -9.50301   -9.84927   -9.957208
 -10.124074  -9.760646  -9.663902  -9.379992  -9.3293    -9.781758
  -9.460206  -9.459626  -9.230584  -9.053568  -9.870266  -9.84782
  -9.74777   -9.574234  -9.319846  -9.20315   -9.576554  -9.348034
  -9.104898  -9.436136  -9.477316  -9.419548  -9.54999   -9.245026
  -9.196132  -9.774392  -9.526268  -8.96274   -9.782396  -9.224146
  -9.631422  -9.622838  -9.478418  -9.900774  -9.406092  -9.670398
  -9.836394  -9.858782  -9.71239   -9.484276  -9.491468  -9.731182
 -10.039568  -9.797302  -9.741854  -9.753512  -9.857448  -9.902514
  -9.338174  -9.306854 -10.019036  -9.616516  -9.42645   -9.798462
  -9.424536  -9.568724  -9.715058  -9.36729   -9.806234  -9.540478
  -9.513566  -9.709954  -9.36062   -9.390722  -9.635076  -9.295718
 -10.202026  -9.599812  -9.702124  -9.371988 -10.126394  -9.785122
  -9.680838  -9.44298   -9.471168  -8.874812  -9.313698  -9.679388
 -10.169488  -9.628464  -9.533402  -9.144048  -9.595984  -9.459452
  -9.601726 -10.275106  -9.633742  -9.39716   -9.759312  -9.388228
  -9.294152  -9.35511   -9.371176  -8.682368  -9.403598  -9.235224
  -9.720278  -9.42123   -8.82557   -9.587284  -9.64424   -9.54999
  -9.248158  -9.379992  -9.642964  -9.718074  -9.63757   -9.757224
  -9.855418  -9.767896  -9.66338   -9.638788  -9.758906  -9.995372
 -10.090376  -9.886506  -9.569246  -9.860406]"
62,"[-11.128054  -9.732632  -8.845754  -6.632126  -9.818182  -9.116266
  -8.893024  -8.457502  -8.045818  -8.917848  -8.768556  -8.9146
  -9.089992  -7.568536 -10.087882  -9.288932  -9.182096  -9.745972
  -9.843992  -9.38295   -8.58661   -9.509216 -11.837974 -11.240458
 -11.440152 -11.333954 -11.376352 -10.91647  -11.676792 -11.62755
 -11.25258   -9.899266 -10.411348  -7.450042  -6.977574 -10.018746
 -10.332758 -10.603502 -10.680758 -10.64329  -10.865198 -10.189382
 -10.307702 -10.327944 -10.680642  -9.723352  -9.827288 -10.260954
 -11.235006 -10.365586 -10.993378 -11.052712 -10.782838 -10.276672
 -10.168676 -10.099424 -10.316692 -10.081038 -10.839678 -10.745138
 -10.407288 -10.605242  -8.262042  -7.390882  -6.302918  -6.860066
  -8.045586  -8.504076  -8.235188  -6.920038  -7.429452  -8.965002
  -9.51867  -10.633372 -10.734988 -10.320984 -10.355958 -10.437564
 -10.948022 -10.938336 -10.445394 -10.922502 -10.709062 -10.938626
 -10.732262  -9.017376  -9.413806  -7.348832]"
63,"[ -7.688306  -8.640666  -8.59531   -9.20257   -9.522324  -9.61118
  -9.004384  -9.232266  -9.390258  -9.278956  -9.23853   -9.586008
  -8.654528  -9.352558  -9.182096  -9.347802  -9.411486  -9.708504
  -9.255814  -9.04075   -8.712122  -9.124966  -9.17299   -8.877886
  -8.951488  -9.996532 -10.033536  -8.635562  -7.086208  -8.688284
  -8.629182 -10.36953  -10.240132  -8.94795   -9.72892   -9.88581
  -9.437412  -8.957288  -9.099272  -8.392078  -8.49033   -7.103202
  -7.149544  -9.358648  -9.460786  -9.365666  -8.733292  -8.910482
  -8.18467   -8.370096  -8.077486  -7.782672  -5.948074  -8.524898
  -9.032456  -9.085004 -11.1998   -11.025858  -9.486538  -9.292818
  -9.10861   -9.721206  -9.484682  -9.316946  -9.136798  -9.19416
  -9.421462  -9.070736  -9.108668  -9.114642  -9.211676  -8.447584
  -9.37831   -8.956128  -9.096546  -9.107624  -8.68521   -9.657928
  -9.272866  -9.826244  -9.09904   -9.308942  -7.563548  -5.130912]"
64,"[-10.733016 -10.389366 -10.412334 -11.008922 -10.965886 -10.941758
 -11.047782 -11.058396 -10.373474 -10.340994 -10.093798 -10.025242
 -10.33299   -9.767838 -10.31182  -10.082662  -9.84724   -8.123016
  -7.438094  -6.289868  -5.142164  -7.147224  -7.192638 -10.517662
 -10.772224 -10.935668 -10.939902  -9.474706  -8.202824  -9.737504
 -10.014338  -7.69196   -6.245556  -6.388236  -8.1954   -10.29355
  -6.120624]"
65,"[ -8.40188   -9.734836  -8.799006  -9.305346  -8.600472  -9.201062
  -8.705394  -8.869882  -9.135638  -9.944332  -9.369842  -8.424906
  -8.869244  -9.17966   -9.195784  -8.937162  -8.853642  -9.064994
  -8.740484  -8.505758  -9.821952  -8.533888  -9.508404  -9.916898
  -8.92562   -8.491954  -9.646676  -8.8827    -9.100548  -9.279304
  -9.321064 -10.595034 -11.423912  -9.582702  -8.25804   -7.004834
  -5.210836  -5.942854  -7.684304  -7.003732  -5.248188]"
66,[-10.31153   -8.99899  -10.29152   -8.31807   -8.719372  -5.613298]
67,"[-8.972426 -8.024242 -7.950582 -7.87118  -7.640514 -9.916376 -8.410232
 -9.21185  -9.996474 -8.66404  -7.801174 -8.567992 -7.73053  -7.980278
 -6.56589  -5.405194]"
68,"[ -7.305274  -6.481558  -7.418548  -7.340654  -9.042258  -8.31778
  -9.40296   -8.914774  -8.382798  -8.91373   -8.17539   -8.04895
  -6.849974  -6.64912   -6.570878  -8.558538  -9.753512  -9.40876
  -8.16292   -6.388062  -5.656566  -8.82151   -7.53449   -9.36091
  -9.901354 -10.607562 -10.245004  -9.696614  -9.726252  -7.363854
  -6.912846  -6.54269   -7.626536  -8.921096 -10.56644   -8.94418
  -8.315518  -8.64461   -9.837322  -9.954598  -8.162224 -10.066364
  -9.337246  -8.976196]"
69,"[ -8.393586  -8.402344  -6.079154  -6.802878 -10.296218 -10.671594
  -9.873688  -9.267646  -9.78054  -11.060774 -11.34132  -11.795634
 -11.416662 -11.609512 -11.155604 -10.926562 -11.339    -11.254146
 -12.08227  -11.811526 -10.846058 -10.801804 -10.322782 -11.469616
 -11.63538  -10.108124 -10.012134  -9.539492  -9.601668  -9.413284
  -9.890218  -8.772384  -6.71988   -8.859094  -8.277992  -8.943774
  -8.618046  -8.887804  -7.88162   -8.160948  -7.659886  -8.120638
  -8.918022  -8.701392  -8.325088  -8.547808 -10.421092 -10.374576
  -9.168408  -8.80759  -10.867344  -9.564374  -9.879662  -9.901644
  -9.63699   -9.435498  -8.425312  -9.654622  -9.154314  -9.099214
  -9.070098  -9.595984  -9.708562  -9.211212  -9.125546  -9.629914
  -8.06664   -8.386742  -9.420012  -8.683528  -9.909416 -10.0717
  -9.202976  -9.50475   -9.936386  -9.966546  -9.08309   -9.560894
  -7.700834  -7.369828  -6.357322  -6.067496  -6.329482  -7.411762
  -7.825998  -7.74735   -8.474206  -8.730044  -7.637672  -8.963378
  -9.473082  -9.435846  -7.670268  -8.08433   -7.584544  -8.62141
  -8.131716  -8.397762  -9.727296  -9.682346  -8.549896  -7.697006
  -8.272308  -8.80672   -9.711636  -9.677126  -9.86261   -9.388286
  -9.334694  -9.25477   -8.860544  -8.83978   -7.71197   -8.108922
  -8.823134  -9.001832  -9.92989  -10.036088 -10.030868  -9.090688
  -9.671964  -9.567564  -9.165392  -8.867098  -7.99095   -9.40412
  -9.761922  -9.65816   -9.798926 -10.141068  -9.594012  -9.46763
  -9.927396 -10.185844  -9.680954  -9.639774  -8.476236  -9.729384
  -9.399364  -8.4651    -7.984106  -6.22224   -7.763184  -9.211734
 -10.500146  -8.344054  -9.434222 -10.5676   -10.39534  -11.087048
 -11.09946  -10.532974 -10.882134  -8.29429   -6.791568  -8.611956
  -8.994872  -8.205956  -8.30009   -8.89488   -7.99965   -9.051828
  -9.2858    -9.001774  -8.446714  -8.26529   -8.910946  -8.953982
  -8.266102  -8.567934  -8.298292  -8.398632  -7.95586   -8.82383
  -8.377056  -8.641246  -8.71305   -8.254096  -8.680628  -8.746168
  -8.38854   -8.957926  -8.584986  -7.99936   -8.900622  -8.636954
  -8.37723   -8.54224   -8.555116  -8.109386  -8.583768  -8.649134
  -8.196966  -9.032746  -8.5492    -8.353856  -8.483312  -8.500886
  -8.49091   -8.69884   -8.460634  -8.741412  -9.106464  -8.40014
  -8.782244  -9.092776  -8.271148  -8.716704  -8.35664   -8.885484
  -8.669318  -8.240408  -6.819176  -7.548932  -8.325668  -6.60794
  -7.051118  -9.325298  -9.450056  -9.70891  -10.583956 -10.612086
  -9.92757  -10.017992  -9.38643   -9.522498  -9.13703   -7.80651
  -9.098576  -9.19126   -7.903022  -7.288338  -7.60786   -9.009082
  -8.691068  -5.402932]"
70,[-8.584116 -9.488336]
71,[-9.09208  -8.828992 -7.62236  -7.643124]
72,"[ -9.801942  -7.841832  -7.980568  -8.720126  -9.302272  -9.027004
  -8.755622  -9.466528  -9.511536  -7.228772  -8.175796  -7.581354
  -7.632626  -8.384364  -8.957114  -8.002492  -6.730204  -7.132434
  -7.507114  -7.617082  -8.086418 -10.084634  -9.411138  -9.495064
 -11.263716  -9.853968 -10.603386  -9.143816  -9.455334  -9.97716
  -9.362128 -10.844608 -11.702776 -10.743572  -9.584616  -8.98971
 -10.49191   -9.517568 -10.296276 -10.689748 -10.396906 -10.037306
  -8.284604  -9.747074  -9.756238 -10.38171   -9.768186  -9.419664
  -9.119572  -9.69644   -9.46618   -8.837402  -9.061282 -10.235434
  -8.40507   -6.601328  -8.069946 -11.773478 -10.61255  -11.718088
 -11.613572 -11.051146 -11.150036 -12.307716 -10.863284 -11.92393
 -11.583934 -11.349788 -11.525006 -11.29115  -11.87376  -12.005304
 -10.56557  -11.512536 -11.320266 -10.214438 -11.083278 -10.907654
 -11.344742 -10.309906  -9.838772  -5.952076]"
73,"[ -8.16727   -8.096684  -7.934052  -7.071882  -7.932776  -7.996576
  -6.05404   -7.039286  -6.75816   -5.785268  -7.13284  -10.668462
 -11.015244 -10.51511   -9.81795   -9.780366  -9.685362 -10.16392
 -10.302076 -10.61197  -10.0804    -7.025424  -7.712666  -9.584384
  -8.275034  -6.320608  -6.059666  -9.417054 -10.147738  -9.075492
 -10.166472  -8.96448  -10.10534   -9.483522  -9.820444 -10.707438
 -10.960202  -8.860718  -8.319172  -8.6043    -9.480274 -10.498986
  -9.799332  -8.251776  -9.54506   -8.661488  -8.416264  -9.099968
  -9.568608  -9.18024   -8.576228  -9.286728  -9.113076  -9.83796
  -8.660212  -9.318164  -8.711078  -8.911758  -8.657486  -9.185228
  -9.022538  -8.719778  -9.2017    -8.932232  -9.307028  -8.969236
  -8.51701   -9.93946   -8.974108  -8.685558  -8.321782  -8.829108
  -9.645922  -8.680976  -9.446692  -8.757652  -8.604068  -9.201758
  -8.69275   -9.693656  -8.47496   -9.735938  -8.510166  -9.131114
  -9.08135   -8.869186  -8.580636  -8.015774  -8.419164  -9.262136
  -8.942788  -9.063776  -8.558074  -8.791002  -9.429872  -8.231998
  -9.063312  -8.393006  -8.944064  -8.645248  -8.971614  -9.721496
  -8.119478  -9.072592  -8.73016   -9.449592  -9.157562  -8.23223
  -8.516604  -8.915702  -8.595252  -9.389446  -9.208602  -8.678308
  -8.558132  -8.702436  -9.186098  -9.047652  -8.484066  -9.313118
  -9.035472  -9.048464  -9.372568  -8.033522  -7.939968  -8.46858
  -8.456052  -9.194682  -9.914462  -9.00856   -9.589372  -9.053568
  -8.818784 -10.25469   -9.134536  -8.788508  -9.852634  -9.934646
  -9.494252  -9.019348  -8.721808  -9.001194  -8.504656  -9.203556
  -9.06975   -8.952938  -9.34728   -9.255582  -9.873398 -10.249992
 -10.157888 -10.737424  -9.822996  -8.769658  -9.231396  -9.237602
  -9.261382  -9.50475   -9.457422  -9.435092  -9.171598  -9.602306
  -8.829166  -9.991196  -9.19387  -10.159048  -9.932964  -9.277622
  -8.460634  -8.716008  -8.664156  -9.126706  -8.529596  -9.245606
  -9.119862  -9.754034  -8.735206  -9.629798  -9.265094  -9.00914
  -9.032804  -8.948704  -9.271648  -9.2046    -9.969852  -9.051132
  -8.996206  -9.296588 -10.071932  -8.882816  -9.62713   -9.277216
  -9.471168  -9.817602  -9.12601   -8.92446   -8.451006  -8.936988
  -9.707112  -9.949552 -10.431532  -8.114374  -9.936038  -8.440102
  -8.289882  -9.770912  -8.728188  -9.684492  -8.288606  -8.746226
  -9.252508  -9.325878  -8.571994  -8.362962  -8.58371   -9.194798
  -8.563004  -9.078856  -8.875334  -8.479136  -9.113076  -8.538818
  -9.24375   -8.814202  -8.906364  -9.372278  -8.689966  -8.66636
  -8.36099   -8.982924  -9.006762  -8.852366  -8.907698  -8.28617
  -9.686522  -8.371604  -9.238182  -8.606388  -8.817798  -9.348672
  -8.66926   -8.930086  -8.82934   -8.820988  -8.687936  -8.757768
  -9.053742  -8.67158   -9.58044   -9.076014  -9.721554  -8.73306
  -8.950502  -9.081292  -9.238124  -9.070852  -8.898766  -9.440892
  -9.122414  -8.408086  -9.307782  -8.995394  -9.71587   -8.287794
  -8.855034  -9.282436  -8.632546  -9.925192  -8.741006  -8.89546
  -8.917094  -8.724418  -9.507824  -9.779902  -9.05322   -8.661082
  -9.182734  -9.13268   -8.768266  -9.14863   -9.84492   -8.256996
  -9.763836  -8.14639   -9.432366  -9.069344  -8.895808  -9.426682
  -9.24346   -8.708584  -9.105072  -8.72059   -9.054786  -8.890472
  -8.2447    -8.859384  -9.157388  -8.84094   -9.137784  -9.655434
  -8.14842   -8.878756  -8.618336  -8.951952  -8.691242  -8.699188
  -9.025902  -8.741064  -8.999686  -8.905378  -8.530176  -9.130012
  -8.434998  -9.118354  -8.518112  -8.920632  -9.263122  -8.39028
  -9.299024  -8.374272  -8.656442  -8.872724  -9.937256  -8.737584
  -8.03851   -9.859478  -8.7899    -8.843492  -8.664852  -8.710382
  -8.931188  -8.40623   -9.599406  -8.318476 -10.039858  -8.790074
  -9.525978  -9.455624  -9.01059   -8.328278  -8.123538  -9.376338
  -9.432598  -9.36613   -9.142888  -8.713456  -8.786478  -8.448918
  -8.802892  -9.612398  -8.615784  -9.142714  -8.882004  -9.081814
  -8.708468  -8.97289   -9.556022  -8.512892  -8.606968  -9.287714
  -8.531626  -8.457676  -9.020566  -8.944818  -9.085294  -9.000208
  -8.725114  -8.64867   -9.478418  -7.633264  -8.90648   -8.16321
  -9.159186  -9.62394   -9.069112  -9.010938  -8.65128   -8.47235
  -9.901354  -8.39811   -9.234122  -8.788102  -8.707366  -9.514726
  -9.783034  -8.446482  -8.828354  -8.923416  -8.782012  -8.981068
  -9.266312  -8.933798  -9.9499   -10.66359  -10.529088 -10.101164
  -9.497732  -9.16052   -7.570624  -8.303454]"
74,"[ -8.359076  -7.876052  -7.206848  -8.977356  -8.003362  -9.786746
  -9.063544  -8.970686  -8.583072  -8.836822  -9.53085   -9.645806
  -8.67535   -8.125278  -9.042084  -9.31973   -9.237544  -9.6686
  -9.406962  -9.153618  -9.196016  -9.379296  -9.426856  -9.31393
  -9.35047   -9.082336  -7.961428  -8.963378  -7.841658  -8.14523
  -9.58943   -9.322746  -9.732052  -9.387184  -9.515944  -9.55695
  -9.189694  -9.356212  -9.316598  -9.215098  -8.973934  -9.401336
  -9.604568  -9.411834  -8.851322  -9.012678  -9.499356  -9.232904
  -9.035936  -8.535164  -9.34873   -8.895228  -9.13993   -9.284988
  -9.663496  -9.44617   -9.49924   -9.185286  -9.027004  -9.537636
  -9.163536  -9.454348  -9.686     -9.522498  -9.926584  -8.589974
  -9.506548  -9.385734  -9.186852  -9.677938  -9.312016  -8.969526
  -9.150254  -9.239458  -8.509064 -11.099518  -7.631756  -8.15973
  -7.623288  -9.138596  -9.976406  -9.438746 -10.287634 -10.575198
  -9.59581   -8.97608   -9.921828 -10.0717    -9.794924  -9.767316
  -7.949132  -6.620468  -6.895156  -6.897302  -9.925192  -9.351456
  -9.754324 -10.024778 -11.36771  -10.794496 -10.836082 -11.353848
 -11.024176 -10.92952  -11.253798 -10.964436 -11.029164 -11.110538
 -11.231526 -10.969482 -11.090702 -11.095632 -11.557892 -10.811664
 -10.920704 -11.962094 -11.525238 -10.794206 -10.013932  -9.975652
 -10.870824  -7.602466  -9.62046   -9.162782  -9.34989   -9.237138
  -9.504112  -9.404526  -9.369668  -9.71935   -8.935306  -8.95056
  -9.046202  -8.937394  -9.202512  -9.014592  -9.661756  -9.392636
  -9.164232  -8.745646  -9.39919   -9.023698  -9.140162  -9.695512
  -9.62046   -8.925272  -9.10745   -9.82433   -9.14544   -9.014534
  -9.149094  -9.499588  -9.186504  -9.458408  -9.460322  -9.060876
  -9.544538  -9.68426   -9.30697   -8.943426  -9.023756  -8.964364
  -8.066988  -9.664598  -9.055134  -9.404236  -8.99348   -8.970744
  -9.459974  -9.413516  -9.157098  -9.249898  -8.519504  -8.857238
  -8.712064  -9.516176  -9.06018   -7.697528  -8.371024  -8.867388
  -7.9373    -7.087078  -7.566564  -8.681324  -8.345794  -6.906118
  -7.580484  -7.367392  -9.757108 -10.168792  -9.895844  -9.660132
 -10.85557  -10.54324  -10.407984 -10.102556 -10.5821   -10.363266
  -9.305984 -10.509426  -9.115048  -7.167118  -6.426342  -7.75924
  -8.571124  -7.59655   -8.549432 -10.23294   -9.000266 -10.17059
 -10.105224 -10.244656  -9.781236 -10.985142  -9.527486 -10.27441
 -10.176042 -10.285488  -9.93511   -9.706938  -8.85747   -9.839294
  -9.137262  -9.172352 -10.16131   -8.703886 -10.776052  -7.467616
  -6.798876  -8.60836   -8.659226  -9.914752  -9.276578  -9.342582
  -9.349368  -9.106348  -9.396522  -8.99841   -9.381384  -9.014476
  -9.433236  -9.06337   -9.354994  -9.646618  -9.732632  -8.499494
  -9.616806  -9.817428  -7.811208  -9.586646  -7.702168  -9.952974
  -9.96614   -7.663308  -6.86401   -6.929086 -10.0891    -8.961986
  -9.323442  -8.650178  -9.066966  -8.733002  -8.007132  -9.406266
  -8.46771   -8.300148  -8.638346  -7.702516  -7.860566  -5.772392
  -5.943028  -6.4902    -6.910294  -7.849894  -7.440414  -7.382878
  -7.0992    -6.346128  -6.21992   -8.19743   -8.996032  -9.087266
  -8.980488  -9.574466  -9.686348  -9.605148  -9.545988  -9.22113
  -9.623476  -8.183916  -8.22295   -9.4917    -8.93751   -8.819712
  -6.993524  -6.178566]"
75,"[ -9.210168  -9.146484  -7.134    -10.335948  -7.9982    -9.547496
  -7.451782  -7.430786  -7.439776  -7.956034  -5.478796]"
76,[-9.14892  -8.76554  -9.152458 -8.987216]
77,"[-11.343582 -11.389054 -10.052734 -12.350984 -10.71637   -9.807684
 -10.882424 -11.635322  -9.598536 -10.642478 -10.17146  -10.696244
 -10.679424 -11.71919  -11.336564 -10.333048 -11.165232 -10.029244
 -10.270466 -10.609708 -10.273134 -11.724062 -12.228546 -11.841918
 -10.784984 -12.191078 -11.389808 -11.610962 -11.600464  -9.769288
  -9.688088 -11.318758 -11.570768 -11.781076 -11.522164  -9.972288
 -10.124886 -10.647524 -11.578134 -11.737286 -10.311878  -9.249956
  -7.326676  -8.322594  -7.685696  -8.426008 -10.79177  -10.798556
 -11.178224 -11.022436 -10.62502   -9.285626 -10.476076 -10.698042
 -10.269828 -11.49792  -10.66504   -8.22034   -6.503308  -6.92752
  -6.77759   -7.936662  -7.066372  -9.811628  -8.39869   -7.656464
  -7.32917   -5.870934  -6.251182  -5.497298]"
78,[-8.123654 -9.007226 -7.906966 -8.84877  -5.277246]
79,"[-10.81555  -10.087708  -9.51374   -9.793358  -8.868316 -11.308724
 -11.014258 -11.10178  -10.688646 -11.079914 -11.086294 -10.834226
 -10.270118 -10.922908 -11.262092 -11.105376 -11.255596 -11.195044
 -11.236166 -10.758304 -11.608874 -10.882076 -11.294572 -11.004456
 -10.805922 -11.03247  -10.830804 -10.48031  -11.224102 -10.972034
 -10.518126 -11.099576 -10.925286  -9.479578  -9.266254  -9.990674
 -10.981546  -9.902688  -8.265812  -8.955374  -8.51846  -10.288678
  -9.364738  -9.590184  -9.113946  -9.125778  -7.775306]"
80,"[ -9.119514  -8.135196  -8.646582  -8.447758  -8.805328  -8.436216
  -8.195226  -8.957984  -8.63678   -8.537194  -8.760204  -8.734046
  -8.434882  -8.649482  -8.72581   -8.475424  -8.61619   -8.442828
  -8.652556  -8.724302  -8.595948  -7.732386  -8.432098  -7.994024
  -8.745298  -8.561032  -8.526522  -8.787058  -8.3462    -8.392948
  -8.630864  -8.612478  -9.543146  -8.867214  -8.433722  -9.163942
  -9.374946  -9.01668   -8.837112  -8.508832  -9.294268  -9.265268
  -8.654818  -8.8537    -8.565846 -10.188686 -10.229576  -8.705104
  -8.578722  -8.781664  -8.497174  -8.898708  -8.16756   -8.00661
  -8.710672  -9.366188  -8.735322  -8.788334  -8.864662  -9.019
  -8.764844  -9.197002  -9.072128  -9.005776  -8.410058  -8.812578
  -8.825454  -8.387264  -9.387648  -8.17133   -8.485574  -9.422274
  -9.190912  -9.0538    -9.25158   -9.424362  -9.004094  -9.119688
  -8.641768  -9.352152  -8.759508  -9.02654   -9.136856  -9.082858
  -9.308826  -8.50628   -8.016006  -7.86364   -8.610158  -9.098808
  -8.465042  -8.95085   -8.27631   -8.636838  -8.90532   -7.959224
  -9.186388  -8.046746  -8.585682  -8.491896  -8.327756  -8.796164
  -8.847436  -9.16719   -9.444604  -9.210748  -8.961812  -8.108806
  -9.038836  -8.93983   -8.787812  -7.060746  -7.92164   -8.899404
  -7.627638  -8.860892  -9.731936 -10.68012   -9.18894   -8.960652
  -8.978748 -10.530886  -9.17299   -9.268516 -10.062304  -8.47931
  -8.848828  -7.559662  -8.896736  -9.406208  -9.222464  -8.656674
  -9.585776  -8.754288  -9.419722  -9.015288  -9.007864  -9.325472
  -8.51817   -9.29247   -8.450542  -8.443756  -9.093472  -8.919704
  -8.672682  -8.4767    -8.840418  -7.95818   -8.478034  -8.53934
  -9.015288  -9.197176  -9.00624   -9.025612  -9.192188  -9.332606
  -9.263586  -9.047594  -9.103506  -8.99696   -9.137668  -9.358184
  -9.464208  -9.301228  -9.207674  -9.22983   -8.997772  -8.692344
  -9.236964  -8.754694  -8.69652   -9.502488  -9.343336  -9.234296
  -8.874406  -8.709744  -9.165972  -9.3119    -8.94824   -9.372162
  -7.92019   -8.970338  -8.727434  -8.834096  -8.949806  -9.10339
  -9.200366  -8.918892  -9.53143   -9.276404  -9.49141   -9.193116
  -9.131752  -9.124386  -8.121276  -8.40855   -8.97898   -8.79251
  -9.269502  -8.990812  -9.268226  -9.135812  -9.021146  -9.176006
  -9.256974  -9.188012  -9.111858  -8.960246  -8.11159   -8.92243
  -7.15952   -8.8247    -9.49663   -6.955244  -6.449136  -7.17779
  -9.284814  -8.301308  -8.269988  -7.434962]"
81,[-9.905472 -7.51854  -8.096568]
82,"[ -8.599834  -8.203346  -8.158396 -10.033536 -10.163688 -10.512094
 -10.269074 -10.447946 -10.172562  -9.774276  -9.69006   -7.972332
  -9.210226  -9.62974   -9.138596 -10.15754  -10.59689  -10.127322
 -10.5908    -9.903326  -8.976544  -9.306738  -9.944158  -7.807786
  -7.39674   -6.903044  -6.760248]"
83,"[ -9.064878  -9.288468  -8.067336  -9.341074  -9.464092  -9.45023
  -9.327908  -9.32611   -9.225248  -9.38991   -9.10658   -9.086976
  -9.225074  -9.341886  -8.817392  -9.51461   -9.466992  -9.121138
  -9.076246  -8.784216  -8.982576  -9.052118 -10.311182  -9.73443
  -9.087846  -9.675444  -8.841404  -8.900448  -9.527834  -9.029382
  -9.506374  -8.62837   -8.81136   -9.473314  -9.45516   -9.625738
  -9.254654  -9.853446  -9.04017   -9.676082  -9.777524  -9.115686
  -8.752026  -9.505736  -9.216432  -9.951176  -9.945086  -8.939424
  -9.515364  -9.67498   -8.635678  -9.694874 -10.142518  -8.607954
  -9.429988 -10.05314   -8.781896  -9.641166 -10.86659  -10.478396
 -10.941874  -9.5903    -7.792184  -7.771014 -10.14072   -9.391186
  -8.071744  -9.514436  -9.592562 -10.079066  -9.11412   -9.396638
  -8.331468  -9.4714    -9.30233   -9.008502  -9.096198  -9.515422
  -8.820002  -9.860348  -8.826556  -8.614682  -9.27449   -9.180356
  -8.929854  -9.02596   -9.22374   -9.09788   -9.178558  -9.43544
  -8.95172   -9.192652  -9.588618  -9.396058  -9.620808  -9.307434
  -9.444836  -9.225712  -9.098576  -9.13442   -9.070388  -9.846486
  -8.595948  -9.096952  -8.844072  -7.828434  -7.97152   -7.233528
  -8.142562  -7.750018  -8.246208  -7.077276]"
84,"[-8.094944 -8.817392 -8.078182 -8.386974 -8.759624 -8.263666 -8.621004
 -8.540268 -8.6623   -8.212626 -8.312212 -8.608012 -8.244758 -8.411914
 -8.737584 -8.04808  -8.56544  -8.467246 -8.53354  -8.748024 -8.379144
 -8.101962 -8.844536 -8.069772 -8.168198 -9.38092  -8.16582  -8.460518
 -8.437376 -8.916978 -9.27101  -8.846972 -6.977632 -8.593338 -8.631328
 -9.187084 -7.12269  -7.907546 -8.979212 -8.324566 -8.671232 -8.367544
 -8.279848 -7.479564 -8.57472  -7.768056 -8.017978 -5.502402 -7.570856
 -8.762176 -8.703132 -9.311378 -8.384248 -8.939888 -8.320854 -7.719974
 -8.181712 -8.676568 -8.640608 -9.089238 -9.44675  -8.29951  -8.62808
 -5.48477 ]"
85,"[-9.186678 -8.53354  -7.942926 -7.918972 -8.951314 -8.525478 -6.701204
 -7.915202 -5.948596]"
86,"[-13.020072 -12.959984 -13.002092 -13.304214 -13.341218 -13.429494
 -12.356552 -11.500878 -10.419062  -9.002992  -8.906422  -9.285858
  -9.256916  -8.737758 -10.09751   -9.083554  -9.548192 -10.362164
  -7.949132  -7.601944  -9.165566  -7.913926  -8.226836  -6.96116
  -5.734344  -7.154126  -9.276172 -10.00384   -9.902572  -9.399422
 -10.935784 -10.504032 -10.01718   -8.542008  -8.362846  -9.836046
  -9.383878 -10.655296  -9.830594 -10.07924  -10.255096  -9.80345
  -7.893916 -10.004246 -10.476772  -9.744    -10.0891    -9.798694
 -10.357698  -9.640992  -9.971128 -10.279572 -10.39389   -8.813622
  -8.902942  -9.099794  -8.676162  -8.14523   -8.725752  -9.13761
  -8.934726  -8.513066  -9.461888  -9.595868  -7.932428  -8.292086
  -7.704894  -8.70783   -7.285438  -9.388634 -10.376142 -10.54643
 -10.270814 -10.652744  -8.837518  -9.27768   -9.825548 -10.253646
  -9.16719   -8.03271   -9.153096  -6.01228   -5.42619   -6.29387
  -5.05528 ]"
87,"[-12.789464 -12.896126 -12.637736 -12.51176  -12.732508 -12.792944
 -12.796018 -12.244438 -12.800484 -12.614884 -12.63907  -12.57759
 -12.941018 -12.474002 -12.422324 -12.70113  -12.234636 -12.89398
 -12.952676 -12.563844 -11.951016 -12.21016  -12.731986 -12.58426
 -12.173504 -12.86643  -12.77247  -12.892124 -12.633444 -12.821538
 -12.895836 -12.69185  -12.888006 -12.8615   -12.843288 -12.95546
 -12.504568 -12.796018 -12.826874 -12.925242 -12.629848 -13.007312
 -12.67358  -12.789348 -11.903166 -12.31224  -12.530552 -12.670332
 -12.659544 -12.716674 -12.53757  -12.778212 -12.953024 -12.651714
 -12.157612 -12.040742 -12.28759  -12.972686 -12.628688 -12.687036
 -12.955866 -12.902912 -12.477134 -12.81597  -12.548764 -12.251166
 -12.7078   -13.00969  -12.552766 -12.747124 -12.650264 -12.405504
 -12.642956 -12.64864  -12.836096 -12.62689  -12.95662  -13.112872
 -13.018158 -12.477366 -12.609084 -12.685644 -12.193282 -12.663952
 -12.934116 -13.131722 -11.80503  -11.884374 -12.018064 -13.054176
 -11.606032 -12.785404 -12.685354 -12.580838 -12.908538 -12.43085
 -12.472726 -12.829368 -12.663314 -12.474408 -13.019086 -12.581824
 -12.548648 -12.321926 -12.742426 -12.663952 -13.105216 -12.775312
 -12.864284 -12.486124 -12.307716 -12.78204  -12.864342 -12.756172
 -12.631762 -12.70055  -12.056112 -11.787862 -12.720212 -13.00476
 -12.866952 -12.78581  -13.079754 -12.519416 -12.42041  -12.173388
 -12.505728 -12.840214 -13.025814 -12.886382 -12.349186 -12.472262
 -12.913004 -12.885512 -12.644058 -12.35052  -12.626368 -12.64748
 -12.724156 -12.300524 -12.958476 -13.062122 -12.942932 -12.035928
 -12.499116 -12.731812 -12.76725  -12.8992   -12.831862 -12.96213
 -12.912888 -12.632748 -13.036138 -12.832906 -11.770694 -12.565468
 -12.673    -12.863994 -12.54221  -12.540122 -12.708264 -12.746486
 -12.313806 -12.645856 -12.643768 -13.04101  -12.642898 -12.688022
 -12.53467  -12.872694 -12.39721  -12.521098 -12.076064 -13.073432
 -12.447902 -11.563286 -12.906334 -12.65995  -12.515124 -12.28527
 -13.090368 -12.834646 -12.615116 -12.53467  -12.616798 -12.7658
 -12.601834 -12.616392 -12.771136 -12.047412 -12.064348 -12.540586
 -12.747008 -12.894386 -12.60717  -12.64835  -12.803326 -12.877914
 -12.849784 -12.144388 -12.769918 -12.809822 -12.615116 -12.807386
 -13.09408  -12.138066 -12.50538  -12.771194 -13.011546 -11.67772
 -12.27657  -12.436882 -12.72027  -12.560016 -12.715108 -12.170836
 -12.669868 -12.257604 -12.629964 -12.279354 -12.670158 -12.738888
 -12.67039  -12.53902  -12.536004 -12.432126 -12.978486 -12.576024
 -12.055358 -12.8209   -12.85889  -12.938698 -12.584782 -12.591742
 -12.698462 -12.475916 -12.592728 -12.54018  -12.82496  -12.515008
 -12.560944 -13.131548 -12.84207  -12.87542  -12.754896 -12.841316
 -12.364556 -12.875884 -12.890036 -12.868924 -12.969148 -13.05551
 -12.52133  -12.306556 -12.948848 -12.732624 -12.646726 -12.928548
 -12.712846 -12.480092 -12.894386 -12.465766 -12.549576 -12.836966
 -13.255378 -12.652932 -13.099416 -12.848624 -12.798918 -12.585246
 -12.801238 -12.305454 -12.287068 -12.834124 -12.67445  -12.719458
 -12.589422 -12.833022 -12.602472 -12.635706 -12.67793  -12.733378
 -12.905058 -12.829542 -12.990028 -12.548068 -12.497492 -12.396514
 -12.603922 -12.801412 -13.018448 -12.969496 -13.058758 -12.60601
 -12.761102 -12.923328 -12.358524 -13.079406 -12.757274 -12.88963
 -12.831804 -12.620394 -12.585826 -12.927852 -12.821654 -12.595338
 -13.002788 -12.68344  -12.768816 -12.553694 -12.859586 -12.67532
 -12.643246 -12.718298 -12.749212 -12.245482 -12.810228 -12.120608
 -12.41519  -12.783548 -12.644348 -13.183516 -12.764698 -12.61181
 -12.085866 -12.397036 -11.879386 -12.561814 -12.562916 -12.868228
 -12.861384 -12.892704 -12.38851  -12.45173  -12.85686  -12.646378
 -12.66227  -12.427602 -13.201438 -12.533046 -12.496564 -12.350752
 -12.846246 -12.688892 -12.313806 -13.0384   -12.35429  -12.851292
 -13.008878 -12.314154 -12.813476 -12.9775   -12.831514 -12.754432
 -12.844158 -12.392512 -12.865676 -12.753678 -12.477772 -12.835748
 -12.890558 -12.774036 -12.577242 -12.071946 -12.469826 -12.456602
 -12.390134 -12.546212 -12.152102 -12.451556 -12.442972 -12.164572
 -12.713774 -12.914976 -12.74898  -12.74927  -12.971004 -12.442624
 -12.420642 -12.655368 -12.859818 -12.541804 -12.833718 -12.660762
 -12.104136 -12.536178 -12.79509  -12.859122 -12.872114 -12.100656
 -12.563496 -12.053966 -12.3888   -12.785056 -12.915556 -12.714296
 -12.744862 -12.99606  -12.64139  -12.787376]"
88,"[ -6.21586   -7.470458 -10.817174 -11.004108  -9.733676 -10.774718
  -9.473314  -7.896294  -8.587828  -8.637882 -10.55281  -10.174244
  -9.847936  -9.464034  -9.794634  -9.977334  -9.264282 -10.378114
 -10.24512  -10.34488   -9.642964  -9.45052   -8.619264  -9.577018
  -9.785238 -10.321158  -9.849328 -10.01457   -8.377114 -10.50467
  -9.125778  -9.395884  -9.436484  -9.618952  -9.823692 -10.40433
 -10.324058  -9.804494  -9.747016  -9.926758 -10.602748 -10.23352
 -10.844144 -11.00956  -10.914208  -6.257446  -6.535556  -7.48461
  -5.307638]"
89,"[-10.260026 -10.644044 -11.135884 -10.249122  -9.693366  -9.234006
  -9.88668   -9.438108 -10.75059   -9.08686   -8.54891   -7.082554
  -8.265638  -7.887884  -7.522832  -8.491258  -8.305948  -8.92765
  -8.313546  -7.876226  -8.329844  -8.516546  -7.673806  -7.202266
  -7.900818  -9.120732  -9.885288 -10.313908 -11.275664 -11.034616
 -10.12796  -10.477874  -9.93395  -10.047862  -9.554688 -10.258692
 -10.207188  -9.944448  -9.800956 -10.531234  -9.799506  -8.744892
  -9.489902  -7.56581   -9.632002  -9.544248  -9.752294  -8.649192
  -8.17771   -7.804828  -6.045398]"
90,"[-8.159904 -8.886412 -9.398436 -8.283734 -8.57095  -8.346548 -8.197488
 -9.430104 -8.87139  -8.395906 -9.526268 -9.77126  -9.809134 -9.42819
 -9.818066 -9.810642 -9.084598 -8.516604 -8.67535  -6.463752 -5.442662
 -8.738454 -7.644342 -5.601466]"
91,"[ -8.215816  -8.162166  -9.650214  -8.800224  -8.992784 -10.620728
  -8.874696  -8.94592   -9.369842  -9.59552  -11.39613   -9.854374
 -10.352536  -8.82064   -8.902304 -10.21786  -10.264492  -9.459858
  -8.975558  -8.34997   -7.368958  -8.161644  -8.139894  -6.236044
  -6.166212  -7.851692  -8.30473   -6.509688]"
92,"[ -9.411544  -9.763198 -10.374402 -11.507374 -11.358836 -11.233556
 -10.741426 -11.647328 -10.56064  -10.92575  -10.74334  -10.523288
 -10.988854 -11.40918  -10.985374 -10.875522 -11.326936 -10.321622
 -10.595266 -10.298944  -9.919392  -9.163826 -10.688124 -10.466506
 -10.480542 -11.081248 -10.529494  -9.596854 -11.260352 -10.874362
 -10.653266 -10.876682 -10.979922 -11.304374 -11.085946 -10.855628
 -11.21517  -11.518974 -11.094704 -10.47393  -11.447692 -10.396732
 -11.264876 -11.333548  -9.249434  -8.095698 -10.15696  -10.315764
 -10.635518 -10.55687  -10.890022 -11.003064 -10.581868 -10.389888
 -11.555746 -11.026496 -11.073302 -10.880916 -10.570674 -10.442842
 -11.519148 -10.675712 -10.86369  -11.2607   -11.242024 -11.32421
 -11.318526  -9.865568 -10.778198  -9.128794  -9.650098  -9.664018
 -10.560524 -10.447482 -10.499334  -9.88146  -11.190926  -9.18981
 -11.379774 -11.467064 -11.043258 -10.740614 -10.779532 -10.496666
 -10.969656 -10.758826  -9.44414   -9.607932 -10.038234 -10.225806
 -10.294014 -11.541826 -10.529436 -10.550374 -11.73079  -10.23613
 -10.388148 -11.170046 -10.486632  -9.451042 -10.971628 -10.90545
  -8.50077  -10.289838 -11.230424 -11.38482  -11.3187   -11.016114
 -11.138204 -10.012888 -10.47132   -8.168256  -5.828072]"
93,"[-10.719734 -10.562206 -10.143272 -10.55252  -11.687812 -10.490112
 -11.453318 -10.248252 -11.004572 -11.39439   -9.885984 -10.229112
 -11.605394 -10.71086   -9.60219   -8.75423   -8.635968  -8.411798
  -9.224668  -9.128214  -8.538992  -9.392926 -10.03922   -8.80266
  -7.440588  -6.708512 -10.126046  -8.092276 -10.002274  -8.944238
 -10.229518  -9.248506  -9.112322  -8.455994  -8.90329   -9.620344
 -10.098728  -9.74719   -9.709664  -9.40847   -9.777234  -9.994676
 -10.304628  -9.580266  -9.564722  -9.817312  -9.79475   -9.867482
 -10.060158  -9.580034  -9.366942  -9.908024  -9.242184 -10.0775
 -10.73551  -11.288192 -10.681686  -9.505156  -9.163536 -10.269828
  -9.678692  -9.843412  -9.96817  -10.540514  -9.846254 -10.241814
 -10.461228 -10.179     -9.385966  -8.574488  -8.288432  -7.945536
  -6.841216  -7.292862  -9.397682  -8.703538  -9.001426  -7.00785
  -7.320528  -6.284184  -6.546982  -7.71835  -10.374982  -8.856368
  -8.542124  -9.361258  -9.349368  -8.46713   -9.683042  -9.993052
  -8.780968  -8.83717   -7.976276  -8.477744  -7.622534  -7.65571
  -7.866134  -7.739056  -8.97927  -10.220644  -8.051618  -8.316852
  -9.625854 -11.240632 -10.747342  -9.16487   -8.72523   -8.669956
  -9.615182 -11.222246  -9.30291   -7.706054  -8.915064 -11.387952
 -11.056656  -9.236964  -8.898998  -7.7836    -7.181676  -7.263282
  -7.975638  -8.208566  -8.444974  -7.669398  -8.505758  -8.798832
  -8.003478  -8.099758  -8.39028   -7.685406  -6.539268  -6.998512]"
94,"[ -8.772906  -8.404084  -8.951488  -7.960268  -6.150088  -7.608846
  -6.409058  -7.043404  -7.013418  -9.40006   -8.922198 -10.796642
  -8.06722   -7.141946  -6.895504  -7.208878  -6.673828  -5.99082
  -8.050458  -9.487988  -8.716356  -7.706634  -7.575728  -8.356118
  -8.987738  -9.069808  -8.913846  -7.441458  -8.086592  -9.762908
  -7.08818 ]"
95,"[ -9.963704 -10.333454 -10.18103   -9.686232  -9.900136  -9.394782
  -9.661988  -9.151646  -9.008502 -10.227778  -9.64801   -9.784194
 -11.152704  -9.439848  -9.64424   -9.7498    -7.524108  -6.586712
  -7.847458  -7.328184]"
96,"[ -7.757732  -7.533852  -8.008814  -7.893568  -8.95491   -7.783368
  -8.80788   -8.923764  -8.679758  -8.439638  -9.5091    -9.484334
  -8.67854   -8.527566  -8.80759   -9.237254  -8.313488  -9.280348
  -8.848306  -9.135638  -8.670478  -9.195552  -9.245548 -10.316112
  -9.667382  -9.415256  -8.703248  -8.72494   -8.406346 -10.104528
  -9.331214 -10.688008  -7.898498  -6.801428  -7.990718  -7.422434
  -7.998258  -8.601284  -7.91149   -8.608534  -8.637708  -7.414488
  -8.451876  -8.526116  -8.281008  -8.370966  -8.752722  -8.485574
  -8.2418    -9.123226  -8.398806  -8.308152  -8.521418  -8.50483
  -8.356524  -8.470842  -8.355944  -9.040924  -7.90685   -8.75945
  -7.966648  -8.685964  -9.064066  -8.19482   -8.633126  -8.75046
  -8.576518  -7.437398  -8.239538  -8.179856  -8.745356  -8.248238
  -8.754578  -7.988572  -8.153118  -8.89952   -8.21802   -8.667462
  -8.25688   -8.286576  -7.593592  -8.28936   -8.53963   -8.085606
  -8.953344  -7.171932  -8.456922  -8.073774  -6.964292  -8.288432
  -8.971962  -7.137422  -8.467362  -8.331526  -8.07911   -8.904276
  -7.924424  -7.365478  -8.87835   -8.357684  -7.597768  -9.21214
  -8.88647   -8.660734  -7.83899   -8.75481   -8.172954  -8.144244
  -9.195436  -9.650388  -8.620192  -9.393738  -8.640608  -8.24093
  -8.810432  -8.92011   -9.013026  -8.560104  -8.820814  -9.518496
  -9.33684   -9.461946  -9.112032  -8.35606   -9.049972  -8.901898
  -9.372858  -9.588966  -9.09991   -8.291274  -8.785434  -8.829108
  -7.743464  -7.34541   -6.75816   -7.80216   -9.263122  -9.05148
  -8.364122  -8.426762  -8.35171   -8.493752  -9.999432  -9.959006
 -10.95504  -10.581404  -9.204136  -8.478556 -10.447714  -9.71964
 -10.789856  -8.173766  -9.724164  -8.139894  -9.889174  -8.15538
 -11.014374 -10.24773  -10.031622 -10.597122 -11.343872 -10.185728
 -10.388844  -7.122052  -6.769702  -7.540174  -6.526914  -8.241452
  -8.721924  -8.930202  -9.409804  -9.732516  -9.339218  -9.12427
  -8.863328 -10.118158  -6.955186  -7.887536  -8.187976  -8.406578
  -9.420186 -10.601298 -10.543762 -11.163898 -10.133818 -11.519554
 -11.500704 -11.145106 -11.367768 -11.502212 -11.231642 -10.503626
 -10.886194  -9.615936  -8.709918  -9.255872 -10.026286 -10.767932
 -10.963624 -10.652338  -9.902862  -9.214808 -10.26774   -9.278492
 -10.550026  -7.038648  -6.304368  -6.98262   -8.92968   -8.513704
  -8.530002  -6.117144]"
97,"[-10.03255  -10.08272   -9.541754  -9.759602 -10.044382  -8.84935
 -10.299872  -9.706184  -9.433468  -9.620692 -10.449744 -10.046412
  -9.603408  -9.577424  -9.836278 -10.029244 -10.217396  -8.545604
  -9.529052  -8.217672  -7.402366  -9.937952  -8.352348  -9.915274
 -10.041656 -10.002796 -10.335774  -9.911446  -9.995604  -7.95673 ]"
98,"[ -9.98209  -10.60385  -10.365412  -8.838098  -7.994604  -8.781896
  -8.546242  -8.82383   -9.64511   -8.92185   -8.364238  -9.168814
  -5.342206]"
99,"[-9.288236 -9.235862 -9.425928 -9.472096 -9.371814 -9.47923  -9.658682
 -9.527428 -9.144164 -9.422912 -9.532242 -9.496804 -9.379528 -8.898012
 -9.25129  -9.672544 -9.491178 -9.07294  -9.668774 -9.569072 -9.533344
 -9.475692 -9.39049  -9.470124 -9.124154 -9.03727  -9.208428 -9.368508
 -9.361432 -9.496572 -9.24723  -9.204484 -8.81513  -9.191434 -9.30929
 -9.498312 -9.42355  -9.679736 -9.118992 -8.99841  -9.295718 -9.081524
 -9.495412 -9.043186 -9.336492 -9.037328 -8.725984 -8.878408 -8.751504
 -9.582238 -9.46734  -9.54535  -9.309928 -9.029498 -9.525514 -9.42123
 -9.64018  -9.3873   -9.370132 -9.254248 -9.750148 -9.73559  -9.562054
 -9.472908 -9.575626 -9.641224 -9.539144 -9.194856 -9.48184  -8.842796
 -9.427552 -9.46415  -9.343858 -8.973238 -9.708214 -9.237486 -9.159128
 -9.548076 -9.549584 -8.77656  -9.35946  -8.963204 -9.24143  -9.160056
 -8.97927  -9.12282  -9.410094 -9.548888 -9.284756 -9.55782  -9.312016
 -9.559618 -9.197408 -9.182618 -9.643138 -9.430916 -9.308478 -9.388634
 -9.67324  -9.79446  -9.69673  -9.122704 -9.351224 -9.190796 -9.578816
 -9.59117  -9.495934 -9.286032 -9.493846 -9.315844 -9.122994 -9.526384
 -9.573364 -9.374424 -9.539086 -9.45545  -9.398842 -9.042316 -9.549236
 -9.447794 -9.15762  -9.565766 -9.277622 -9.64627  -8.665896 -9.067198
 -9.247462 -9.13964  -9.64598  -9.518844 -8.879568 -9.151588 -9.280638
 -9.07323  -9.169974 -9.517916 -9.50765  -9.47604  -9.6164   -9.221072
 -9.4714   -9.449824 -9.378252 -9.442748 -9.28957  -9.500922 -9.238356
 -9.335042 -9.49112  -9.55811  -9.588038 -9.428132 -9.310334 -9.545756
 -9.517684 -9.23186  -8.814434 -9.14544  -9.246128 -9.563098 -9.409746
 -9.43167  -9.635946 -9.090166 -8.947312 -9.293862 -9.139814 -9.439094
 -9.782628 -9.27478  -9.288932 -9.471864 -9.74835  -9.546626 -9.29653
 -9.490424 -9.664946 -9.507244 -9.272982 -9.270082 -9.445938 -9.511072
 -9.44153  -8.84152  -9.420766 -9.335738 -8.858862 -9.332142 -9.318744
 -8.853004 -9.199844 -9.643138 -9.28232  -9.2452   -9.404004 -9.594824
 -9.445126 -9.381964 -9.618952 -8.973064 -8.944876 -9.517394 -9.402322
 -9.521512 -9.381384 -9.519598 -9.525978 -9.449534 -9.212256 -9.547728
 -9.02886  -9.697774 -9.525456 -9.585602 -9.572494 -9.923742 -9.774276
 -9.64598  -9.30088  -9.145092 -9.301634 -9.695628 -9.5729   -9.375468
 -9.513508 -9.19677  -9.508578 -9.458814 -9.135348 -9.16023  -9.532242
 -9.44617  -9.4105   -9.466876 -9.029498 -9.075782 -9.021494 -9.501328
 -9.43892  -9.460438 -9.128562 -9.331852 -9.399828 -8.967612 -9.26347
 -9.10049  -9.29885  -9.614834 -9.532996 -9.332026 -9.415256 -9.479404
 -9.583862 -9.331156 -9.466818 -9.51403  -9.582876 -9.69441  -9.756876
 -9.114178 -8.981416 -9.440486 -9.396638 -9.293282 -9.395362 -9.030252
 -9.40412  -9.432714 -9.557762 -9.275128 -9.49982  -9.258714 -9.2278
 -9.390316 -9.552658 -9.057396 -9.383704 -9.486886 -9.178616 -9.583514
 -9.444198 -9.234876 -9.250072 -9.426508 -9.357082 -9.229888 -9.556776
 -9.350238 -9.488626 -9.557588 -9.536012 -8.79193  -9.356734 -9.237486
 -9.122066 -9.41224  -9.742898 -9.561126 -9.4308   -9.060354 -9.559502
 -9.293746 -9.2046   -9.67875  -9.41804  -9.359634 -9.461424 -9.38469
 -9.330286 -9.315554 -9.083786 -8.4158   -9.443096 -9.515016 -9.470182
 -9.360272 -9.069112 -9.19793  -9.547206 -9.248564 -9.216142 -9.39281
 -9.59204  -9.570406 -9.463976 -9.594534 -9.212662 -9.47778  -9.074912
 -8.958854 -9.36178  -9.578468 -9.529168 -9.401104 -9.530618 -9.275244
 -9.509738 -9.387474 -9.21504  -9.36062  -9.465252 -9.232208 -9.372452
 -9.357256 -9.528066 -9.73617  -9.657    -9.39136  -8.97637  -9.418678
 -9.329474 -9.516234 -9.369494 -9.323326 -9.149036 -8.98391  -9.159534
 -9.078856 -9.247404 -9.481202 -9.239226 -9.341886 -9.519656 -9.350818
 -9.399074 -9.639078 -9.499182 -9.661988 -9.520758 -9.345192 -9.507592
 -9.13123  -8.850278 -8.979792 -8.730044 -9.620634 -9.351224 -9.602364
 -9.929658 -9.447736 -9.471458 -9.42413  -9.37048  -9.335332 -9.394492
 -9.175078 -9.24723  -8.98681  -9.377034 -9.08831  -9.235746 -9.048754
 -9.142946 -9.508694 -9.276984 -9.16893  -9.572262 -8.940062 -9.08628
 -9.099446]"
100,"[ -8.270394  -5.668398  -7.369538  -7.506592  -7.820198  -8.056258
  -8.108632  -9.12833   -8.300322  -8.36244   -9.140626  -8.109154
  -8.889834 -10.036494  -9.549816  -9.546916  -8.334658  -9.410906
  -8.357858  -8.151784 -10.445162  -9.802174  -9.535606  -9.329706
  -9.231918  -8.88096  -10.387336  -7.850822  -6.63694   -8.789784
  -6.935466  -6.438232  -6.512936]"
101,"[ -8.735032  -8.74582   -8.601806  -8.33547   -8.693156 -10.173258
 -10.274758  -9.825374  -8.937452 -10.50264   -9.568666  -9.464324
  -9.98093  -10.15609  -10.09287   -9.58189  -10.47799  -10.095132
 -10.069728  -9.824678  -9.531604  -7.711738  -7.048682  -8.54543
  -9.497094  -8.595252  -9.127286  -7.356778  -8.007596  -8.271786
  -9.009488  -8.983794  -8.681382  -9.259584  -9.219796  -9.736286
  -8.57414   -9.280464 -10.042062  -9.88059   -8.254676  -8.86182
  -9.152284  -9.802754 -10.52758  -10.689516 -10.216816 -10.491272
 -10.550316 -10.64619   -9.831986  -9.994212  -9.883084  -9.873224
  -8.03068   -9.304418 -11.831536 -12.284226 -12.686282 -12.658964
 -12.737554 -12.828788 -12.124958 -12.324072 -12.298378 -12.261722
 -13.182936 -12.494186 -12.485544 -12.936958 -13.634872 -13.699078
 -11.777886 -12.949718 -13.65059  -12.659776 -11.080552 -12.961666
 -10.576996 -10.402358 -10.032608  -9.366188  -8.928926  -9.03002
  -8.987854  -8.963552  -8.951546  -8.602096  -9.337594  -9.041562
  -8.215294  -8.864256  -8.42566   -9.024104  -9.130476  -8.24093
  -8.64896   -8.852076  -9.44066   -9.159244  -9.027526  -9.428828
  -9.561184  -9.244678  -9.7846    -8.591482 -10.025126 -10.19176
  -8.263086]"
102,"[-10.065262  -9.76314   -9.693656  -9.494658  -9.71181   -9.054264
  -9.486538  -8.899288  -9.29276   -9.214112  -9.12688   -9.275882
  -9.550976  -9.19503   -9.419606  -9.523484  -9.340494  -9.710766
  -8.995452  -9.533344  -9.422216  -9.12543   -9.002992  -8.957694
  -9.273504  -8.983678  -9.442574  -8.799586  -8.780562  -9.318918
  -9.000498  -9.432772  -9.389678  -9.026192  -9.399944  -8.371778
  -9.252102  -9.48474   -9.414618  -9.399712  -8.968076  -9.362766
  -9.703516  -9.161332  -9.586646  -9.225944  -9.412588  -9.496398
  -9.686928  -9.579164  -9.34699   -9.361026  -9.511362  -9.130244
  -8.359308 -10.011786 -10.6198    -9.055482  -9.318686  -9.680084
  -9.062384 -10.114446  -8.852888  -9.02712   -8.949574  -8.742804
  -9.516002  -7.908764  -9.266892  -9.246128  -9.326806  -9.369842
  -9.512638  -9.05061   -9.416822  -9.238936  -9.09875   -9.545988
  -9.03959   -8.869244  -9.513682  -9.544422  -8.716066  -9.47749
  -9.46502   -9.437122  -9.095386  -9.408296  -9.237022  -9.157794
  -9.862552  -9.872934  -7.347208  -7.946348  -9.124734  -8.15538
  -8.87545   -9.719292  -9.080596  -8.50048   -7.563838  -8.426704
  -8.195806  -8.394572  -8.463534  -7.553514  -7.432874  -8.549606
  -8.748894  -9.79852   -8.799876  -8.505526  -8.34388   -7.339842
  -7.472604  -8.289708  -9.56217   -9.63438   -9.404816  -8.72958
  -9.39252   -6.611072  -5.986644  -6.556494  -9.464092  -8.384132
  -8.482848  -9.084888  -8.508484  -9.376164  -9.803392 -10.31385
 -10.506526  -9.730776 -10.122276  -9.334636 -10.580244 -10.985374
  -9.402554 -11.080088  -7.528922]"
103,"[-9.425986 -9.354066 -8.913324 -9.285162 -7.909402 -8.194008 -8.986114
 -9.99137  -8.652846 -9.712506 -9.729152 -9.426334 -9.084482 -9.745682
 -8.823134 -9.513218 -8.953402 -8.748488 -8.428154 -9.392114 -9.77213
 -8.794772 -6.960464 -9.353196 -8.315402 -9.079494 -8.956244 -9.274954
 -8.845696 -8.919356 -9.248796 -8.861414 -8.323928 -9.261498 -9.56478
 -8.587364 -9.242184 -9.38411  -9.338232 -9.213648 -9.999896 -9.415314
 -9.737562 -9.753686 -9.830652 -9.706358 -9.791096 -9.480506 -8.991044
 -9.536302 -8.67593  -8.739324 -6.554696]"
104,"[-10.142402  -9.546046  -9.316656  -9.935864  -9.497732  -9.256916
  -8.334484  -9.567796  -8.902246  -9.091848  -8.577736  -8.744718
 -10.303352  -8.991392  -8.662938  -9.044752  -8.899926  -9.495354
  -9.242242  -9.379818  -8.873246  -8.683412  -9.214112  -8.693504
  -8.580868  -9.591692  -9.407832  -9.375294  -9.978842  -9.528414
  -9.867192  -8.295566  -9.803856 -10.73464   -9.246708 -10.5415
 -10.356074  -9.344728  -9.987136  -9.540536 -10.287634 -10.50612
  -9.548134  -9.00914   -9.03814  -11.037342  -8.982054 -10.388554
  -7.005588  -7.347266  -8.356292]"
105,"[-10.450498 -10.065262 -10.44754  -11.083684 -10.79351  -10.57775
  -9.345946  -8.158454  -7.325458]"
106,"[-11.550642 -10.364252 -11.192376 -10.442378 -10.644392 -10.791654
 -11.590082 -11.941794 -11.363244 -10.54614  -10.64735  -11.126372
  -9.976638  -8.811012  -9.243692  -9.393216  -9.48822  -11.433076
 -10.305788  -9.986324 -10.871926 -11.468804 -10.375098 -10.268842
  -9.948508 -11.11483  -11.540318 -10.643464 -11.64727  -11.754802
 -11.52982  -11.976594 -11.292716 -11.0751    -9.501154  -9.936038
  -7.406194  -8.848074 -10.055924 -11.279492 -11.51126  -10.971106
 -10.692358 -11.7044   -11.709736 -12.15419  -11.172888 -10.652338
 -10.557508 -11.316844 -10.886426 -11.376004 -11.083684  -9.987252
  -9.45052   -9.802522 -10.746182 -10.52236  -10.641782  -9.876936
  -8.654992 -10.020312 -11.691988 -10.72449  -11.757876 -10.763234
 -10.367616 -10.322782 -10.051864 -10.465172  -9.101012 -10.360076
 -10.586914 -10.291984 -10.724838 -11.976536 -11.684854 -11.952814
 -10.589988 -11.705038 -11.58608  -11.778988  -9.204484 -10.537324
 -10.713122 -10.87384  -10.948486 -11.015302 -11.390794 -11.424028
  -9.677938  -9.4743   -10.471726 -10.84165  -10.732146 -10.543298
 -10.535932 -10.651932 -10.45653  -10.323884 -10.586566 -10.173606
 -10.443306  -9.729732 -10.987288 -10.6256   -10.892516 -11.519206
 -11.71455  -12.275874 -10.695316 -10.162238 -10.539122 -10.407462
 -10.461344 -10.581926 -10.731972 -10.241118 -10.996568 -10.566904
 -10.348476 -10.270118 -10.828542 -10.135036 -11.123298  -8.815304
  -9.1379    -9.56449   -9.374192  -8.321202  -9.335158  -8.926084
  -8.795816  -9.406846  -9.585602  -9.581426  -9.600682 -10.165428
  -9.400002 -10.194486  -9.6164    -9.75531   -9.326168  -9.771666
 -10.041018  -9.463744  -9.525282 -10.206782  -9.872528  -9.75705
  -9.440486  -9.624752  -9.64366  -10.0659    -9.500806 -10.066074
  -9.622258  -9.62104   -9.773058  -9.533924  -9.631712  -9.21591
 -10.006798 -10.402706  -9.451042  -9.977218 -10.134514  -9.135406
  -9.784948  -9.194392  -8.290578  -9.065864  -7.39065   -8.893952]"
107,"[-11.788964 -11.573784 -11.868946 -11.562822 -11.620996 -11.74094
 -11.640542 -11.991558 -12.18435  -10.677046  -9.83448   -8.463476
  -8.406346  -9.850952  -8.878292  -9.00218  -10.819436  -9.47198
 -10.052444 -11.651504 -10.169836  -9.794866  -9.871136  -8.061188
  -8.801964  -9.19938   -8.576634  -8.970512 -10.59312   -9.23882
  -9.856578  -9.356154  -9.608396  -9.537752  -9.60393   -8.951778
  -8.24731   -9.710998  -9.45922   -8.326654  -9.233948  -8.39811
 -10.083474 -11.285524 -10.524506 -10.787826 -11.377802 -11.306636
  -9.933602 -10.498232 -10.072686 -10.448874 -10.057548 -10.666548
  -8.85602   -8.905204 -10.14072   -9.650968  -9.263354  -9.315264
  -9.623882  -9.70862  -10.13724  -10.31269   -9.603292  -9.535142
  -9.010126  -9.572378  -9.825548  -7.929238  -7.560648 -10.39418
 -11.024234 -10.544342  -9.884534  -9.622142  -8.457038  -7.903428
  -9.632814  -8.95259   -8.795584 -10.157946  -9.923858  -9.990442
  -9.47923   -7.115672  -7.362694  -9.878386  -8.44741   -9.084714
  -8.640608  -8.084794  -8.471944  -9.255698  -9.707982  -9.578874
  -9.520236  -7.895192  -8.266508  -8.418352  -8.41029   -6.524594
  -8.555     -8.811186  -8.851148]"
108,[-6.915166]
109,"[ -9.650678  -9.913244  -9.601146  -9.409746  -9.930644  -9.39078
  -9.704502  -9.587748  -9.203498  -9.461018  -9.671268  -9.77822
  -9.811918  -9.439848  -9.465426  -9.085294  -9.466818  -9.729906
  -9.384516  -9.437702 -10.10969   -9.18314   -9.722366  -9.47024
  -9.402612  -9.25738   -8.948182  -9.221246  -9.223914  -8.817392
  -9.29972   -9.077754  -9.497036  -9.402264  -9.168582  -9.565418
 -10.023966  -9.312886  -9.153502  -9.473604  -9.055018  -9.02596
  -9.909706  -9.330286  -9.561358  -9.253784 -10.087882  -9.320194
  -9.110234  -9.497674  -8.739498  -9.167538  -9.820502  -9.904892
  -9.633916  -9.649112  -9.865104  -9.074738  -9.199844  -9.778162
  -9.793126  -9.363404  -9.845616  -9.367754  -9.535142  -9.657406
  -9.473662  -9.359518  -9.393042  -9.40093   -9.912896  -9.6512
  -9.886042  -9.637744  -9.406614  -8.998236  -9.147006  -9.538738
  -9.523774 -10.000882  -9.713318  -9.814644  -9.62481   -9.586762
  -9.603292  -9.60683   -9.361432  -9.361548  -9.535142  -8.635214
  -9.019348  -9.583514  -9.590938  -9.80722   -9.508114  -9.252566
  -8.511384  -8.639332  -9.370306  -8.918196 -10.442204  -9.27913
  -9.638498  -8.898534  -9.945376  -9.36526   -9.882388  -9.116904
  -8.687182  -9.63786   -8.888036  -9.302852  -9.806756  -9.053974
  -9.55666   -9.436078  -9.058788  -9.232034  -9.893292  -9.55318
  -8.65157   -8.871912  -9.151298  -9.228728  -9.702762  -9.556138
  -9.397508  -9.151298  -9.563562  -9.845094  -9.460612  -9.100258
  -9.694468  -9.740404  -9.134942  -9.234876  -9.811686  -9.761574
  -9.6019    -9.708156  -9.702588  -9.070272  -9.76227   -9.703864
  -9.840106  -9.629508  -9.84086   -9.379644  -9.330692  -9.775726
  -9.449128  -9.189578  -9.363288  -9.527544  -9.94468   -9.58044
  -9.223624  -9.243344 -10.049022  -9.314974  -9.487756  -9.777582
 -10.057084  -9.1466    -9.140278  -9.553992  -9.41601   -9.866554
  -9.490714  -8.99174   -9.6019    -9.046492  -9.394956  -9.163942
  -9.27014   -9.849038  -9.82085   -9.265964  -9.497964 -10.10534
  -9.260802  -9.700094  -9.590822  -9.81824   -9.617096  -9.722076
  -9.709084  -9.354878  -9.353834  -9.338116  -9.484856  -9.574524
  -9.815572  -9.917768  -9.291948  -9.95483   -9.147992  -9.422274
  -9.296646  -9.905994  -9.457422  -9.363288  -9.802986  -9.364738
  -9.545814  -9.68107   -9.657058  -8.943252  -9.640644  -9.329706
  -9.317816  -8.64896   -9.17183   -9.403366  -9.594534  -9.350064
  -9.863828  -9.147818  -9.61408   -9.847646  -7.389142  -5.835902
  -5.053366  -5.454668]"
110,"[ -6.510732  -7.46576   -8.87951   -6.48672   -8.335412  -9.212256
  -8.026504  -9.655782  -9.48967  -10.006798  -9.375642  -9.43834
  -9.645458  -8.844942  -8.514458  -9.93946   -9.60654   -9.105652
  -9.412994  -9.38846   -9.339798  -9.17589   -9.850488  -9.68977
  -9.803392  -9.509564  -9.85449   -9.69528   -9.76691   -9.811164
  -9.569942  -9.87276   -9.763256  -9.781468  -9.81708   -9.482072
  -9.797302  -9.705488  -8.650468  -9.712448  -8.38071   -8.669608
  -7.99646   -8.213206  -8.304846  -9.062152  -9.368102 -10.168154
 -10.04908  -10.17349  -10.256546  -9.566114  -9.153154  -9.471922
  -9.831232  -9.557298 -10.006102  -8.992842  -9.876936  -9.394666
  -7.430264  -8.33779   -8.92707   -8.885774 -10.349578  -9.536824
  -9.344902 -10.04415   -9.955874  -9.595752  -9.291484  -7.937706
  -8.983504  -8.999686  -8.360816  -8.678946  -5.714624]"
111,[-8.87603 -7.48809]
112,"[-10.185844 -11.061644  -9.659378 -10.100004 -10.978646 -10.277078
 -11.164826 -10.933    -10.553506  -9.740752  -7.980684  -9.380688
 -10.20423  -10.345228 -10.397718 -11.036124 -10.692474 -10.234796
 -10.47103  -11.166334  -8.974862  -8.97579   -9.75125   -9.351398
  -9.020392  -9.516118  -9.495934  -8.99058   -8.346606  -7.447838
 -10.553796  -9.934588  -9.077812  -9.26579  -10.402242 -10.644392
 -11.26476   -9.996126 -10.744326 -10.808242 -10.94692  -10.269828
 -10.660284 -10.052734  -9.522382 -10.606518 -10.111082 -10.139734
 -10.863516  -9.970548 -11.35118  -10.499972 -10.06416  -10.183872
  -8.80498   -8.077312  -5.150516]"
113,"[ -8.420614  -8.616248  -9.100722  -8.71102   -9.6048    -8.276368
  -8.930028  -8.747618  -8.978458  -9.142018  -8.81078   -9.484972
  -8.212452  -8.805502  -9.45632   -8.585508 -10.002796  -8.467942
  -9.53462   -9.406788  -7.94252   -9.244504  -9.035704  -8.950444
  -9.086802  -9.124792  -9.071606  -8.69362   -9.119108  -9.067836
  -8.081836  -9.565708  -8.9755    -8.5724    -9.713434  -9.021436
  -8.455588  -9.769984  -9.384516  -8.34678   -9.125488  -9.13355
  -8.88908   -9.10629   -8.547982  -9.198568  -8.5869    -8.757304
  -8.786826  -9.314452  -9.09585   -8.055504  -8.830326  -8.712644
  -8.84413   -8.525246  -9.052988  -8.730508  -9.462526  -9.240502
  -8.550012  -9.6454    -8.537542  -9.211792  -8.88212   -8.956882
  -9.254016  -8.94853   -8.811534  -8.759624  -9.067662  -9.274838
  -9.10165   -8.5956    -8.421252  -9.173512  -8.753244  -8.968134
  -8.73654   -9.664888  -8.041758  -9.70804   -8.109386  -7.430902
  -8.662822  -9.46415   -8.91199  -10.310486  -8.783694  -9.698296
  -9.667034  -8.988492  -9.462526  -8.872492  -8.926896  -8.901086
  -9.37541   -8.741528 -10.369588  -9.402786  -9.406034  -7.946638
  -8.416844  -8.382334  -7.084178  -6.378376  -7.535824  -8.37172
 -10.169894 -10.729304 -10.006334 -11.561894 -10.1877   -10.094552
  -9.275302  -9.53549   -9.368392  -8.64026   -8.148652  -9.277564
  -9.529168  -9.54738   -8.608708  -8.556798  -9.13529  -11.162506
 -11.230772 -11.247534 -10.729652 -10.778604 -11.29695  -11.226132
 -11.184314 -11.295558 -11.211632  -8.94302   -8.630458  -7.441168
  -9.151936 -10.633314  -9.973332  -9.8107    -9.744986  -9.59871
  -8.573966  -9.205354  -7.11428   -7.03366   -9.727992 -10.906494
 -10.28978   -9.5091   -10.404446 -10.637606  -9.376338 -10.899708
  -9.559154 -10.716312 -10.8663   -10.527348 -10.1123    -9.511594
 -10.729188 -10.04038  -10.938452 -10.084228  -7.830058  -9.820212
 -10.739048 -10.20133   -9.933254  -9.255176  -9.86116   -8.790364
  -8.375432  -9.230352  -5.690728]"
114,[-8.68144  -6.484284 -7.307942 -8.803298 -9.568782 -6.912846]
115,"[ -9.705604  -8.205666  -7.833074  -6.814014  -7.869092  -8.922024
 -11.16442  -10.061724 -11.554412 -10.322028 -11.24388  -11.402916
 -11.753236 -11.092732 -10.441914 -10.138864 -10.993088 -10.86137
 -11.46138  -10.83788  -11.333838  -9.553064 -10.75639  -11.09888
 -11.10294  -12.065798 -11.99411  -11.450824 -10.822104 -11.124806
 -10.36634  -10.032608  -9.688204  -9.714188  -9.65671  -10.48466
 -10.29529  -11.09076  -10.766192  -9.633162 -10.49307  -10.891008
 -10.223254 -11.081828 -11.45181  -10.854236  -9.706184 -10.350332
 -11.52663  -11.053466 -10.112764 -10.330148  -6.840868  -7.004022
  -7.645618  -7.646662  -9.414038  -9.790052  -9.231048  -9.584442
  -9.632408  -9.337478  -9.50649   -8.91373   -8.246788  -8.855614
  -9.327212  -9.027294  -9.495122  -8.776154  -9.408064  -8.948472
  -9.367174  -9.203324  -9.000324  -9.37599   -9.430394  -8.89285
  -9.164812  -9.721322  -9.610426  -8.774356  -8.35519   -9.70079
  -9.402206  -9.35888   -9.739128  -9.700848  -9.562924  -9.043244
  -9.970084  -9.655028  -9.995314  -9.63728   -8.884092  -9.623882
  -9.608048  -9.017318  -9.4337    -9.064124  -9.140974  -9.886912
  -7.476606  -6.5453  ]"
116,"[-11.6812    -9.618024  -9.370828 -11.543856  -9.809598  -8.61329
  -8.538992  -9.374482  -9.354588  -9.829608  -9.652882  -8.054228
  -6.724346  -8.206072  -8.66375   -7.98805   -7.933878  -9.296414
  -8.687182 -10.42463   -7.87321   -8.562366  -8.35084   -9.873746
  -9.563272  -9.751714 -10.257996  -9.893582 -10.505076 -10.173142
  -8.796048  -8.036364  -7.993444  -8.179218  -9.950828  -9.866786
  -9.5207    -9.191376  -9.094226  -6.914238]"
117,"[-10.282762 -10.159048 -10.122682  -9.861566 -10.283516 -10.199706
 -10.546314 -10.781156  -9.404816 -10.51105  -10.60269  -10.476714
 -10.378114 -10.627282 -10.334556 -10.494926 -10.439768  -9.871716
 -10.477584 -10.392382 -10.904928 -10.087186 -10.272496 -10.478512
  -9.771782 -10.195182 -10.399864 -10.665214  -9.080132  -9.738838
 -10.683484 -10.367326 -10.501364 -10.826976 -11.04842  -10.522418
 -10.44725  -10.834284 -11.028236 -10.361468 -10.815028 -10.394992
 -10.507802 -10.429618  -9.571218  -9.96121  -10.677974 -10.465868
 -10.21003  -10.603212  -9.971534  -9.661756 -10.586972 -10.340472
  -9.659088 -10.487038 -10.471204 -10.540978  -9.55347  -10.117404
  -9.968808  -9.90147  -10.707496 -10.604952  -9.891842 -10.489938
 -10.073614 -10.216758 -10.295812 -10.343546  -9.315786 -10.08185
 -10.462736 -10.315126 -10.33618  -10.550896 -10.27702  -10.089622
  -9.677126 -10.640332 -10.14768  -10.826338  -9.506084 -10.598282
 -10.310718 -10.28195  -10.304512 -10.472886  -9.99282  -10.70158
 -10.581462 -10.51337  -10.525666 -10.081792  -9.690872 -10.273366
  -9.360214  -9.560198 -10.650366  -9.96614   -9.602016 -10.377708
 -10.217976  -9.890972 -10.358568 -10.16566  -10.125872 -10.030056
 -10.276614 -10.259156 -10.342734 -10.340414  -9.888246  -9.989456
  -8.195342 -10.570152 -10.487676 -10.378578  -9.79823  -10.4777
 -10.072802 -10.671246 -10.636098 -10.546604 -10.263912 -10.008828
  -9.873688  -9.226466 -10.240944  -9.448316 -10.277426 -10.638186
 -10.33096  -10.370922 -10.319766 -10.314546 -10.642594 -10.340066
 -10.42376  -10.504554 -10.080284 -10.162702 -10.511108 -10.558378
  -9.900832 -10.205506 -10.506932  -9.131288  -8.670188  -9.486074
  -9.752758  -9.695976  -9.371292  -7.983526  -8.44132  -10.08562
 -10.524796 -10.403286 -10.198024  -9.12746   -8.183684  -6.565716]"
118,[-7.122458 -6.048066 -5.24146 ]
119,"[-6.24138  -6.570414 -8.14813  -6.566354 -5.894366 -7.55044  -8.731262
 -8.854106 -7.376034 -6.18657 ]"
120,"[-7.181212 -7.734184 -8.179682 -6.599182 -6.226648 -8.332512 -8.7812
 -9.371002 -7.241648 -8.020472 -5.805916 -5.810614 -8.325146 -7.068808]"
121,"[-10.326668  -9.921654  -9.209588  -8.181886 -10.031912  -9.066444
 -10.016948 -10.52613   -9.564374  -8.392832 -10.191818 -10.426312
 -10.453804 -10.803718 -10.46378  -10.362338  -9.967068  -9.082568
 -10.081386  -9.530618 -10.06213   -9.599232  -9.429698 -10.257068
 -10.26223   -9.959876  -9.482884  -8.878582  -9.62423   -8.728652
  -8.453674  -8.070816  -5.989254  -7.598986  -5.944884  -7.409036
  -8.121334  -6.600284  -8.29574   -9.137958  -8.97753   -8.776618
  -9.005486  -9.692786  -9.698238  -9.79562   -8.387322  -7.507172
  -6.830892  -7.53188   -7.78795   -8.594266  -8.30937   -8.004
 -10.609128  -8.465912 -10.234912 -10.569862 -11.018724 -10.873086
 -11.279144 -10.599906 -10.62763  -10.36373   -9.174904  -9.535258
  -9.024742 -11.076492  -9.337188  -8.336282  -8.525768 -11.127068
  -9.60074  -11.289004 -11.034558 -10.96925  -10.53715  -10.264782
  -8.791118  -8.143548  -6.998454  -8.078356  -9.25071   -8.95984
  -9.723816 -10.655412 -10.839098 -10.669506  -9.868236 -10.38867
 -10.519112 -11.339232 -10.752272 -10.886542 -11.119006 -10.800412
 -10.002738  -8.62808   -8.093784  -9.461714  -5.563476]"
122,"[-11.07191  -10.549794 -10.40462  -11.278796 -10.882656  -9.834828
  -9.096952  -9.828042 -10.57079  -11.380876 -11.498152 -11.536954
 -10.941526 -11.073476 -10.42956  -10.666548 -10.650482 -11.263368
 -10.852496 -11.51967  -10.710338 -10.931782 -10.655296 -11.68584
 -12.229126 -11.834668 -11.483942  -9.604858 -11.380934 -10.089274
 -11.00115  -10.739048 -11.797432 -11.949566  -9.020566 -10.234912
 -11.268414 -11.449954 -11.103636 -10.782838 -11.555398 -11.576568
 -11.15369  -11.587066 -10.588886 -11.330822 -11.59014  -11.620474
  -9.635946  -9.27043   -6.676264  -8.41754   -6.399546  -7.225698
  -8.214134  -8.88096   -8.798542  -7.211952  -7.730994  -7.474576
  -6.975544  -7.05019   -8.123944  -9.585312  -7.797868  -8.856774
  -9.10194   -9.959412  -9.57667   -8.330946  -6.277456  -5.664106
  -6.33592   -7.939214  -9.65178   -9.823866 -10.19292   -9.678866
  -9.555732  -9.455972  -9.243634  -7.500154  -6.299322  -8.260766
  -9.6222    -6.660778  -7.472604 -11.05219   -7.924772  -6.027476
  -6.289056]"
123,"[ -7.326502  -7.77751   -9.544074  -9.785354 -10.450962  -9.859884
  -9.282088  -9.981046  -9.205644  -9.66831   -8.186584  -9.980582
 -10.236072  -7.163     -9.23882   -8.646466  -9.502604  -9.444488
  -7.454682  -6.901884  -7.904356  -8.272308  -8.918312  -9.0857
  -8.820234  -9.64337   -9.523832  -9.202338  -9.57203   -8.865474
  -7.460192  -7.032384  -8.450426  -7.077682  -9.37976   -8.467246]"
124,"[ -8.214192  -8.162862  -8.903058  -8.792452  -7.592258  -8.600936
  -7.552412  -7.076928 -10.036378  -8.423166  -8.031318  -8.237914
  -9.077928  -7.99965   -8.924866  -8.15654   -7.054714  -8.039902
  -8.141402  -8.488648  -8.844884 -10.4922    -7.92338   -8.004174
  -9.200308  -9.02277   -7.86422   -7.913868  -9.811396  -9.031992
  -9.383008  -7.982076  -9.029846  -7.928078  -6.285518  -6.731828
  -8.137226  -8.839316  -8.210712  -8.679642  -7.87031   -7.004718
  -7.162652  -8.639158  -9.945086 -10.106674  -9.267066  -9.982786
  -9.777988 -10.088926  -9.674922  -9.95976   -9.556312 -10.34459
 -11.59884  -11.69048  -11.312436 -11.710374 -10.422716 -11.011706
 -11.133796 -11.081654 -11.27317  -11.3564   -11.4666   -10.472074
 -11.410572 -10.802964 -11.175962 -10.152958 -10.72188  -10.223834
 -10.548402 -10.96258  -10.363092 -10.588364 -10.967394 -11.007878
 -11.0287   -10.824888  -9.883142 -10.52062  -11.111234 -10.044904
  -9.866554 -10.213046  -8.961232  -7.6676    -5.355952]"
125,"[-7.425972 -8.30937  -8.16553  -7.127388 -8.151668 -8.418062 -8.206246
 -8.880786 -8.104804 -7.299474 -8.601458 -7.936952 -9.293108 -9.347338
 -9.189752 -9.661292 -8.549374 -5.551702]"
126,"[ -8.949168  -8.673958  -9.10745  -10.465868  -9.677938  -9.466412
  -8.37578   -8.698028  -6.662286  -5.8754    -6.806358  -9.86522
  -9.419606  -9.64714  -10.955968  -8.85776   -8.140416  -7.591156
 -10.082662  -8.790654  -7.856158  -9.379934  -9.595868  -9.749742
 -10.691314  -9.632234 -10.20597   -9.611702  -9.683564 -10.63662
  -9.480216  -9.82926   -8.793032  -8.630342  -9.262542  -9.058266
  -8.412436  -8.27544   -7.839048  -7.12066   -7.324588 -10.177724
  -8.89749   -9.152574  -8.828122 -10.26861   -9.878966 -10.849364
  -9.5004    -8.662184  -9.913592 -10.526536 -10.621308 -10.127612
  -9.50852  -10.104412 -10.872564 -11.12208  -10.060622  -9.830652
  -8.14784   -5.164436]"
127,"[ -9.426856  -9.454696  -9.532532  -8.416032  -6.501916  -6.667448
  -8.82963  -10.478686  -8.00284   -6.330294]"
128,"[ -8.72813   -8.95694  -12.424296  -8.925504  -8.118028 -10.02849
 -10.622236 -10.573226 -12.448598 -11.194116 -10.618872 -11.578134
 -11.779046 -10.465462 -11.544668 -11.161752 -12.299306 -11.431916
 -12.396398 -10.399052 -11.228278 -11.42426  -11.841976 -10.748328
 -10.960898 -11.018956 -10.875    -11.151892 -10.975166 -10.656224
 -11.970852  -9.722714  -9.92612   -9.310914 -11.507142 -10.258982
  -9.566752  -8.779576  -8.948704  -8.53992   -8.65592  -10.620728
 -10.384378  -9.838888 -10.183988  -9.296182 -10.761552  -9.770912
 -10.623222 -10.846116  -8.792394  -9.535954 -10.466158  -9.587168
  -8.246672 -10.254922 -10.228706 -10.914556 -11.694308  -9.838888
 -10.758826 -11.192782 -10.540398 -11.700224 -10.760914 -10.834168
 -10.815898 -11.548728 -11.441022 -11.290512 -10.86282  -11.19429
 -11.29492  -10.915368 -11.2346   -11.291904 -10.943962  -9.85797
  -8.562772 -11.915056  -9.640586 -10.19495  -10.416684 -11.035834
  -8.459358  -9.30581   -9.548888 -10.273134 -10.29587   -9.810932
  -9.324022  -9.382544 -10.679308 -10.599732 -10.629486 -10.752736
 -10.353058 -11.10294  -10.652106 -10.276266  -9.685652 -11.184314
 -10.446032  -8.528958  -9.284698  -7.274708  -6.617162  -9.997286
 -10.438492 -12.216598 -10.020834 -10.949472 -11.259772  -9.651838
  -8.321608  -7.358634  -8.116462  -6.692562  -7.92106  -10.652976
 -10.794844 -10.246048 -11.090296  -9.929716 -10.35793   -8.890414
  -9.509216 -10.16972  -11.293122 -11.78676  -11.618212  -9.678054
  -9.856056  -9.248796 -10.159338  -9.601436 -10.201446  -8.888036
  -9.053336  -9.382486  -9.96672   -9.317932  -9.580092  -8.52252
  -9.768302  -9.949088  -8.916224  -8.281704  -8.144302  -7.41907
  -7.661104  -7.355444  -8.235594  -9.90959   -8.736714  -8.652846
  -9.546742  -9.087092  -9.03988   -8.37201   -8.72001   -9.741564
  -7.060688  -6.920618  -9.292992  -9.67266   -8.714268 -10.842404
 -10.251442 -10.859224 -11.23402  -10.080574 -11.218708 -11.402046
 -10.543182 -11.012112 -10.63227  -10.788464 -10.785216  -9.639252
 -11.09743  -10.375388 -11.049348  -8.920052  -7.375802  -8.475888
  -9.162956  -9.497384 -10.518764 -11.330532 -11.35727  -10.985432
 -10.978356 -10.792872 -10.266232 -10.66678  -10.774776 -10.463954
  -9.926816 -10.46987  -10.273076  -8.339356  -9.698238  -8.869592
  -9.69267   -9.29856   -8.758522  -9.607758  -9.546742  -9.96817
  -9.931514  -9.643312  -9.575742  -8.95288   -7.602408  -6.843478
  -8.124292  -5.964256  -6.908786  -8.625006  -8.808924  -8.253226
  -7.055584  -7.947624  -6.456618  -8.645306  -7.445924  -6.435854
  -7.634018  -7.80013   -7.996634  -8.167618  -7.564476  -9.103158
  -9.220318  -7.992574  -7.430554  -8.451412  -9.929078  -8.188382
  -7.249246  -6.740006  -8.457386  -8.315982  -7.243794  -7.054482
  -7.085222  -7.705648  -9.002934 -10.015208  -9.250768  -9.298734
 -10.028316  -8.761654  -9.41456   -9.061804 -10.191702  -9.292876
  -9.144512  -9.339102  -9.96005   -9.745914  -9.483812  -9.901992
 -10.187236  -9.524702 -10.589988  -9.718538 -10.141242  -9.534968
 -10.09026  -10.04995   -9.42993  -10.361642  -9.641398  -9.28377
  -9.59639   -9.03437  -10.218846  -9.239168  -8.485226  -9.215968
  -8.284488  -9.132796  -8.184496  -8.655224  -8.34272  -10.950458
  -9.371756  -7.730182  -8.036422  -9.028628  -8.302062  -7.894728
  -8.751562  -8.521882  -8.849524  -8.103528  -8.540558  -8.803588
  -8.439232  -8.331004  -7.406426  -7.11718   -8.782302  -9.682636
 -10.805458 -10.550722  -8.336108  -8.883744  -8.50802   -7.874544
 -10.016368  -8.904102  -9.798056 -10.270118 -10.586856  -9.373264
  -9.522556  -9.606308  -7.984454  -8.419686  -8.2041    -9.02799
  -8.110314  -9.493846  -8.490736  -8.102368  -8.255778  -8.10347
  -7.872862  -7.438674  -8.712992  -8.432562  -8.855672  -8.060608
  -9.995024  -7.953888  -7.44285   -9.863422  -5.899064]"
129,"[-10.036494  -9.216722  -9.74342   -8.999976  -7.774436  -8.524434
  -8.79918   -8.396718  -8.516952  -8.542646  -8.061304  -8.253864
  -9.125778  -9.595288  -8.407158  -8.39173   -8.968656  -6.549302]"
130,"[ -8.848596  -9.015868  -8.290288  -9.532996  -9.519598  -9.334752
  -9.393274  -9.374946 -10.148202  -8.196328  -8.184264  -8.240234
  -8.734336  -8.37868   -8.093842  -5.21391   -6.822946  -8.201896
  -7.234282  -6.772544  -5.164436  -6.667912  -7.061848  -7.86219
  -8.877132  -8.528494  -8.543748  -8.199402  -9.71007   -9.284292
  -8.774298  -9.391418  -9.89277   -9.020334  -8.95607   -9.463918
  -9.576844  -7.620562  -9.832102  -8.607258  -8.080038  -5.553848
  -6.27705   -7.47417   -5.999868  -5.990588  -5.585632  -6.899738
  -8.560394  -8.577156  -7.549396]"
131,[-7.64527 -6.07695]
132,"[ -8.2041    -6.661126  -9.52563   -9.442516  -9.363288  -9.759544
  -9.262716  -9.383124 -10.68128   -7.121762  -8.862226 -10.121696
 -10.84542  -12.377374 -12.8035   -12.584202 -12.581592 -13.150804
 -13.44933  -13.437672 -13.069546 -12.902506 -13.12076  -13.263092
 -12.584028 -12.407418 -13.017926 -11.05625  -10.356886 -11.297936
 -12.779662  -9.09527   -8.643044  -7.82391   -8.358148  -9.367348
  -9.568434 -10.38142  -10.363498 -10.384204 -10.310312  -9.735822
 -10.32023  -10.425152  -9.977334 -10.590104 -10.604546  -9.92757
 -10.755868 -10.717298  -9.867018  -9.849328 -10.725882 -10.0456
 -10.562322 -10.79351  -10.15319  -10.321158  -9.778104  -9.455334
  -8.899462  -9.34989   -8.11101   -8.646814  -8.920632  -9.549932
  -9.225132  -9.50968   -8.764264  -9.4975    -9.333302  -8.860312
  -5.930674  -5.408732]"
133,"[ -8.375606  -8.488358  -9.143352  -9.836046  -7.926686  -6.791336
  -6.5018   -10.377592  -9.630262  -6.379362]"
134,"[ -9.064008  -8.930608  -9.062036  -8.431518  -8.76844  -10.24599
 -10.262868 -10.506178  -9.788022  -9.609904  -9.48909   -9.720336
  -9.37918   -8.714558  -9.58827   -9.195378  -9.446054  -9.467804
 -10.193732 -10.552868  -9.590184  -9.92409   -9.920668 -10.544516
  -8.848074  -9.29566  -10.19814   -9.558922 -10.418134  -9.047246
  -9.930354  -8.578316 -10.207362 -10.795656  -9.43747   -9.186388
  -9.679446  -9.238646  -9.687334  -8.937684  -8.89633   -9.282842
  -9.880706 -10.23294  -10.025358  -9.064182 -10.29732   -9.664714
  -9.537926  -8.496826  -8.815884  -6.082518  -5.893902  -6.740934
  -9.13007   -7.152908  -6.324494  -6.854846  -7.305796]"
135,"[ -9.38353   -9.119572  -7.748742 -10.19698  -10.280964  -9.378658
  -8.204158  -8.26152   -8.722736  -7.957542  -8.265928  -7.98196
  -7.446968 -10.190542  -9.257496  -8.82876   -8.610912  -8.271902
  -8.43697   -9.230932  -9.411776  -8.909844  -8.935886  -9.609498
  -9.811976  -8.738976 -11.02928   -9.545988  -9.162782 -10.656282
 -10.32603   -9.209356  -9.828796  -6.571168]"
136,"[ -9.195726  -8.929042  -8.913556  -9.264224  -9.30755   -9.212894
  -9.353486  -9.278782  -9.182618  -9.240212  -9.513508  -9.322456
  -9.607062  -9.20431   -9.454638  -9.20721   -9.57725   -9.393854
  -9.037908  -8.884034  -9.449708  -9.028802  -9.296646  -9.07352
  -9.561126  -8.979502  -9.357778  -9.106812 -10.811838 -10.367964
  -8.23194  -10.182944  -9.78605   -9.131868  -9.637976  -8.69681
  -8.4419    -9.180008  -9.27507   -9.531836  -9.20402   -8.661778
  -8.54949   -7.639006  -6.898578  -9.637048  -9.568434  -7.69138
  -7.042476]"
137,"[-11.991964 -12.880234 -12.46014  -12.458864 -12.6063   -12.082038
 -12.884062 -12.761682 -12.851698 -12.69562  -12.746486 -12.540644
 -12.709598 -12.887948 -12.803964 -12.48247  -12.63182  -12.62892
 -12.50828  -12.935682 -12.649162 -12.0669   -12.675146 -12.808488
 -12.883946 -12.588262 -12.846478 -12.2641   -12.986722 -12.865792
 -12.740454 -12.391178 -12.388858 -12.793234 -12.741962 -12.358292
 -12.601892 -13.085264 -12.555086 -12.55526  -12.916542 -12.820784
 -12.72752  -12.53351  -12.050486 -12.571036 -12.17565  -12.674624
 -12.905058 -12.976978 -13.117976 -12.909582 -12.57266  -12.611462
 -12.835748 -12.892124 -12.921588 -12.01325  -12.617204 -12.617494
 -12.226806 -12.348548 -12.181276 -12.780126 -12.1626   -12.494128
 -12.351564 -12.719864 -12.486182 -12.47435  -12.787782 -12.743934
 -12.86034  -12.758956 -12.963348 -12.771832 -12.84004  -12.557754
 -12.789986 -12.49668  -12.493664 -12.645334 -12.721894 -12.870606
 -12.830586 -12.801992 -12.679148 -12.689994 -12.755766 -12.61268
 -11.801144 -12.998612 -11.85259  -12.484732 -12.648756 -12.91196
 -12.36328  -13.239138 -12.458806 -12.463156 -12.645856 -13.140596
 -12.83018  -12.518894 -12.812664 -12.845376 -12.744978 -13.009226
 -12.681236 -12.689994 -12.928026 -12.539774 -12.659602 -12.95053
 -12.314734 -12.669404 -12.523824 -12.617784 -12.926692  -9.911388
  -8.471132 -11.040996  -9.746784  -8.479368  -8.87545   -9.93221
  -9.690582 -10.738584 -10.308978 -10.585638 -10.172388 -10.373706
 -10.497768  -9.3148   -10.435302  -8.941512  -9.49315   -9.310682
  -9.010532  -9.590126  -8.433548  -9.758906  -9.319498  -9.159998
  -9.02132   -9.811048  -9.171482  -8.544908 -10.166646 -10.252254
 -10.331308  -9.289338  -9.316772  -7.846878  -9.809366  -7.497428
  -7.090906  -9.332606 -10.493708  -9.96904   -8.556508 -10.26136
  -9.570348  -8.607084  -8.1635   -10.24164   -9.487872  -9.335796
  -8.593338  -8.839026  -9.210052  -8.872608  -9.442342  -9.304244
  -8.944296  -9.180994  -9.25999   -8.89836   -8.377346  -9.364506
  -8.327118  -9.772362  -8.640492  -8.219006  -8.052024  -7.55479
  -6.822134  -6.836286  -7.202498  -8.61097   -7.239502  -9.554166
  -9.369146  -9.539376  -9.85797   -9.887782  -9.260744 -10.10824
 -10.155336 -10.858412 -10.051342  -9.267414 -10.304454  -9.381906
  -9.629508  -9.568782 -10.01138   -9.921538 -10.023676 -10.039104
  -9.748756 -10.125988  -9.64395  -10.034116  -9.202164  -9.851706
 -10.101048 -10.324928  -9.843296 -10.27006   -9.724686  -9.60219
  -9.514784  -9.44095   -9.827984  -8.480702  -9.900194  -9.323384
  -9.560894  -9.719582  -8.507382 -11.01971   -8.791872 -10.110966
  -9.709722  -9.318048 -10.305962 -10.168502  -8.929042 -10.744152
 -11.456276 -10.797338  -8.056026  -8.885948  -9.532822 -10.325914
  -9.412124  -9.300126 -10.191122  -9.261846 -10.216526 -10.841244
  -9.71993   -9.98499   -9.17937   -9.547728  -9.759602  -9.11615
 -10.865314  -9.428364  -9.563272  -9.01204  -10.124364 -10.062014
 -10.04531   -9.828796 -10.107312  -9.973158 -10.239668 -11.184546
  -9.49083  -10.378578  -9.77271   -9.38875  -10.26484   -9.004848
 -10.270582  -9.673066  -9.512     -9.751656 -10.032434 -10.912236
  -9.794924 -10.422194  -9.329126  -9.687682 -10.438492  -9.690872
  -9.477896 -10.779648  -9.200018  -8.973122 -10.18335   -9.869628
  -8.957578  -9.754208  -9.393564 -10.0108    -9.321702  -9.523774
  -9.475634 -10.729362  -9.121834  -8.759972  -9.563446  -9.943926
  -9.492106  -9.657522  -9.491178  -8.839838 -10.125582  -9.272518
  -9.5729    -9.455276  -9.373438 -10.348302 -10.164152 -10.473408
  -9.489032  -9.86493   -8.781606 -10.11694  -10.036726 -10.035914
 -10.296276 -10.198198 -10.21873   -9.9934    -8.71856   -9.951234
 -10.038814  -9.693656  -9.843122 -10.231722  -8.952706  -9.978494
  -9.209588 -10.210146 -10.155626  -9.408006 -10.486052  -9.921074
  -8.694606 -10.898258 -11.290744 -10.759522 -10.046644 -10.152784
 -10.550374 -11.27433  -11.553252  -8.957636  -8.946326  -9.716218
 -11.393868  -8.868142  -9.435324  -8.972948  -9.389504 -11.64002
 -11.186808 -10.068336 -10.574792 -10.034696  -8.31401   -7.486002
  -7.376904  -8.180436  -8.609172  -6.329888  -7.744218  -9.352152
  -7.957136  -8.787696  -8.500016  -8.488242  -7.605598]"
138,"[ -9.135638  -7.738128  -9.106116  -7.95818   -7.055236  -8.842274
  -8.839664  -9.515538  -8.840708  -7.93991   -9.145208  -8.394804
  -8.882874  -9.422854  -9.016622  -9.146832  -8.378332  -8.272076
  -8.68376   -8.488822  -9.07352   -7.637382  -8.371778  -8.576402
  -8.67332   -9.684144 -10.313444 -10.51801  -11.221202 -11.305766
 -10.52294  -13.80603  -11.518568 -12.968858 -12.397732 -12.693358
 -12.953256 -13.078246 -12.988404 -11.166624 -11.39352  -11.753526
 -10.753954  -9.333186 -10.3385   -10.126162  -9.927106  -9.494716
  -7.449694  -6.213888  -6.880308  -9.537752  -9.40412  -10.28253
  -9.47923  -10.14362  -10.086084  -9.807394  -9.619474  -9.876762
  -9.334578  -9.8745    -9.759776  -9.837206 -10.076224  -9.660016
  -9.282378  -9.571334  -9.962428  -9.681244 -10.38374   -9.119978
  -9.156634  -9.677416  -9.743942  -9.558748  -9.98731  -10.151624
  -9.968866  -9.00421  -10.030288  -9.403134  -9.903906  -9.48677
  -9.868004  -9.908836  -9.912838  -9.801942  -9.797882  -9.543262
 -10.05778   -9.469312 -10.403692 -10.26484   -9.77735  -10.052618
  -9.396638 -10.22308  -10.04647   -9.27623   -9.549642  -9.923162
  -9.703284  -9.958252  -9.090514  -9.72515   -8.783172  -9.85797
  -9.742492  -9.228728  -9.757166  -9.407658  -8.83978   -9.004036
 -10.560466 -10.015498  -9.458118 -10.105398  -9.78199   -9.169742
 -10.495042  -9.812846  -8.999164  -8.68695   -7.680418  -8.542472
 -11.366724  -9.079436  -7.373134  -7.97819   -8.060144  -8.944528
  -9.954946  -9.800202  -9.745218  -9.212778  -9.675444  -9.716972
  -9.954888  -9.930702  -9.446924  -9.237196  -9.23592   -9.485088
  -9.885926  -9.81853   -9.970374 -10.029766  -9.874906  -9.5381
  -9.939982  -9.705836  -9.68397   -9.519482  -9.084076  -9.48416
  -8.612884  -9.749916  -9.238936 -10.183118  -8.65389   -9.59697
  -9.258888  -9.604916  -9.213242  -9.047014  -8.814144  -8.236406
  -7.317802  -7.902268  -8.13653   -8.222486  -6.903218  -9.372974
  -8.564164  -8.110662 -10.73406  -12.202562 -11.226248 -12.376504
 -11.43267  -12.362642 -11.123356  -8.849582  -9.65497  -11.931934
 -12.240436 -12.631298 -12.427196 -11.776784 -11.800564 -11.844876
 -11.01362  -13.11525   -9.760646  -8.083634  -9.103738 -10.370458
 -12.48131  -11.522744 -11.239008 -12.381028 -12.362468 -12.837894
 -11.936052 -12.128496 -12.589132 -11.926946 -12.363512 -12.245946
 -12.5309   -11.86593  -11.78792  -12.685644 -11.757238 -12.943454
 -12.88499  -10.640332  -9.47546  -11.777248 -12.248208 -12.296696
 -12.106456 -12.878088 -11.366318 -11.62755  -11.837104 -11.339
  -9.719408 -10.39737  -10.76915  -11.427334 -10.91357  -12.619814
 -10.327538 -10.06387   -8.699826  -9.036922 -11.902818  -9.10078
  -9.510376  -8.746516  -9.350006  -7.948726  -9.222232  -8.267262
  -9.81302   -8.534932  -8.360526  -8.75568   -7.511058  -9.626434
  -9.291832  -9.457828  -9.561068  -9.322978 -12.0727   -11.753294
 -10.338384 -11.796214 -12.811968 -10.761552 -10.818334 -11.830028
 -12.416872 -12.246932 -12.05472  -10.70216  -11.924858  -9.38759
 -11.027018 -10.381942 -11.112452 -11.219404 -12.391816 -11.237558
 -13.06334  -10.772398 -11.06089  -10.772978 -11.538462 -11.155024
  -9.99572  -12.82148  -11.429538 -12.162078 -10.467202 -10.779706
 -10.792002 -12.473828 -12.02398  -10.880394 -11.37641  -11.671572
 -10.301206 -10.082082 -10.898896  -9.655666 -11.747668  -9.052988
 -10.798556  -9.771608  -9.821372 -12.265086 -12.03732  -13.107188
 -11.434178 -11.008284 -11.805146 -11.877124 -12.37053  -11.643384
 -11.588284 -10.68853  -11.235992 -11.506852 -10.945992 -10.646712
 -10.892922 -11.794242 -10.935552 -11.57448  -11.084264 -11.78299
 -10.924822 -13.114612 -10.988216 -10.662024  -9.928382 -10.454906
  -9.603466 -11.412544 -11.118194 -12.021138 -12.389786  -9.627536
  -9.563504 -10.771876 -10.435244 -10.695838 -11.078986 -10.686094
 -10.338848 -12.023168 -11.346598 -10.792524 -11.291034 -11.417532
 -10.337224 -12.21567  -11.046912 -10.175578  -9.56739  -10.914382
 -12.668766 -12.24264  -10.014396  -9.014998  -8.46336   -9.46763
  -9.887898  -8.850568  -9.571508  -8.457792  -7.91178   -8.673494
  -8.750112  -9.772014  -8.89459   -9.05757   -8.518634  -8.733582
  -8.219528  -8.605808  -8.952822  -9.58189   -8.835604  -9.134014
  -9.16371   -8.635736  -9.453884  -5.898658  -5.125228  -5.889958
  -8.96216   -8.435114  -9.025148 -10.088056  -9.46502  -10.892516
 -10.127496 -10.699492 -10.42376  -10.078196 -10.034754  -9.268168
 -10.1877   -10.366804  -9.245142  -9.410384]"
139,"[ -9.84376   -9.269618  -9.780482  -9.185286  -8.65331   -9.153734
  -9.247636 -10.26281   -9.623244 -10.22453  -10.387858  -8.952648
 -10.089564  -9.286264 -11.009096 -10.75204  -10.070018  -9.840802
  -9.948044  -9.78808  -10.385364 -10.526652 -10.547532  -9.420592
 -10.010104  -9.44008   -9.225074  -9.437876  -9.247462  -8.815942
  -8.026852  -7.607164  -7.940722  -7.507694  -8.827716  -9.557124
  -9.217476  -9.668658  -9.449186  -9.810062  -9.384632  -9.591518
  -9.805016 -10.63749   -9.36033   -9.24346   -9.551556  -9.4047
 -10.017818  -9.960746 -10.042294 -10.31124  -10.260606 -10.536802
  -9.217244  -9.512232  -9.829144  -9.903036  -9.99137   -9.692438
 -10.385248  -9.352268  -9.874036 -10.210668  -9.330228 -10.487908
  -9.787616  -9.787326  -9.477722  -8.50396   -8.273352  -8.74089
  -9.52911   -9.609904  -8.89546   -9.559792  -8.82702  -10.421498
  -9.811686  -9.325762  -9.471226  -9.448896  -8.994466 -10.24715
 -10.42724   -9.892654 -10.184684 -10.334092  -9.49924   -8.79164
  -9.920378  -7.420114  -8.850104  -9.35511   -7.872746  -8.389758
  -8.669898 -10.071584  -9.52824   -8.818436  -9.939634  -9.832334
  -9.569362  -9.506664  -9.737852  -9.595926  -8.453964  -9.725208
  -9.582586  -9.268052 -10.108066  -8.993654 -10.210726  -9.660364
  -9.018768  -9.152922  -9.358068  -9.00653   -9.769926  -8.80353
  -8.104282  -6.078574]"
140,"[-10.50351   -9.052988  -9.851068 -10.008074  -8.319346  -9.18024
  -8.352116  -8.767164  -9.43573  -10.184568  -9.660074  -9.036342
  -8.637998 -10.007088  -9.352558  -9.662394  -9.570696  -8.870346
  -9.446866 -10.061434  -9.974376  -7.98341  -10.439594 -10.073382
  -9.476794 -10.174592  -8.08839   -7.432816  -8.734742 -10.333976
  -9.410384  -7.754832  -8.823192  -8.747328  -8.724476  -9.10078
  -7.99907   -8.257634  -9.01059   -8.489228  -8.345504  -8.640376
  -9.13877   -8.303222  -7.823678  -8.661836  -8.969932  -8.100976
  -8.61677   -8.66694   -8.409014  -8.130208  -8.578606  -8.78062
  -9.725324  -9.5091    -9.737214  -8.976776 -10.94315   -9.825026
  -9.596216 -10.361294  -9.4221   -10.03023   -9.786108  -9.685188
  -9.096198  -6.550114]"
141,"[-6.639608 -7.2239   -7.245592 -9.328778 -9.718712 -9.301112 -8.094306
 -6.697608 -5.736316 -5.850808 -7.611514 -7.017014 -8.676626 -5.03672 ]"
142,"[-11.452448 -10.12187  -10.210842 -10.63546   -8.489286  -7.690394
  -8.741238  -8.63678   -8.496304  -9.5004    -7.740738  -6.743022
  -8.6768    -9.178558  -7.04091   -6.588568  -5.46418   -6.59547
  -8.37143   -8.09071   -8.082242  -7.333578  -5.084744]"
143,"[ -6.366138  -8.799992  -8.76902   -9.927918  -9.169858  -8.340632
  -9.413458 -10.405374  -9.690408  -7.96369   -6.974094  -6.349086
  -5.958862  -6.370314  -8.831312  -7.862654  -9.417576  -9.009546
 -10.97389  -10.416278 -10.892284 -10.601588  -9.771202 -11.045694
 -10.440174 -10.262694 -10.716022 -11.114656 -10.914034 -10.614986
 -11.086294 -11.163666 -10.767816 -10.618176  -8.234086  -8.31865
  -9.008096  -9.13413   -9.154778  -9.755542  -9.330054  -8.173476
  -7.89119   -9.851648  -9.754962  -9.429872 -10.178304  -9.954598
  -9.855766  -9.83564   -9.60045   -7.528574  -8.49265   -9.04249
  -8.722852  -9.183082  -9.860464 -10.328582  -9.361606  -8.702494
  -9.223624  -9.02393   -8.38013   -9.520932  -9.697136 -10.071178
  -9.499472 -10.157366  -7.542726  -5.50594   -5.237748  -7.10558
  -9.218288  -7.04903   -6.707584  -7.633264  -5.262398  -5.14953
  -6.914992  -8.297886  -9.422042  -8.46336   -9.406034  -9.46502
  -9.892828  -9.533112  -7.474808  -8.563758  -9.791154  -9.293978
  -9.46618   -6.720228  -5.988964  -7.25145  -10.11897   -9.699862
  -6.928506  -6.795338  -9.547438  -7.693584  -7.78186   -8.937568
 -10.475902  -9.195842 -10.20278   -8.863154  -9.273794  -9.466296
 -10.755346  -8.67071   -9.911968  -8.370328  -9.998156  -8.119072
  -8.405766  -7.528458  -6.576678  -7.603278  -8.74988   -7.642544
  -9.68049   -9.570696  -9.661988  -9.455682  -9.378948  -9.56101
  -9.99224  -10.03197   -9.154024  -9.281682  -8.782998  -8.664272
  -9.22432   -8.240698  -9.384168  -8.363426 -10.085736  -8.800572
  -9.884128  -9.955816  -9.14109   -9.238936  -9.202222  -9.225944
  -9.95918   -9.873978 -10.470044 -10.67577  -11.453434 -10.551302
 -10.580824  -9.360736  -9.791502  -9.551324 -10.387742  -6.844
  -6.06332   -8.920458  -7.02148   -8.456806  -9.187722  -8.85573
  -9.704212  -9.347686  -9.69818  -10.130802  -9.751018  -8.12928
 -10.35068   -9.766098  -7.430438  -5.490106]"
144,"[ -7.99762   -8.61271   -8.45292   -8.200504  -8.352928  -8.732248
  -8.13595   -7.652346  -9.33336   -8.723316  -9.501386 -11.228684
  -9.424536  -9.77358  -10.323594  -9.606656 -10.477816 -10.243554
 -11.293702  -9.758616 -10.158468  -9.848806 -10.10563   -8.79686
  -8.756898  -7.826346  -9.446808  -9.83709   -9.95715  -10.12187
  -9.551904  -9.5062   -10.5067   -11.641528 -10.519228 -11.16355
 -11.13803  -11.601914 -11.147426 -11.221782 -11.549076 -11.816572
 -11.398624 -10.902144 -11.60406  -10.492896 -10.313908  -7.801116
  -5.183924]"
145,[-8.367776]
146,"[-9.526906 -9.456842 -9.226234 -9.446054 -9.717726 -9.432656 -9.252508
 -9.298328 -9.659204 -9.331098 -9.048348 -9.45748  -9.490076 -9.286496
 -9.007748 -9.293804 -9.401684 -9.101012 -9.48387  -9.004964 -9.470356
 -9.51113  -9.199438 -9.257206 -9.333708 -9.08802  -9.141496 -9.755774
 -9.549758 -9.38034  -8.872724 -9.358764 -9.513914 -9.424652 -9.507418
 -9.515944 -9.523774 -9.709664 -9.354298 -8.87139  -9.030716 -9.37976
 -9.281682 -9.58189  -9.043592 -9.29015  -9.022596 -9.236906 -9.347802
 -8.778822 -9.416532 -9.532358 -9.357662 -9.170496 -9.256742 -9.3728
 -9.577888 -9.439616 -9.309    -9.424188 -9.247868 -9.297516 -8.979038
 -9.525688 -9.678866 -9.27014  -9.31915  -9.475924 -9.181516 -9.018014
 -9.0393   -9.14515  -9.53085  -9.427726 -9.372162 -9.20982  -9.536128
 -9.315032 -9.684144 -9.512464 -9.484914 -8.960478 -9.24027  -9.271126
 -9.69731  -9.011344 -9.25854  -9.386662 -9.564084 -9.253726 -9.716972
 -9.297458 -9.400698 -9.31103  -9.544596 -9.372568 -9.366072 -9.265036
 -9.454    -9.365202 -8.754984 -9.11789  -9.218288 -9.353022 -9.580266
 -9.587052 -9.371176 -9.528704 -9.452028 -9.594302 -9.261556 -9.042084
 -9.167248 -9.318628 -9.702182 -9.861972 -9.17125  -9.391012 -9.313234
 -9.243576 -9.35482  -9.035298 -9.406788 -9.31335  -9.041156 -9.17328
 -8.762988 -7.506708 -8.578258 -8.206826 -9.231396 -9.69702  -9.384632
 -8.900506 -8.866692 -9.271474 -9.566694 -9.11586  -9.20663  -9.24984
 -9.387242 -9.228032 -9.212372 -9.530386 -9.660364 -9.369784 -9.56652
 -9.487002 -8.9494   -9.346236 -9.543494 -9.357604 -9.102752 -8.58168
 -9.32495  -9.28261  -9.385328 -9.203382 -9.226756 -9.468152 -9.116382
 -9.43341  -9.386662 -9.426334 -9.32901  -9.184822 -9.40789  -9.171018
 -9.660132 -9.440834 -9.395942 -9.070156 -9.619764 -9.360504 -9.44588
 -9.255524 -9.423898 -9.73327  -8.61764  -9.057338 -9.566984 -9.386778
 -8.970106 -9.422912 -9.411544 -9.316772 -9.617676 -9.449534 -9.35279
 -9.384806 -9.39078  -9.557182 -9.16487  -9.110408 -9.38469  -9.785586
 -9.71355  -9.117716 -9.41949  -9.473778 -9.098054 -9.43196  -9.50707
 -9.648184 -9.369146 -8.773602 -9.137668 -9.212256 -9.135696 -9.443386
 -9.493324 -9.22055  -9.167364 -8.808112 -9.416938 -9.581136 -9.298792
 -9.490888 -9.135348 -9.256278 -9.436542 -8.94563  -8.992784 -9.244562
 -9.442458 -9.225364 -9.4308   -9.295834 -9.16023  -9.07845  -9.636874
 -9.586878 -9.540826 -9.331736 -9.34467  -9.110582 -9.641746 -9.437296
 -9.581658 -9.480332 -9.358532 -9.485088 -9.244446 -9.076826 -9.177572
 -9.208022 -9.393216 -9.532648 -8.931188 -9.66135  -9.137146 -9.67237
 -9.74081  -9.325066 -9.11412  -9.387068 -9.390258 -9.645922 -9.448548
 -9.837206 -9.412356 -9.337884 -9.116614 -9.461018 -9.554804 -9.782338
 -9.516292 -9.407542 -9.11557  -9.41485  -9.47952  -9.454754 -9.20054
 -9.386546 -9.126474 -9.510666 -9.277912 -9.490076 -9.154372 -9.40209
 -9.616168 -9.196596 -9.540304 -9.224262 -8.876436 -9.944564 -9.447214
 -9.381848 -9.560372 -9.411892 -9.660422 -9.441008 -8.996438 -8.940874
 -9.230178 -9.765054 -9.628116 -8.99261  -9.312132 -9.427378 -8.509702
 -8.849176 -9.175774 -9.02074  -8.916978 -9.414212 -9.253436 -9.492628
 -9.356444 -9.470298 -9.062384 -9.306216 -8.99609  -9.167364 -9.290614
 -9.336898 -9.468036 -9.376396 -9.494948 -9.559908 -9.193232 -9.43167
 -9.499124 -9.282146 -9.48213  -9.606366 -9.40093  -9.235224 -9.143004
 -9.461714 -9.284408 -9.398784 -9.537752 -9.242706 -9.246128 -9.386488
 -9.76024  -9.64569  -9.239806 -9.565186 -9.154662 -9.412646 -9.268226
 -9.100432 -9.432482 -9.343858 -9.451796 -9.035588 -8.904624 -8.45118
 -9.229598 -9.353544 -9.643834 -9.163188 -9.362708 -9.080944 -9.021088
 -8.860022 -8.778822 -9.399886 -8.977762 -9.292934 -9.675792 -9.02306
 -9.55782  -9.43341  -9.4424   -8.828702 -9.227626 -9.793242 -9.357662
 -9.26376  -9.218984 -9.054786 -9.695454 -9.550976 -9.31103  -8.895228
 -9.184126 -9.121196 -9.709664 -9.325994 -9.519134 -9.12601  -9.321644
 -9.120674 -9.152574 -9.223972 -9.463338 -9.672428 -8.555464 -9.053336
 -9.17995  -9.335158 -9.194914 -9.242126 -9.225538 -9.444604 -9.5497
 -9.866264]"
147,"[ -8.856426  -8.610912  -8.134036  -7.904762  -8.53934   -8.389932
  -8.52832   -8.5463    -8.335586  -8.100338  -8.07215   -7.813064
  -8.57733   -8.346084  -8.047674  -8.05214   -8.18467   -8.00632
  -8.602908  -9.334172 -10.133064  -9.857738  -9.300764  -8.38042
  -8.424094  -7.664874  -7.51941   -8.226488  -8.323812  -8.62315
  -8.093726  -8.35258   -8.28675   -8.324334  -8.325436  -8.402286
  -8.043324  -8.810432  -7.994604  -7.892582  -8.982924  -6.996308
  -8.141982  -8.584928  -7.831044  -8.343416  -7.923612  -8.65331
  -8.348346  -8.387264  -7.870484  -7.956034  -7.973028  -8.481804
  -8.806778  -7.841252  -8.19337   -7.765968  -8.305716  -7.821416
  -8.574488  -8.431112  -7.887652  -8.520548  -8.43146   -8.335586
  -8.394224  -8.504018  -6.739078  -8.267146  -9.672776  -8.127772
  -7.528052  -8.160252  -7.9141    -7.909344  -7.32395   -8.659342
  -8.482036  -8.503496  -9.515132  -9.8194    -9.733966 -10.0311
  -7.97761   -9.573712  -9.345134  -8.631966  -9.932848  -8.59009
  -9.367522  -8.70957   -8.915644  -8.816928  -9.363404  -9.416648
 -10.08707   -9.44733  -10.163572  -9.628522  -9.82694   -9.888594
  -8.84442   -7.71661  -10.042178  -8.818204  -8.40275   -8.215874
  -8.05388   -7.859174  -8.081662  -7.862132  -7.509376  -6.479702
  -7.007328  -9.022016  -8.665664  -7.231614  -7.310204  -9.128504
  -7.62671   -9.16052   -8.046166  -7.567434  -7.121008  -7.344888
  -8.13856   -7.236428  -7.119964  -7.50404   -8.228344  -7.9402
  -8.095988  -8.57095   -8.771456  -9.836568  -9.979538  -8.223588
  -9.573596  -9.123052  -8.208218  -9.788138  -8.959898 -10.064102
 -11.018028  -9.908778  -9.762734  -9.377556  -9.512522  -9.58827
  -9.596274 -10.011728  -9.362824  -9.410964  -8.699768  -9.956976
  -8.359714  -8.587712  -9.815166  -9.209878  -9.783846  -9.553702
 -10.607794  -8.795874  -9.985048  -9.239632  -9.41224   -9.439094
 -10.723504  -9.986846 -11.002832 -10.621772  -9.05119  -10.397138
  -8.886296  -9.522788  -6.27241   -6.00329   -7.053902 -10.08359
  -8.646408  -7.165436  -8.152422  -7.97007   -8.50773   -9.940736
  -7.600378  -9.993168  -9.772652  -9.547264 -10.600486 -11.04494
 -10.251326  -9.820444  -9.75879  -10.28514   -9.618256  -9.563156
  -8.872086  -9.59494   -9.677416 -10.31936  -10.222442  -9.90292
  -9.292644  -8.594614  -7.158592  -5.86177   -5.517076  -6.08826
  -7.996286  -8.133108  -6.550114  -6.296712  -8.1954    -8.470726
  -8.900854  -8.455994  -7.615458  -9.49489   -8.642928]"
148,"[ -9.129606  -9.602248  -8.475134  -9.916028  -9.256452  -9.35134
  -9.140278  -8.80092   -9.456494 -10.070424  -9.49402   -8.479948
  -8.285126  -9.0509    -9.5381    -8.663054  -8.087752  -9.021726
  -8.618974  -9.486248  -9.283364  -8.32851   -8.642986  -8.68492
  -8.660154  -6.738672]"
149,[-8.049124 -9.382138 -7.079828 -8.228344 -6.550462]
150,"[-10.044034  -9.738432  -9.772014  -9.730428 -10.51308  -10.503046
 -10.229228  -8.31401   -5.158752]"
151,"[ -8.88618   -9.722946  -9.655492  -8.98043   -9.480158  -7.969084
  -8.178406  -9.25767   -8.25688   -9.188882  -9.313582  -9.362882
  -9.822532  -9.849618  -9.343684  -9.880416  -9.5439    -9.804204
  -9.344786  -9.939866  -9.95135   -9.911156  -9.564316  -9.603988
  -9.784484  -9.02335   -7.348542 -10.073962  -9.638382  -8.946384
  -8.822148  -6.866736  -7.168626  -9.72341   -9.533634  -9.574814
  -9.666338  -9.425754  -8.307224  -8.327756  -7.226974  -9.529284
  -9.903326  -9.57029   -9.641746  -9.410732  -9.580034  -8.904218
  -8.125394  -8.97057   -9.175368  -9.3554    -9.457016  -9.346352
  -9.627362  -9.989166  -9.240734  -9.506142  -7.33845   -7.923148
  -8.476004  -9.633162  -9.589836  -9.514552  -8.879162  -8.924286
  -9.407658  -9.808786  -9.597202  -9.886738  -9.177224  -8.306992
  -7.866018  -8.07737   -9.36265   -8.889312  -9.396232  -9.59465
 -10.129758  -9.956454  -7.406832  -9.280348  -9.018188  -7.85668
  -9.09324   -8.486792  -9.804842  -9.509912  -9.474474  -9.68252
  -9.767548  -9.876182  -9.580846  -9.833726  -8.968134  -8.458604
 -10.009988  -9.85884   -9.645458  -9.58914   -9.590822  -9.623824
  -9.608628  -9.69209   -9.936154  -9.83013   -9.820386  -8.834096
  -9.850662  -9.311436  -9.439674  -8.016296  -9.032978  -9.251812
  -9.438978  -8.584232  -9.824852  -9.387648  -8.63446   -9.350702
  -9.74719   -9.4917    -9.723526  -8.73451   -9.518206 -10.01138
  -9.734778  -9.749742  -9.660422  -9.350528  -9.000672  -9.526036
  -9.409108  -9.78808   -9.474474  -8.659226  -7.431424  -9.727876
 -10.393426  -9.584326  -8.092044  -8.314996  -8.04228   -8.865358
 -10.104876  -9.560894  -9.53143   -9.541348  -9.305868  -9.076652
  -9.443966  -9.413342 -10.48495   -8.941106 -10.187178 -10.526884
 -10.017006  -8.278398  -9.24259   -9.580904  -8.758928 -10.31124
 -10.24338  -10.188454  -9.708156  -9.558864  -9.297922  -9.453884
 -10.682672 -10.358162 -10.285256  -9.519656 -10.184162  -9.705836
 -10.338094  -9.867424  -9.563098  -8.950502  -9.700674  -9.469254
  -9.529922 -10.072628  -8.400082  -7.205456  -6.034378  -7.14618
  -8.277412 -10.217396 -10.037654  -8.221326  -8.384828  -8.856252
  -9.644356  -8.911758  -8.315402  -8.960826  -9.88958   -7.958876
  -8.651744  -8.337384  -8.364818  -9.841324 -10.399226  -9.138016
  -9.918754 -10.285778  -9.190854  -9.267994  -9.237022  -7.689118
  -8.651222  -9.376744  -8.661952  -7.9982    -8.547808  -9.013258
  -7.442212  -7.27262   -7.444358  -8.797962  -9.130302  -9.003746
  -7.819328  -8.43755   -8.309776  -9.870904 -10.042468 -10.514704
  -9.986556  -8.784622  -9.156228 -11.493164 -11.388126 -11.34596
 -11.415618 -11.691466 -11.575814 -11.572276 -11.54606  -11.615312
 -11.26157   -9.60132  -10.270466  -8.018094  -9.324544  -9.161738
 -10.221804 -10.204984  -9.611006  -9.437296  -9.060934  -9.446576
  -9.501386  -8.941222  -7.527414  -8.022154 -10.30776  -13.073142
 -11.42745  -11.203338 -10.896924  -5.739216]"
152,"[ -8.179044  -9.237022  -9.312306  -9.287018  -9.355632  -9.209646
  -9.084424  -9.408586  -9.112264  -8.932696  -9.431786  -9.339218
  -9.242648  -9.133898  -9.13529   -9.335274  -9.557008  -9.408528
  -9.613036  -9.337942  -9.33974   -9.431728  -9.35975   -9.19416
  -9.525514  -9.14515   -9.18227   -9.192536  -9.279826  -9.020856
  -9.07584   -9.213996  -9.265964  -9.022422  -9.688146  -9.571392
  -9.189172  -9.702878  -9.646502  -9.215852  -9.292876  -9.733212
  -8.491606  -9.29189   -9.415024  -9.368218  -9.03495   -9.381442
  -9.351572  -9.493556  -9.04771   -9.012968  -9.287946  -9.395362
  -9.373496  -8.982112  -9.30407   -9.472386  -9.298676  -9.156576
  -9.049798  -9.67759   -9.551846  -9.249724  -9.30958   -8.871796
  -8.920284  -9.950248  -9.33742   -9.2684    -9.021378  -9.299778
  -9.428364  -9.40528   -9.515828  -9.256162  -9.442748  -8.93751
  -9.619068  -8.81252   -8.6391    -9.547148  -9.236674  -9.353022
  -9.408702  -9.665294  -9.130592  -8.449092  -9.452898  -9.764474
  -9.283016  -9.231744  -9.47401   -9.198104  -9.234412  -9.081408
  -9.127112  -9.5352    -9.70601   -9.2191    -9.355284 -10.252776
 -10.06416   -9.6512    -9.52563   -9.065458  -9.252218  -9.251754
  -9.232962  -9.04104   -9.069982  -9.229772  -9.292586  -9.557936
 -10.019326 -10.772224  -9.902978  -8.105674  -7.40399   -9.41021
  -9.146774  -7.776176  -8.570138  -9.060238  -8.617234  -8.84471
  -8.654064  -8.628138  -7.943854  -8.33982   -8.605866  -8.986346
  -6.631662  -7.17315   -9.011982 -10.105688 -10.155916  -9.91887
  -9.15878   -9.067198  -7.658146  -5.281074]"
153,"[ -9.292354  -8.849176  -8.42015   -8.883048  -9.2829    -8.720358
  -8.556972  -8.54891   -9.83941   -9.849328  -9.199728  -9.202686
  -8.537774  -7.97703   -9.661002  -9.643544  -9.596448 -10.68331
  -9.474184  -9.151414 -10.24918   -9.63467  -10.289606  -9.39716
  -9.319324  -9.40238   -8.671522  -9.433236  -8.387728  -6.74076
  -8.915064 -10.752214 -10.419004  -8.964248  -7.589764  -8.216048
 -11.097488  -7.39877   -6.91882   -7.54203   -6.358946  -7.491976
  -5.620084  -6.05114   -6.495188  -7.390186  -5.488482  -6.665882
  -7.075478  -6.348912  -5.956658  -8.914716  -9.204542 -10.167748
  -9.439094  -9.657754  -8.865068  -9.257206  -9.500864  -9.354066
 -10.13376   -9.675386  -9.612282  -9.186678  -9.25042   -9.691336
  -9.653636  -9.216896  -9.844282  -9.992182  -9.532416  -8.794598
  -9.569246 -10.174302  -9.577714  -7.800362  -7.86161   -8.471132
 -10.908524  -9.305114 -10.590046 -10.801572 -10.492838  -9.954134
 -10.073382 -10.426486 -10.508904  -9.985048 -10.1906   -10.157888
 -10.278818  -9.96266   -9.63873   -9.697948  -9.003456 -10.211886
 -10.439246 -10.10592   -9.646154 -10.712774  -9.12427   -6.687458
  -8.147144  -9.326632  -8.198474  -9.09672   -9.363578  -8.881482
  -7.527008  -6.926882 -10.114794  -8.079574  -9.67121   -8.235594
  -8.057998  -8.441958  -8.818378  -7.35614   -8.037118  -9.532416
  -7.262644  -6.784666  -8.752142  -7.837366  -8.403678  -6.534976
  -7.54493   -8.336166  -7.164218  -7.191014  -8.101556  -8.392542
  -9.12891  -11.055554 -12.920196 -13.445502 -13.6619   -13.329154
  -9.903442  -8.975152  -8.559524  -8.540384  -8.68318   -8.321608
  -9.179312  -9.280638  -8.86124 ]"
154,"[ -8.328626  -8.590496  -8.397704  -9.212256  -8.100918  -7.970012
  -9.520758 -10.568296  -9.410384  -9.040344  -9.00653   -9.004906
  -8.928868  -8.953112  -6.166734]"
155,"[ -8.62924   -7.405672  -8.683528  -8.830732 -10.124074 -10.195008
 -10.094552 -10.246164  -9.813484  -9.798984  -9.537636  -9.404178
  -9.25042   -9.41717   -9.764532  -9.444952  -9.481608  -9.714362
  -9.904022  -9.629392 -10.14188   -9.900368  -9.749278  -9.131926
  -9.669644  -9.366072  -9.51867   -9.30349   -9.759428  -9.078044
  -9.27652   -9.643196  -9.883896  -9.325182 -10.24715   -9.783208
  -9.916318  -9.331446  -9.49199   -8.438478  -9.706706  -9.3235
  -9.99717   -9.826592  -9.340378  -9.982148  -9.654564  -9.170496
  -9.804668  -9.74226   -9.886332  -9.744928  -9.379934  -9.20721
  -9.805712  -9.698586  -9.950306  -9.720568  -9.816326  -9.707982
  -9.459568  -9.619532  -9.181748  -8.926664  -9.99775   -9.981626
  -9.94874   -9.680954  -9.621504  -9.326632  -9.533576 -10.04096
  -9.651084  -9.858608  -9.8339   -10.029302  -9.58334   -9.452492
  -9.864408 -10.013758  -9.285046  -9.31741   -9.53752   -9.728166
  -9.831406  -9.714652  -9.605902  -9.517742  -9.634148 -10.302482
  -9.457132  -9.045216  -9.154256  -9.544132  -9.773058  -9.923568
  -9.671558 -10.43623   -9.84057   -9.1669    -9.743362  -7.52115
  -9.64134   -9.408586  -9.457364  -9.260048  -9.281566  -9.274316
  -9.522324  -9.599812  -9.546858  -9.453652  -9.435904  -9.795562
  -9.56217   -9.686522  -9.454696  -9.146658  -9.779902  -7.883302
  -7.563664  -9.158084  -8.577388  -8.519272  -8.166574  -7.873964
  -8.310414  -8.470088  -9.744522  -8.868664  -7.992864  -9.247868
  -7.5893    -7.302432  -8.051154  -8.051096  -9.575916  -9.221304
  -9.462816  -9.28377   -9.903848  -9.054612  -8.45756   -9.743768
  -8.88879   -8.988608  -5.775524]"
156,"[-11.17428  -11.52866  -11.747262 -11.831014 -10.93503  -10.081154
  -7.850822  -6.991958  -8.297306  -7.373018  -6.381334  -6.115404]"
157,"[ -9.354878  -9.254596  -9.653694  -9.3902    -9.328662  -8.966858
  -8.95201   -9.342408  -9.438398  -9.192536  -8.895228  -8.250616
  -8.756956  -9.88813   -9.249086  -9.719698  -7.51361   -8.494216
  -7.376092  -6.129904  -8.563874  -7.719046  -7.908648  -5.187172
  -5.594448  -6.053924  -9.59755   -8.175042  -9.805132  -9.6628
  -9.678982  -9.76169   -9.582934  -9.37715  -10.36431   -9.095502
 -10.342618  -8.82847   -9.927338 -10.302656  -8.6101    -8.630052
  -9.05989  -11.183734 -10.51598  -10.160788 -10.38171   -8.568804
 -10.35184   -9.378078  -9.521628 -10.177898  -9.108494 -10.601762
  -9.283828 -10.717704 -10.452644  -8.465042  -9.51519   -9.307434
  -9.42471   -9.651432  -9.052176 -10.586044  -8.993364  -9.542566
  -9.184474  -9.54245   -9.639948  -9.44182  -10.085968  -9.739476
  -9.20837   -9.925018  -9.122008 -10.382696  -9.256626  -8.594208
 -11.292136  -8.507266  -8.92939   -8.567296  -7.477592  -9.028802
  -9.354008  -7.90308   -9.011576 -10.265768  -7.974478  -5.985774
  -6.036466  -7.660118  -8.20816   -9.087788  -7.626942  -9.913244
  -8.395906  -7.391288  -8.487488  -8.547228  -8.72987   -7.984164
  -8.009394  -7.461758  -8.206594  -7.58843   -8.193834  -9.071432
  -9.70717  -11.11947  -10.108182  -9.387822 -10.470798 -10.734176
 -10.35996   -9.600218 -11.04494  -11.012344 -10.048906 -10.34227
  -9.67701   -9.279594  -7.998722  -8.212336  -8.571994  -7.656638
  -7.980046  -8.28298   -9.187664  -9.264862  -9.56159   -8.855788
  -8.490156 -10.222152  -7.338914  -8.700928  -9.44066   -9.075028
  -9.011112  -9.246012 -10.217164  -9.962892  -9.159998 -10.099772
 -10.895764 -10.312168  -9.273446 -10.746762  -8.913266  -8.675466
 -11.20734   -8.99899   -8.646292  -6.823932  -7.276796  -7.106044]"
158,"[-9.521048 -9.111452 -8.562656 -9.84086  -9.963936 -9.354298 -8.759972
 -9.388808 -8.784912 -7.552992 -8.893836 -7.952438 -7.745784 -9.92496
 -7.819154 -5.976262 -8.458198 -6.469088]"
159,"[-10.281602 -10.615566 -10.411174  -9.521744  -9.674458 -10.260258
 -10.031158  -8.763104  -8.517358  -8.402692 -10.670492  -8.58226
 -10.079066 -10.000186  -8.65592  -10.760508  -8.163036  -8.90677
 -10.792814  -8.839606 -10.21786   -7.136552  -7.286018 -10.120536
  -8.805502 -10.624382  -9.519018  -9.394492  -8.977066 -10.178072
  -9.307202 -10.068742  -6.916384  -6.58503   -7.798854  -5.990182
  -6.718894  -5.63267 ]"
160,"[ -9.438862  -8.731958  -9.65526   -7.965662  -8.604706  -9.652186
  -9.246534  -9.289338  -7.85088   -7.98979   -8.17423   -9.370828
  -8.234898  -9.111742  -8.422412  -8.10434   -9.2655    -9.139234
  -9.06975   -9.208022  -8.620772  -9.738258  -9.447388  -9.84521
  -7.755296  -7.220478  -8.140242  -8.343242  -9.546742  -8.172954
  -8.257924  -9.51838   -9.74719   -9.848806  -9.209008  -8.293362
  -9.267994 -10.456588  -8.431286  -9.20982   -9.153734  -8.517358
  -9.257032  -7.263688  -8.744312  -7.239734  -6.872826  -5.976726
  -7.028092 -10.677626  -9.793416  -9.181748  -9.569536  -9.439558
  -9.043766 -10.088578  -7.770492  -8.861066]"
161,"[ -9.287308  -8.752896  -9.852982  -9.796548  -9.970258 -10.099308
  -9.213938  -9.389736  -9.597898  -9.19938   -8.699594  -9.38962
  -9.13848   -9.745276  -9.319556  -9.370132  -9.632466  -9.622838
  -9.913998  -9.595578  -9.646096  -9.181052  -9.515016  -9.62162
  -9.646212  -9.163594  -8.6739    -8.180958  -9.823576  -9.902978
  -9.253262  -9.344148  -9.682636  -9.584616  -7.056976  -6.259128
  -8.509412  -8.066698  -5.823026  -6.188658]"
162,"[ -9.925308 -10.51395   -9.196596  -9.084946  -9.551614  -9.585544
 -10.783418 -11.097488 -10.837938 -10.995582 -11.311566 -11.02551
 -10.578852 -10.679424 -10.808242  -9.867714  -8.62779  -10.811432
  -6.974848  -7.452188  -5.340176]"
163,"[-9.36265  -8.788508 -9.44791  -9.209066 -9.457886 -9.376744 -9.601784
 -9.341074 -9.241778 -9.01378  -9.206166 -9.264108 -8.91083  -9.27304
 -9.470936 -9.052234 -9.319034 -9.842078 -8.943484 -9.484624 -8.952822
 -8.984954 -9.791328 -8.803762 -9.309522 -8.602502 -9.19271  -9.819168
 -8.816    -9.661524 -9.699224 -8.085432 -6.497624 -7.748626 -9.81882
 -9.94178  -9.37019  -9.465774 -9.210458 -8.883918 -8.0939   -7.238748
 -6.152698 -6.929724 -5.506578]"
164,"[ -8.128816 -10.117752 -11.830434  -8.32764   -7.721888  -9.967126
  -7.300692  -8.277122 -10.54817  -10.186772  -9.39542   -9.697948
 -10.572298 -10.698274 -10.297378 -10.387162  -9.844108  -8.890414
  -9.25767   -7.64701   -8.105384 -10.896808  -8.410058  -8.771282
  -9.90872   -9.185924  -7.904356  -8.989884  -7.88539   -8.325378
  -9.562054 -10.731334  -8.453152 -10.858354  -9.541522  -9.726716
  -9.971998  -9.65091   -8.836648  -9.822938 -10.354508 -10.91212
 -10.56441  -10.753606  -9.264166 -10.537614 -10.26368   -9.73849
 -10.667476  -6.423674  -5.039562]"
165,"[-8.28791  -7.294138 -8.633184 -8.735728 -7.894728 -7.094618 -8.029984
 -8.529712 -9.062732 -9.149384 -7.375512 -6.99219  -8.618104 -8.562018
 -9.46966  -9.374424 -7.59394  -6.714602 -6.117898 -8.944876 -5.994068
 -7.42661  -7.380732 -6.13553 ]"
166,"[ -9.87218   -9.677068  -9.805886  -9.226292  -9.99746   -8.503612
  -9.74284  -10.411928  -9.976406 -10.980734  -8.5028   -10.145998
  -9.821082  -8.934204  -9.868642  -8.8015    -9.369204  -9.533344
  -9.887376 -10.498986 -10.122334  -9.905414 -10.145534 -10.937582
 -10.168676 -10.679888 -10.695954 -10.540862  -9.51461   -9.00218
  -9.296646  -8.946616  -8.584754 -10.37243  -10.798382  -9.830246
  -8.945688  -9.961268  -9.805306  -8.40217   -8.14204   -7.470168
  -8.004522  -8.549954  -6.63259   -6.189296  -7.361476  -9.681418
  -7.964328  -5.111366]"
167,"[-12.031984 -11.393636 -10.028548 -12.22176  -12.278252 -11.531038
 -11.15311  -12.337586 -12.589886 -11.64089  -12.235622 -12.08314
 -12.978428 -13.026452 -11.872948 -12.245076 -11.791574 -11.374264
 -11.449606 -12.38677  -11.272358 -11.359996 -11.884722 -11.099982
  -9.180066  -8.92243  -11.227872 -11.068198 -12.692372 -12.24235
 -12.790276 -12.757506 -12.448946 -11.973926 -12.812664 -11.340798
 -12.349534 -11.904152 -11.80851  -11.43702  -11.369392 -11.868134
 -11.301242 -12.342342 -11.405468 -12.2525   -12.308702 -11.869468
 -11.858738 -10.794902 -11.682418 -11.302692 -11.261686 -11.963544
 -11.320556 -11.594722 -11.10294  -12.000896 -12.633444 -12.288286
 -11.888608 -12.628804 -12.740628 -12.866372 -10.617828 -11.84012
  -8.550244  -9.692206  -9.760762  -8.319404  -9.982844  -9.070214
  -9.108668  -8.111068  -8.464172 -10.201388  -9.502952  -8.579882
  -8.71885   -9.222174  -9.260744  -8.539514  -7.728906  -8.272018
  -9.12572   -9.099214  -7.938866  -8.02952   -8.1345    -9.31741
  -9.605032  -8.024938  -9.454116  -8.712644  -8.361048  -9.459742
  -7.813818  -8.41087   -5.54973 ]"
168,"[ -7.821416  -8.709744  -8.712818 -10.228358 -10.232998  -9.694816
 -10.24164  -10.284676  -9.91655  -10.157888 -10.0398    -9.937894
 -10.126336 -10.194312  -9.683042  -9.063138  -8.396138  -8.25949
  -8.373576  -8.742978 -10.034986 -10.33212  -10.176216 -10.439362
 -10.652106 -10.737598 -10.580012  -9.693656  -9.764706  -9.942418
  -9.340726 -10.138284 -10.079646  -9.978726 -10.548402 -10.935262
 -11.012518 -10.565164  -9.27797  -10.732784  -8.523622  -7.237994
  -6.785942  -5.744088]"
169,"[ -7.746132 -10.42927   -9.571392  -9.358648  -9.754788  -8.98072
 -10.194486  -9.64453   -9.226814  -9.01349   -9.897816  -8.350318
  -8.928926 -10.090898  -9.172758  -7.54203   -8.88415   -6.428024]"
170,[-8.724766 -7.752222 -5.837758]
171,"[ -9.042084  -8.45727  -10.399574  -8.623324  -9.462236  -8.446772
  -9.682636 -10.233056  -9.377556  -9.634264  -8.942614  -9.127518
  -9.167016  -9.356502  -8.973992  -8.887978  -9.444198  -9.139756
  -7.209516  -8.831196  -9.607468  -7.349064  -5.532098]"
172,[-5.07587]
173,"[ -7.777684  -7.100766  -7.593476  -7.262934  -5.237574  -5.16171
  -6.67348   -8.633068 -10.830456 -11.280768 -11.669948 -10.439826
 -11.325022  -8.881192 -11.744304  -8.90648   -7.782556  -6.957564
 -10.013584  -8.205318  -6.37594   -8.057302  -9.323326 -10.00384
  -9.404468  -9.220724 -10.316866  -8.239886  -7.1282    -8.150972
  -8.806778  -7.822634  -7.616154  -6.84371   -8.79889   -9.22519
  -8.858572  -9.327792 -11.079972  -9.961152  -8.241104  -8.849002
 -10.258924 -10.209334 -10.601936 -10.280326 -10.807546 -10.077732
  -9.310392 -10.089042  -6.131702]"
174,"[ -9.913592 -10.333396 -10.776632 -10.365818 -10.598224  -9.75937
 -10.377476 -10.021936 -10.576474  -9.589836  -9.510724  -9.26869
 -10.454964 -10.580708 -10.566092 -10.635808 -10.26165  -10.152436
  -9.515596 -10.982938  -8.923068  -7.514074  -7.342916  -6.446178
  -9.47662   -8.83572   -7.770086  -9.447446  -9.541986  -9.934878
 -10.693344  -9.182386  -9.989282  -9.74371   -8.25195   -8.62257
  -8.7319    -7.644922]"
175,"[ -8.473684  -9.235514  -8.510108  -8.959028  -6.808388  -8.3114
  -8.550418  -8.080154  -7.791488  -8.38187   -9.5874    -8.602386
  -8.563352  -9.528588 -10.678322 -10.342038  -9.771724  -7.8996
  -8.859732  -7.673516]"
176,"[ -7.558444  -8.204448  -8.412088  -8.855672 -10.77582   -9.202338
 -10.143678  -7.889218  -7.090732  -7.269198  -8.366732  -8.998758
 -11.838728  -9.87856  -10.24019   -9.657754 -11.719654 -10.638302
 -11.436092 -10.391628  -9.672892 -11.071562 -11.397522 -12.223152
 -11.808452 -11.395318 -12.450744 -11.865582 -11.787804 -10.968554
 -10.554724 -11.261802 -10.779126 -11.16094  -12.0031   -10.75407
  -9.675096 -10.234854  -8.925504 -11.486784 -10.224588  -9.77938
 -10.22453  -10.448062 -10.188222 -11.765764 -10.863574 -10.469638
  -9.447562  -8.09361   -7.8967    -6.190746  -5.056208  -5.828188
  -7.89728   -6.523318  -8.144708  -8.440334  -8.857122  -7.813354
  -9.199786  -9.761168  -9.323558  -8.166864  -7.931152  -9.871194
  -6.94115   -5.633308  -8.828992  -7.354864  -7.103492  -9.50678
  -7.759298  -7.96079   -9.785818  -9.667208  -7.857898  -8.095118
  -9.660364  -9.103158  -8.460112  -8.863038  -9.59552   -9.391012
  -8.435462  -8.257518 -10.099656  -9.811628  -8.883686  -9.805016
 -10.713354 -11.040358 -11.639556 -11.076724 -11.382732 -11.012518
 -11.093544 -11.359184 -11.094356 -10.094494 -11.164246 -11.033282
 -10.217164 -10.896576  -7.286308]"
177,"[-9.98499  -9.7237   -8.882178 -8.962798 -9.306158 -8.968598 -7.84508
 -6.773704 -7.475156 -8.612594 -5.160956]"
178,"[-10.66504  -10.097452 -10.296682 -10.549156  -8.330192 -10.022168
 -10.578968 -10.240596 -10.8547    -9.957846  -8.758     -8.102426
  -9.107276 -10.211248  -9.205238  -9.857274  -9.145846  -9.630436
  -8.820292 -10.063406 -10.508962 -10.005986  -9.094226 -10.03922
 -10.278354  -8.25659   -7.91033   -8.09245   -9.452028  -9.168292
 -10.403518  -8.908452  -8.92214   -7.580252  -6.777532  -7.660988
  -9.69093   -7.461758  -7.050886  -7.74764   -7.277898  -8.45582
  -5.608426]"
179,"[ -6.25965   -5.692062  -5.66515   -6.694418  -5.717698  -5.270286
  -7.472546  -9.528472  -8.393934  -5.695136  -6.972644  -7.625434
 -10.003376  -7.895308  -5.267096]"
180,[-8.279036 -8.641942 -9.58653  -7.619924 -7.654492 -6.79557 ]
181,[-9.199612 -8.99203  -6.55603 ]
182,"[-11.779916 -11.794416 -11.858042 -11.430814 -10.474568 -10.882656
  -9.269444 -10.249586 -12.24206  -11.081074  -8.514284  -9.79707
  -8.810548  -9.309     -7.846878  -7.63222   -8.09767   -8.75916
  -8.01995   -7.513784  -9.971592  -8.822786  -9.422622  -8.395558
  -8.594324  -9.1321    -8.368124  -9.186272  -8.498972  -8.544212
  -8.328394  -7.86654   -7.767012  -9.405106  -9.312306  -9.005544
  -9.27101   -9.464846  -8.918312  -7.991356  -8.93374  -10.315184
  -8.953402  -9.697658  -8.358438  -8.336282  -9.08251  -10.139212
  -9.844224 -10.09519  -10.508904 -10.09345  -10.005812  -9.095676
  -9.68513   -9.593316  -9.88291   -9.37773   -9.491236  -8.92852
  -9.660944 -10.135964  -9.054264  -9.53781   -8.477338  -6.415902
  -5.672458  -5.932356  -7.52724   -8.842216  -9.737562  -9.590416
 -11.961978 -11.048246 -11.127938 -10.899186 -10.785796 -11.501922
 -10.553448 -11.1911   -11.510796  -8.403562  -9.385908  -8.667288
  -7.051292  -7.69138  -10.290592 -11.6551   -11.001208 -11.162796
 -11.6667   -10.738468 -10.977544 -11.382326 -11.527094 -10.292332
  -9.95077   -9.760472  -8.787116 -10.150696  -9.52824   -9.556718
 -10.202258  -9.452318 -11.270502 -10.415292  -9.180878 -11.036008
 -10.435708 -12.36473  -11.13455  -11.613688 -11.13426  -11.825446
 -11.671978 -11.155024 -10.747168 -12.01934  -12.309514 -11.0229
 -11.806306 -11.07249  -11.798592 -11.230482 -11.957686 -11.750104
 -11.231294 -12.044106 -11.552092 -11.500356 -11.741984 -10.99651
 -11.428668 -10.554782 -11.26273  -10.494868 -11.77603  -11.978508
 -12.010814  -8.412262  -9.052756  -8.620656 -10.90777   -8.15277
  -9.063138  -8.369632  -7.311016  -9.117136  -8.824932  -7.925932
  -8.870578  -9.008096  -9.705662 -10.152378  -9.877226  -9.923452
  -9.714246 -10.708018 -10.713354 -10.120246  -8.83833  -10.67664
 -10.651294  -9.679446  -9.112902  -9.909358  -7.888638  -9.087672
  -8.843492  -9.537114  -9.55376   -7.718988  -7.851518  -8.73509
  -7.740912  -5.678664  -8.336572  -6.138778]"
183,"[ -8.67854  -10.113112 -10.180914 -10.854468 -10.011786  -8.725404
  -9.799622 -10.321738 -10.522244  -9.946478 -10.450382 -10.8924
 -10.40375   -9.724106  -9.220144  -9.099678 -10.13956   -9.459916
 -10.460938  -8.478904  -7.17286   -5.051162]"
184,"[ -9.588618  -8.673088  -7.86538   -8.487662  -9.450636  -9.18256
  -8.351942  -9.759602  -9.387996  -9.208196  -7.155924  -7.353704
  -8.507904  -9.07671   -8.853004  -8.56515   -7.841252  -7.806568
  -8.561206  -8.32387   -8.35229   -7.631524  -8.710846  -7.64527
  -8.82267   -8.25137   -8.93838   -8.015948  -7.19954   -9.008386
  -8.333614  -8.853642  -9.597144 -10.432808  -9.886216 -10.31936
  -9.905414  -9.276462  -9.718132  -9.52302   -5.695658  -5.332694
  -8.663112  -6.576678  -6.882106  -7.861088  -7.956614  -8.511674
  -8.446888  -7.821242  -8.318302  -8.318882  -7.255626  -8.257286
  -8.86994   -8.608012  -8.481456  -7.324704  -7.790792 -11.06727
 -10.474684  -9.627536  -9.477084 -10.93358  -11.126198 -10.671478
 -10.463432  -9.950248 -11.281    -11.317018 -10.535526 -10.227488
  -9.765518  -9.764184 -10.226154 -10.691952  -8.989362  -9.714768
 -10.428052 -10.59602   -9.024162  -9.58044   -7.903022  -9.027642
  -9.154952  -8.355596  -9.306796 -10.802616 -10.412508  -9.103274
 -10.000708 -10.0949   -10.567774  -9.510028  -9.472328 -10.135848
 -10.516038 -10.019268 -11.00985   -9.899846  -9.678982  -8.820756
  -8.813564  -7.486466  -7.320934  -6.719938  -7.6096    -8.308964
  -7.768752  -7.926338  -7.9199    -7.915898  -8.109908  -6.319448
  -6.48266   -9.162202  -9.211328  -9.254306  -9.290556  -9.076536
  -8.4912    -8.437028  -7.696542  -8.308094  -7.83522   -7.605192
  -7.220884  -7.229642  -7.031978  -9.50823  -10.964552 -10.60414
  -8.825512  -7.197104  -9.977798  -9.640818  -9.615008  -9.619764
 -10.870534 -11.271546 -10.472364  -9.781874  -8.741238  -8.92446
  -8.761596  -9.263586  -9.493208  -9.553354  -9.79359   -8.74089
  -9.860464  -8.654412  -8.967554  -9.381964 -10.32806  -10.860094
  -9.954598 -10.18712  -11.102012 -10.746298  -9.361142  -9.207906
 -10.703436 -10.031912 -10.636736  -9.825896 -10.470218 -10.801862
 -10.73261   -9.275534  -9.380108 -10.191064 -10.321564  -9.609846
  -9.293456  -9.466412  -8.872144  -9.561358  -6.944572  -7.629726
  -9.67933   -9.039068 -10.074078  -6.428314  -7.753382  -9.984932
  -8.189136  -9.561938 -10.12564   -8.977646  -9.942128  -9.066908
  -8.752896  -9.111916  -7.513436  -5.753832  -7.261948  -8.710208
  -5.820068]"
185,"[ -9.897526 -11.521004  -9.449708 -10.510122 -10.563656  -9.299256
  -9.848574 -13.27765   -8.31256   -7.029716  -8.99406   -9.550686
  -9.603872 -10.275976  -9.132854  -8.707366  -9.533808 -11.289584
  -9.26086   -9.021494  -9.412124  -9.562054  -9.970954 -10.856846
  -9.661756 -11.752888 -11.932456 -10.975456 -12.175882 -11.59304
 -12.0176   -10.514472 -10.57253  -11.27404   -9.488162  -9.660538
 -10.47132   -8.905726  -7.778438  -8.13943 ]"
186,"[-10.086896  -9.985744 -10.480716 -10.48582  -10.89965  -10.105862
 -10.73841  -10.336644 -10.542254 -10.405548 -10.70129  -10.76248
 -11.02029  -10.386756 -10.01022  -10.218324  -9.886738 -10.061144
 -10.586972 -10.002448 -10.103136 -10.520156  -9.929194  -9.83564
  -9.878792 -10.936074 -11.023422 -10.693112 -10.127264  -8.489692
 -10.10737  -10.516676 -10.838518 -10.176216 -10.191412 -10.223486
  -9.838366 -10.554028  -9.912258 -10.426138  -9.305868 -10.042874
  -9.470878  -8.653426  -7.454624  -9.474938  -8.50193   -9.781642
  -7.298198  -8.100918 -10.194544 -10.482398  -9.524354  -9.690176
 -10.263506 -10.216178  -9.324196  -9.50214   -8.76235   -9.674864
  -9.479346  -9.734488  -8.757072  -9.360736  -9.976754  -9.907966
 -10.33067  -10.259446 -10.235608  -9.687508 -10.144142  -9.73356
  -9.746842 -10.348766 -10.40665   -9.224784  -9.778916  -7.79926
  -5.217738  -6.005262  -9.314974 -10.950632 -10.109632  -9.82549
  -7.798796  -9.435498  -8.667404 -11.280826  -9.857912 -10.715326
 -10.688414 -10.00384  -10.735742 -10.81236  -11.08206  -10.206956
  -8.86414   -9.128968  -8.561438  -8.12725  -12.215264  -8.093146
  -9.699746 -10.527464  -9.854838 -10.850408 -10.376258  -9.73588
 -11.41672  -10.91502  -10.660632 -10.528798 -11.49386  -11.147136
 -10.35039  -10.546894 -11.468514 -11.262904  -9.542044 -10.5328
 -10.063348 -10.38142   -7.861494  -9.169742  -9.578758 -10.503046
 -10.137182  -9.866264  -7.388446  -6.338008  -7.27001   -7.719568
  -7.565172 -10.267334  -9.407484  -6.519838  -6.356568]"
187,"[-8.338892 -9.001832 -8.595542 -8.135892 -8.519214 -9.163188 -9.062732
 -9.055134 -8.663286 -9.275882 -9.292528 -8.76757  -9.204484 -8.7841
 -8.097206 -8.687994 -8.702262 -8.531568 -8.714732 -8.053706 -8.486386
 -8.072556 -8.20932  -8.886296 -8.616016 -8.80556  -9.440428 -8.414292
 -8.338486 -9.102288 -8.82209  -9.015694 -8.806952 -8.37404  -8.23716
 -9.240386 -8.940932 -9.581774 -8.894938 -9.371756 -9.170264 -8.937452
 -9.291774 -8.907292 -9.12137  -8.828876 -8.800224 -8.551056 -9.448026
 -9.12833  -9.11557  -8.700406 -9.092138 -9.303664 -9.452898 -8.184148
 -8.474206 -8.466434 -8.390396 -8.470262 -8.451354 -8.045586 -9.298444
 -7.796186]"
188,"[ -9.727586  -6.661764  -7.585762  -8.592352  -7.326676  -8.421832
  -8.462258  -9.032746 -11.16239  -10.618176 -10.744616 -10.3878
 -10.068858 -10.11201   -9.860058 -10.431764 -11.177818 -10.86079
 -11.154676 -10.863864 -11.075332 -10.396442 -11.0432   -10.488256
 -11.541884  -9.385966  -8.793902  -7.467094  -8.985708  -6.679164
  -6.830196  -8.71131   -8.447294  -5.96617   -5.100636  -5.196394
  -6.105834  -8.865938  -7.849198  -7.837018  -8.101788  -9.182212
 -10.040728 -10.04937   -9.80432  -10.21293  -10.027156 -10.473582
 -10.329394 -10.174476 -10.185032  -9.884824  -9.609324 -10.59167
  -9.900948 -10.284734 -10.5415   -10.659588 -10.086258  -9.889812
 -10.344706 -10.085794 -10.032666 -10.528276 -10.57021  -10.08678
  -9.976406 -10.076978  -9.953264 -10.176622 -10.062304 -10.235028
 -10.76828  -10.225342  -9.77329   -9.041388 -10.12013  -10.728782
 -11.068314 -10.354682 -10.222848 -10.68737  -10.320752  -9.849038
  -9.605148 -10.117346 -10.330612 -10.382058 -10.593468 -10.35126
 -10.511166 -10.56615  -10.218034  -9.475112  -9.863132  -8.738222
  -9.284002  -6.869462  -7.64527   -7.729718  -7.98312   -7.447838
  -8.37404   -9.771956 -10.231954 -10.220064 -10.819262 -10.152668
 -10.433852 -10.632154 -10.59718  -10.063986 -10.170184 -10.511166
  -9.886622 -10.596484  -9.43573  -10.621946  -8.80063  -10.67432
  -9.447678  -9.423318 -10.819668 -10.478686 -10.31791  -10.331482
 -10.236536 -10.188628 -10.164442 -10.249644  -9.951408 -10.389888
 -10.354624  -9.569072  -9.58943  -10.02646  -10.035798  -9.194508
 -10.082488  -9.59726   -9.7933    -9.996996  -9.530792  -9.599348
  -9.56159   -9.219738 -10.7648   -10.321332  -9.984352 -10.683078
 -10.525898 -10.55281   -9.95425  -10.603038 -10.336818 -10.34662
 -10.45479  -10.653266 -10.412566 -10.237232 -10.493824  -9.437644
 -10.810794  -9.858318 -10.497362  -9.871252 -10.792756 -10.441798
 -10.601066 -10.349752 -10.018514  -9.693598 -10.709932  -9.918058
 -10.355436 -10.162934 -10.449918 -10.477468 -10.585754 -10.342618
 -10.409028 -10.680236 -10.050646  -9.87189   -9.705082 -10.391802
 -10.00413   -9.259004 -10.125988  -9.93221   -8.94331   -9.632234
 -10.540398 -10.508846 -10.397254 -10.660922 -10.215598 -10.431068
  -9.436658  -9.402844 -10.211364  -9.816674  -9.839294 -10.637606
 -10.673102  -9.96266   -8.083808  -7.063066  -7.330388  -8.996322
 -10.013526  -9.143932  -8.927766  -8.21367  -10.14884  -10.795482
 -10.25034  -10.977022  -9.488452  -9.754614 -10.625832 -10.9272
 -10.052908 -11.378904 -10.345924 -10.443248 -10.792872 -11.016172
 -10.627456  -9.4975    -9.984816 -10.233752 -10.578678 -10.279862
 -10.467666 -11.060658 -10.786956 -10.83875  -10.26977   -8.80411
  -8.023952  -9.11847   -7.484378  -6.5279    -7.424754  -8.927534
  -7.363506  -9.743246  -8.500016  -8.779576  -9.303838  -8.348288
  -8.515502  -9.634496  -5.392724]"
189,"[ -9.217882  -9.254132  -8.616886  -8.60952   -9.643254  -9.23882
  -6.954142  -7.412226  -7.94948   -9.874268  -9.151008  -9.744406
  -9.591402 -10.068336  -9.779902  -9.890508  -9.951292 -10.011032
  -9.881112  -8.837054  -9.288062  -9.491526  -8.838388  -8.903348
  -9.443212  -7.24391   -7.64005   -9.5932    -9.570638  -8.88444
  -8.729754  -8.56051   -7.765736  -8.708062  -8.673552  -9.307434
  -9.055424  -7.538898  -6.967018  -9.455102  -8.841752  -8.498044
  -7.699152  -8.121914  -8.266334  -6.940396  -8.110604  -8.360178
  -6.933668  -8.732886  -9.071722  -9.170844  -8.63968   -7.378122
  -7.910794  -8.329206  -6.519142  -6.104906  -8.014382  -7.380558
  -7.994546  -7.239212  -9.406614  -7.579208  -9.454116  -8.967902
  -7.626536  -8.585218  -6.45221   -7.907662  -7.386416  -7.912998
  -6.691518  -8.428908  -6.129614  -7.409326  -5.748844  -5.682434
  -7.249536  -8.65331  -10.63024  -10.522998 -11.15949  -10.41448
  -9.23795  -10.916122 -10.195472  -9.08918   -9.891784 -10.465172
  -7.839686  -6.627834  -7.160796  -7.145426  -8.159962  -9.44936
  -9.58131   -7.987412  -9.416706  -7.647416  -8.18322   -8.384422
 -10.563714  -9.419896  -9.81766   -9.891146 -11.18472  -11.533938
  -9.83187  -10.729362 -10.669912 -10.454384  -9.998968 -10.75842
 -11.132346  -7.52202   -7.117528  -8.421658  -7.96079   -8.818958
  -9.095502  -8.609288  -9.847414 -10.19669   -7.61569   -9.484856
  -9.568376 -10.328988 -10.061724 -10.598978 -10.559712 -10.220296
  -8.99145   -9.196596  -7.121704  -8.465158  -8.48453   -8.334368
  -9.084424  -9.248158  -9.42181   -7.322732  -5.930442  -7.213402
  -9.04423   -8.986578  -9.053278  -9.564722  -5.194074]"
190,[-10.664402 -10.22018   -8.355422  -6.329424  -5.838802  -7.647474]
191,"[ -9.307724  -8.66317   -9.072476  -8.940642  -9.113018  -9.270372
  -9.258888  -9.413226  -8.952706  -9.022596  -9.129606  -9.265906
  -9.015172  -9.892712  -8.873536  -9.790864  -9.290208  -8.642986
 -10.033014 -10.306136  -9.296008  -8.764728  -9.423202 -10.213104
  -8.560278  -8.978226  -9.36874   -9.415894  -9.465194  -8.894532
  -9.927918  -9.419722  -9.344322  -9.220782  -8.984374  -9.059194
  -9.862204  -9.15124   -9.22896   -9.161622  -8.689444  -9.351398
  -9.146194  -9.534562  -8.776386  -9.604626  -9.265558  -9.261672
  -9.094458  -9.01117   -9.150776  -8.962334  -8.551926  -9.271416
  -8.671696  -9.358474  -8.89256   -9.558516  -8.98275   -8.970512
  -9.777234  -8.623846  -9.764358  -9.671616  -9.229424  -9.311494
  -9.373206  -9.309406  -9.382312  -8.682774  -9.293862  -9.08483
  -9.325414  -8.965988  -8.944644  -9.310972  -8.97492   -9.340378
  -9.24259   -9.262078  -9.540594  -9.428422  -9.156518 -10.167864
  -8.281066  -9.35801   -8.828354  -9.228032  -9.566868  -9.369262
  -9.665758  -9.058614  -9.07555   -8.904392  -9.034718  -9.062326
  -9.21272   -9.605554  -9.077522  -9.113424  -9.17618   -9.229598
  -8.996438  -9.189114  -9.453304  -8.826672  -9.753222  -8.968076
  -9.040634  -9.913186 -10.33879   -9.19474   -9.621794  -9.222174
  -9.082684  -8.960188  -8.804342  -9.111394  -9.367522  -9.375584
  -8.808518  -8.943832  -9.708214  -9.047304  -8.304266  -8.409884
  -9.141902 -10.362222  -9.094342  -9.137726  -8.452166  -8.567238
 -10.02356   -9.491584  -9.565244 -10.100584  -9.643196  -9.594128
  -8.804458  -9.341248  -9.971418 -10.447076  -9.603756 -10.37156
  -9.552136  -9.384342  -8.811128  -9.972984 -10.073382  -8.077138
  -9.733966  -7.816138  -9.892016  -9.630088  -9.597202  -9.744754
  -8.268538  -8.409536  -7.219956  -8.396544  -8.810606  -8.498856
  -8.546648  -8.61213   -7.998838  -8.492534  -9.297632  -8.321608
  -7.863814  -7.971636  -8.116172  -6.069874  -9.197756  -9.650446
 -10.132252  -9.533982  -9.819864  -9.760414  -9.48938  -10.269654
  -9.94439   -9.90031   -9.499994 -10.29007   -9.618778  -9.627188
  -9.909184 -10.173258  -9.98412   -9.751946  -9.939286  -9.658276
  -9.593606  -9.765866  -9.71442   -9.10194   -9.23041  -10.091072
  -9.473314  -9.771608  -9.509738  -9.6947    -9.425638  -9.392346
  -9.267472  -9.356792  -9.482362  -8.884846  -8.972136  -9.341886
  -9.910054  -9.336782  -9.850488  -9.763082  -9.631306  -9.76836
  -9.885346  -9.477606  -9.521338  -9.326864  -9.636816  -9.561706
  -9.719698  -9.750322  -9.741796  -9.888594  -9.496572  -9.432018
  -9.731182  -9.841498  -9.560778  -9.965212  -9.686232  -9.449766
  -9.758384  -9.37367   -9.541406  -9.804842  -8.933334  -9.612456
  -9.763314  -9.593838  -9.564548  -9.791908 -10.123204  -9.591054
  -9.17038   -8.823888 -10.074078  -8.719024  -9.492976  -9.83013
  -9.835524  -9.778742  -9.46067   -9.871542  -9.702878  -8.949864
  -9.952742  -9.593026  -7.424522  -7.383052  -8.89401   -9.160288
  -9.671964  -8.2563    -8.410464  -8.075224  -8.321898  -9.184242
  -9.272402  -9.617618  -8.604996  -9.392288  -9.701486  -9.273968
  -8.91808   -9.30958   -9.15994   -9.201758  -9.199438  -8.779228
  -9.440776  -8.821104  -8.99754   -9.288004  -8.923764  -8.623672
  -9.788718  -9.639948  -8.517532  -9.933776  -8.434592  -8.853874
 -10.290824  -9.209124  -9.467746  -8.683876  -8.921038  -9.323384
  -9.263122  -9.31799   -9.159302  -9.040634  -8.82441   -9.239284
  -9.599812  -8.934784 -10.523636  -9.812962  -8.69507   -9.616458
  -8.951604  -9.04568   -9.60799   -8.871158  -9.042896 -10.461518
  -8.790654  -9.275302  -9.335854  -9.707982  -9.353834  -8.611202
  -9.253784  -9.108436  -9.420244  -8.956534  -9.32147   -9.793126
 -10.063696  -9.25564   -9.640644  -9.361026  -8.889486  -8.839374
  -8.993132  -9.008908  -9.211212  -9.362302  -9.13761   -8.651454
  -9.761574  -8.93577   -9.048986  -9.614718  -9.512406  -9.837786
  -9.065342  -9.472966  -9.07468   -9.16371   -9.624462  -9.47227
  -8.696868  -8.906364  -9.419084  -9.835234  -9.256162  -9.386082
  -8.79628   -8.236464  -8.622628  -8.923706  -9.512638  -9.084192
  -9.865858  -9.092138  -9.505562  -9.329764  -9.343626  -9.491178
  -9.224784  -9.486654  -9.19474   -9.18169   -9.350122  -9.027178
  -9.224436  -9.066386  -9.546336  -9.293108  -9.212198  -9.390606
  -9.198104  -9.439616  -9.126474  -9.164696  -8.8769    -9.255988
  -9.469312  -9.721902  -8.894126  -9.088194  -9.49373   -8.684514
  -9.294964  -8.711658  -9.494774  -8.76061 ]"
192,"[ -9.99311   -9.103796  -8.97927   -9.500864  -9.277216  -8.455936
  -5.829348  -7.095836 -10.601472 -10.304454 -10.040032  -8.45814
  -8.36969   -5.669558  -5.244824  -6.36695   -8.267784]"
193,[-9.275592 -7.105174]
194,"[-12.755592 -12.610128 -12.996176 -12.877798 -12.786042 -12.714702
 -12.512572 -12.699448 -12.779372 -13.026858 -12.707858 -12.936436
 -12.709424 -12.768584 -12.239566 -12.60456  -12.837952 -12.629094
 -12.673058 -12.754374 -12.84149  -12.445988 -12.834936 -13.001048
 -12.97634  -12.781054 -12.76232  -12.622366 -12.41084  -12.662212
 -12.764002 -12.881974 -12.65415  -12.613376 -12.215612 -12.496216
 -13.120876 -12.935624 -12.844912 -12.650786 -13.075404 -12.909292
 -12.952502 -12.724736 -12.969902 -12.227328 -12.73767  -12.600094
 -12.632226 -12.710236 -12.714992 -12.422092 -11.770694 -12.224776
 -12.493374 -12.498362 -12.924256 -11.909314 -12.820958 -12.510542
 -12.916832 -12.586696 -12.031462 -12.339558 -11.249564 -12.74666
 -13.196624 -12.77479  -12.7368   -12.638258 -12.755186 -12.840504
 -12.760928 -12.995886 -12.213872 -12.464374 -12.58948  -12.47725
 -12.575792 -12.64342  -12.70925  -12.810692 -12.627934 -12.480556
 -12.59035  -12.797178 -13.12308  -12.887252 -12.86179  -12.744514
 -12.737844 -12.624628 -12.753794 -12.696722 -12.803964 -12.685586
 -12.552882 -13.025988 -12.556304 -12.598876 -12.683266 -12.413856
 -12.944614 -12.940844 -12.990724 -12.87136  -11.552556 -12.112198
 -12.500856 -12.651598 -12.405736 -12.747588 -12.745558 -12.778676
 -12.901346 -12.58716  -12.672942 -12.691734 -12.545458 -12.717254
 -12.72607  -12.604908 -12.470754 -12.973324 -12.946876 -12.819392
 -13.048202 -12.503756 -12.430618 -12.67242  -12.561524 -12.80379
 -12.020964 -12.241422 -12.824264 -12.942526 -12.047876 -12.855816
 -12.88934  -12.299248 -12.712788 -13.017578 -12.848102 -11.99121
 -12.708902 -12.441464 -12.773166 -12.445002 -12.823742 -12.812664
 -12.43926  -12.348664 -12.753272 -12.58281  -12.942178 -12.811852
 -12.782272 -12.99896  -12.634198 -12.946702 -12.186438 -12.524752
 -12.47029  -13.002498 -12.875072 -12.769976 -12.822988 -12.792596
 -13.015258 -13.02883  -12.563612 -11.986628 -12.826062 -12.636518
 -12.566222 -12.916484 -12.93429  -12.635068 -12.882786 -12.769918
 -12.214974 -12.537744 -12.57324  -12.746254 -13.052494 -12.364266
 -12.775022 -12.335208 -12.261374 -12.943628 -12.778212 -12.91602
 -11.911402 -12.895894 -12.8035   -12.654266 -12.547372 -11.962674
 -12.804022 -13.031614 -12.745674 -12.33399  -11.869294 -12.828034
 -12.98098  -12.553172 -12.703682 -12.697244 -12.582404 -12.880408
 -12.538324 -12.555724 -12.8644   -12.20291  -12.511238 -12.209986
 -12.836676 -12.914222 -12.713716 -12.435432 -12.583912 -12.605662
 -12.895894 -12.72839  -12.768584 -12.919558 -12.995654 -12.323376
 -12.522026 -12.096364 -12.494186 -12.976398 -12.697418 -13.007138
 -12.622946 -12.821364 -12.199256 -13.019028 -13.18137  -12.84758
 -12.96242  -12.258996 -12.578808 -12.0553   -12.469072 -12.917818
 -12.342574 -12.587102 -12.84294  -12.83482  -12.490648 -12.3279
 -12.810692 -12.57904  -12.319606 -12.434214 -12.550214 -12.6121
 -12.337238 -12.765858 -12.61645  -12.90036  -12.833834 -12.690574
 -12.076644 -12.617494 -12.363512 -12.53496  -12.38909  -12.901056
 -12.797874 -12.662096 -12.12925  -12.763596 -12.439202 -12.802688
 -12.911728 -12.287996 -13.066646 -12.715282 -11.761762 -12.651888
 -12.941192 -12.64835  -12.725316 -12.492678 -12.492388 -12.591046
 -12.195892 -12.332714 -13.032426 -12.582984 -12.428298 -13.038806
 -12.558972 -12.855816 -12.811446 -13.021638 -12.827686 -13.020768
 -12.654614 -12.967176 -13.011546 -12.499928 -13.025408 -13.11931
 -12.792538 -11.646284 -12.280978 -12.685006 -12.77972  -12.995712
 -12.438448 -12.20784  -12.857382 -12.587856 -12.722648 -12.910684
 -12.567034 -12.410898 -11.999852 -13.053016 -12.7107   -12.63124
 -12.560364 -12.556478 -12.490126 -12.685006 -13.11032  -12.90587
 -12.822988 -12.594584 -12.753156 -12.87165  -12.622482 -12.155872
 -12.635126 -12.897286 -12.775776 -12.99664  -12.228372 -12.755476
 -12.80901  -12.742078 -12.223384 -12.991014 -12.539194 -12.462518
 -12.434852 -13.010212 -12.790914 -12.723054 -12.786622 -12.250064
 -11.99788  -12.442856 -12.63965  -12.818464 -12.572428 -12.508802
 -12.759536 -12.814868 -12.96648  -12.782678 -12.953314 -12.661574
 -12.996002 -13.031092 -13.1138   -12.84903  -12.773166 -12.248266
 -12.742426 -12.836328 -12.864632 -12.476844 -13.030512 -13.061948
 -12.698694 -12.651482 -12.547894 -12.608562 -12.719168 -13.013518
 -12.957722 -12.646784 -12.553926 -12.89224  -12.959868 -12.602008
 -11.867322 -12.511296 -12.786332 -12.750314 -12.53351  -12.700666
 -12.685354 -12.90993  -12.521388 -12.863066]"
195,"[ -9.98731   -9.940098  -9.725382  -9.504866  -9.793184  -8.989072
  -9.395884  -9.111626  -7.801522 -10.204172  -8.956766  -9.388054
  -9.822648  -9.881054  -9.495006 -10.161136 -10.185728 -10.90806
  -9.214924 -10.373358  -9.21127  -10.612028 -10.35126   -9.60045
 -10.313212 -10.03719  -10.228184  -9.059426  -9.81998   -9.676662
  -9.13819   -7.591504  -7.39906   -7.976856 -10.35793   -8.564222
  -9.90669   -9.291252  -9.518206  -9.393448  -9.805074  -9.687972
 -10.221514  -9.65903   -9.572146 -10.05082   -9.920842 -10.039684
  -9.74951  -10.359496  -9.835408  -9.715812  -9.618604  -9.955236
 -10.262056  -9.064356  -9.05061  -10.508092 -10.354276 -10.425326
 -10.086896 -10.307702 -10.704944 -10.045484  -7.86625   -9.671442
  -8.136936  -8.590844  -9.80983   -8.705568  -9.272924 -10.908988
  -9.557704  -9.371698  -9.179718  -7.540464  -9.190042  -8.641014
  -8.792162  -8.915876  -9.856172  -7.588082  -7.947566  -8.057186
  -8.043382  -7.68152   -7.614704  -7.64701   -7.806046  -8.852366
  -8.276948  -8.02314   -8.085432  -6.842608  -7.772232]"
196,"[-8.48714  -9.629276 -9.092196 -9.228438 -8.106892 -8.013976 -9.386372
 -7.964328 -7.255568]"
197,"[ -9.436948 -10.304164  -9.59813   -9.561126  -9.546568  -7.63251
  -8.47641   -9.649518  -9.270546  -8.47873   -8.605924  -5.714102
  -5.130158  -7.054076  -9.67527   -8.990058 -10.584304 -10.165486
  -9.468268  -9.377556  -9.66048   -9.183662  -9.229598  -9.359344
  -9.535664  -8.516662  -9.652418  -9.23969   -9.16255   -9.06482
  -9.339392  -9.07323   -9.133956  -9.193058  -8.999222  -8.963204
  -9.075782  -9.203382  -9.876414  -9.576206  -9.3148    -9.35279
  -8.948762  -9.019638  -9.511362  -8.770122  -8.868606  -8.22469
  -9.400002  -9.279594  -9.07584  -10.252428 -10.303236  -7.995706
  -9.851416  -9.879546  -9.368218 -10.023502  -9.437876  -8.917964
  -9.302214  -9.35453   -8.99928   -9.26724   -9.034312  -9.233832
  -9.644472  -8.80034   -9.85043   -9.420592  -9.581136  -9.393274
  -8.878698  -9.618488  -8.705278  -9.423724  -9.456842  -9.468558
  -9.180936  -8.732422  -9.342988 -10.025242  -9.78518   -9.438456
  -9.571102  -9.23012   -9.610426  -9.4685    -9.325066  -9.002064
  -9.527776  -9.150602  -9.217998  -9.675676  -8.89459   -9.247984
  -9.036168  -9.403482  -8.916862  -9.253262  -9.41688   -8.914368
  -8.591946  -9.91249   -8.77975   -9.232556  -8.90793  -10.239842
 -10.32487   -8.75771   -9.541638  -9.118586  -9.321238  -8.991798
  -8.69797   -9.612572  -8.93548   -9.349194  -9.115802  -9.179834
  -9.193348  -9.323848  -8.75249  -10.190832  -9.474474  -9.299488
  -9.154082  -9.481028  -9.028802  -9.500226  -8.564628  -9.294036
  -9.872702  -9.43167   -9.03379   -9.81418   -9.303316  -9.15907
  -9.46908   -9.798114  -9.135986  -9.81012   -9.134362  -9.50504
  -9.150312  -9.406208  -9.37918   -9.636642  -8.989652  -8.935422
  -9.13529   -9.631422  -9.380398  -9.20489   -9.019406  -8.555696
  -8.824352  -9.169626  -9.371292  -8.657718  -9.176354  -9.536882
  -8.78497   -9.609324 -10.162876  -8.946616  -9.026192  -8.630168
  -8.98681   -9.187954  -9.095966  -8.998526  -9.311378  -8.84471
  -9.23157   -9.331272  -9.270314  -9.264282  -9.340784  -9.423956
  -8.933566  -9.67382   -9.204542 -10.54527   -8.762234  -9.361142
  -9.827462  -9.041852  -9.658218  -8.917326  -9.489728  -9.425406
  -9.272286  -9.467514  -8.988724  -8.868838  -8.939018  -9.166842
 -10.455312  -9.003282  -9.12804   -9.375526  -9.010822  -9.357546
  -9.224204  -9.339798  -9.244446  -9.252624  -8.952706  -9.391998
  -9.118412  -9.354878  -9.216664  -8.83456   -9.367     -9.99021
 -10.402764  -9.393506  -9.76111   -9.215214  -7.552354  -7.281146
  -7.159868  -7.670732  -7.840498  -6.274324  -9.142018  -9.09875
  -8.382566  -6.337428]"
198,"[ -8.70638   -9.343278  -9.051132  -9.381268  -9.227278  -9.457828
  -7.02931   -7.166248  -6.868418  -8.835488  -8.226546  -8.402286
  -8.477512  -8.884092  -8.42276   -8.574024  -8.5956    -8.0011
  -8.869244  -8.643972  -7.731864  -8.35925   -9.27507   -8.774936
  -8.28907   -9.397856  -9.46995   -8.243482  -7.953772  -7.869034
  -9.12224  -11.117034 -10.990768 -11.57013  -10.370052 -11.113728
 -10.697404 -10.999642 -10.395514 -10.473118  -8.83021  -10.216932
 -11.139654 -10.508962  -8.364586  -9.758616  -9.100664  -8.521186
  -9.867482 -11.550294  -9.033732  -7.995938  -7.839222  -7.592606
  -9.385966  -8.210828  -8.515386  -8.69014   -8.680802  -8.633416
  -8.812636  -8.096278  -8.373344  -8.45756   -8.470436  -8.766468
  -7.996808  -8.460518  -8.93867   -8.586784  -8.273584  -8.167676
  -8.845696  -8.37404   -8.53731   -8.59444   -8.133862  -8.415568
  -8.178928  -8.320042  -8.593338  -8.500712  -8.564454  -8.91982
  -8.05852   -7.890958  -9.058672  -8.013918  -8.42682   -8.676916
  -9.267936  -8.862632  -8.354378  -8.847668  -8.52919   -8.474902
  -8.93258   -9.738084 -11.421302 -10.106442 -10.161484 -10.451832
  -9.659958  -9.579106 -10.193384 -10.043686  -9.908836 -11.152646
 -11.312668 -10.487676 -11.168654 -10.047572  -9.688668 -10.120362
 -10.043164 -10.064624  -8.906422  -8.661256 -10.094668  -6.938772
  -5.95167   -6.35129   -7.276796  -7.557574  -9.392694  -9.070098
  -8.675582  -9.8455    -9.973274 -10.18567  -10.081734  -9.37744
  -9.47952   -9.610658  -8.873304  -9.569826 -10.119782 -10.61864
  -8.719604  -9.638672 -10.184336 -10.880162  -9.615356  -9.974608
  -9.388808  -9.120152 -10.385886  -9.076014 -10.97998  -10.69346
  -9.933834 -10.992276  -9.463338  -8.392426  -8.40014   -8.22121
  -7.960558]"
199,"[-7.889276 -8.851206 -8.444684 -8.686254 -8.749242 -9.047246 -8.190644
 -8.758116 -8.393934 -7.975464 -8.996496 -8.147086 -9.037792 -9.629914
 -9.163014 -8.116984 -8.766642 -8.32358  -8.620366 -8.72262  -9.005834
 -7.804132 -8.877364 -9.88639  -8.70667  -7.775016 -7.867816 -9.481898
 -7.589764 -7.055816 -7.854592 -9.232092 -9.37773  -8.840592 -7.2645
 -7.703096 -5.636382]"
200,"[-9.29624  -9.432482 -8.42943  -6.81181  -8.319346 -9.1292   -7.061094
 -9.129026 -5.866004]"
201,"[ -9.503474  -9.47024   -9.154256  -9.53172   -9.624346  -9.565128
  -8.724476  -9.03785   -9.08367   -9.419896  -9.602132  -9.659784
  -9.519424  -9.38643   -9.148572  -9.267762  -9.38295   -9.170264
  -9.364912  -8.502742  -9.5816    -8.98884   -9.519482  -9.42007
  -9.441646  -9.254944  -9.263934  -9.367406  -9.45777   -9.098808
  -8.655978  -9.37019   -8.90329   -9.147528  -8.734452  -9.334694
  -9.562518  -9.400814  -9.26434   -9.17444   -9.194276  -9.067488
  -9.614486  -9.142656  -9.385502  -9.235746  -9.737736  -9.390896
  -9.473024  -9.829028  -9.337826  -9.460612  -9.18256   -9.281044
  -9.61379   -9.124618  -9.393158  -9.258888  -9.17734   -9.582934
  -9.455972  -9.092312  -9.138596  -9.33336   -9.246186  -9.377556
  -9.376976  -9.137842  -9.415024  -9.541696  -9.149674  -9.600566
  -9.371408  -9.720974  -8.680164  -9.360794  -9.58624   -9.409456
  -8.772732  -7.154242  -7.594578  -8.088912  -6.97653   -9.185286
  -7.061964  -8.475424  -8.532554  -7.939388  -6.726318  -6.138894
  -8.511268  -8.09477   -7.45213   -7.817066  -8.496362  -6.529292
  -8.646118 -10.499972  -8.821046  -8.353276  -8.096626  -9.854896
 -10.205216  -8.275382  -7.662438  -7.988978  -8.018674  -7.323312
  -7.621664  -8.602792  -8.710208  -8.886818  -8.215874  -8.31024
  -6.661068  -7.979872  -8.129396  -8.436332  -8.595948  -8.409884
  -8.415394  -7.330156  -8.705742  -7.459264 -10.258054  -9.09846
  -9.678402  -8.753592  -9.33278   -8.770412  -9.612514 -10.189324
  -9.571798  -8.839316  -9.889928  -9.545814  -8.367022  -8.696752
  -8.856136  -9.010996  -8.27776   -7.11022   -7.289846  -7.315018
  -9.737156  -7.44836   -9.72863   -8.779692  -7.781918  -5.647228
  -6.90026   -9.91191   -8.305832  -7.305332]"
202,"[ -7.46083   -7.293964  -8.452398  -5.572582  -5.158404  -6.927868
  -8.681382  -8.74582   -9.491526  -8.402808  -9.36004   -9.473662
  -9.493324  -8.929448  -9.356038  -8.9378    -8.340458  -9.381442
  -9.452608  -9.824446  -9.41775   -9.373554  -9.854374  -9.561126
  -9.109654  -9.214808 -10.178768  -9.893292  -8.109328  -8.114606
  -8.355248  -7.731284  -8.70551   -7.73227   -9.465832  -9.29653
  -9.987136  -9.757456  -9.097822  -8.469798  -9.523252  -9.60741
  -7.885042  -5.34557 ]"
203,"[ -7.562562 -10.17871  -10.264202  -9.969098  -8.517068  -7.60264
  -8.170924  -9.854664  -9.524238  -9.512986  -8.895054  -8.215874
  -8.8247    -8.88299  -10.301554  -7.36426   -7.440878  -7.596028
  -9.154894  -9.4598    -8.845522  -8.58284   -9.508694 -10.347374
  -9.338406  -9.297052  -9.026308  -7.259454  -7.864684  -8.563874
  -7.123154  -7.881852  -7.025424  -7.699094  -6.822714  -6.926592
  -6.772718  -7.130868  -7.461004  -7.452942  -6.825266  -8.070468
  -9.623766  -8.016006  -9.714246  -8.290346  -7.948726  -7.985092
  -7.569406  -7.634134  -7.951974  -7.445634  -8.536556  -7.637904
  -8.061884  -8.617466  -9.873224  -9.681302 -10.027446  -9.9847
  -9.416474  -8.384654  -8.228808  -9.19271   -9.408122  -7.905516
  -8.017108  -8.814608  -8.565962 -10.306658  -8.574024  -8.154568
  -5.549962  -5.054932  -5.607498  -7.884462  -7.768752]"
204,"[-12.513094 -10.811548 -10.34778   -9.09962   -8.525594  -9.61727
  -8.76728   -8.764032  -8.2186    -9.51374   -8.228808  -8.628602
  -9.203498  -8.916862  -9.387764  -9.534794  -9.024568  -9.422448
  -9.145788  -9.163188 -10.137472  -9.877284  -9.950886  -8.93983
  -8.58951   -9.328546 -10.069032 -10.001578  -9.27391   -9.145382
 -10.05604   -9.009372  -9.44182   -9.201352  -9.77706   -9.570174
 -10.21786  -10.16189  -10.162644  -9.560952  -9.558574  -9.242126
  -8.808402  -9.914056  -9.435208  -9.32118   -9.882272  -9.346526
 -10.44783  -10.309616 -10.378926  -9.095792  -9.690582  -8.720242
  -9.293282  -9.649344  -9.11731   -8.832588  -9.67904   -9.087324
  -9.078798  -9.568956  -8.781316  -9.624114  -9.642906  -8.260534
  -9.767432  -9.133318  -9.671384  -9.790516  -9.119282  -8.645538
  -8.23194   -8.127772  -9.535374  -8.150044  -9.776132  -9.76256
  -6.435274  -8.589858  -9.580092  -9.003456  -8.45234   -8.17075
  -9.095444 -10.201794 -10.361468 -10.062246 -10.061608 -10.300336
 -11.111756 -10.899476  -9.758558  -9.667208  -8.511152  -8.951314
  -8.53528  -10.726346  -8.535976  -7.153314  -7.284278  -6.660488
  -5.797042]"
205,"[ -8.29052   -7.73633   -9.498254  -8.515676  -8.140474  -8.246034
  -9.679446  -8.361164  -9.43573   -8.653542  -9.09614   -9.37976
  -8.785898  -6.65173   -6.564092  -8.235594  -8.986694  -9.379702
  -9.875834  -9.868352  -9.41659   -9.617212  -9.857622  -9.846196
  -9.762502  -9.211676  -9.712158  -9.376744  -9.565708  -8.968424
  -8.070352  -7.524746  -8.462258  -8.28443   -9.510956  -8.983272
  -9.903848  -8.927128  -9.20402   -6.683746  -6.404012  -7.623578
  -9.386198  -9.126822  -8.122088 -10.31646   -9.391186  -7.14473
  -5.901442]"
206,"[ -8.614044  -9.813194  -8.845928  -8.088622  -9.634032 -10.147622
  -9.638846  -9.933428  -9.296124  -9.226814  -9.37773   -9.051248
  -9.187548  -9.743884  -9.613964  -9.71471   -9.292122  -9.445474
  -9.768302  -9.780656  -9.473372  -9.540304  -9.37193   -9.462004
  -9.573712  -9.263876  -9.309058  -8.899172  -9.12427   -9.794518
  -9.131056  -9.301576  -9.573364  -9.104782  -9.339392  -9.270314
  -9.238936  -9.329126  -9.520294  -9.366942  -9.073114  -9.000846
  -9.233658  -9.078856  -8.82615   -9.635598  -9.27072   -9.867656
  -8.776096  -8.208914  -9.48619   -7.020378]"
207,"[ -9.969794 -10.585754 -10.431938 -10.274874 -10.033768  -9.627072
  -9.576612 -10.471262  -7.861378  -8.146622  -9.375062  -9.231628
  -9.710824 -10.082198  -8.469914  -9.466818 -10.23497   -9.714594
  -9.25999   -8.836532  -9.472154  -8.430242  -8.529248 -10.112474
  -8.589568  -9.005602 -10.37272   -8.882352  -9.784368  -8.597108
  -9.920552 -10.35735   -8.129918 -10.661618  -8.570312 -10.278064
  -9.072592  -9.046376  -9.037038 -11.048594 -10.515864 -10.411174
 -10.647408 -10.274584  -7.710056  -8.27863   -6.6729    -6.303092
  -8.261056  -6.721388  -8.296204  -9.32785  -10.46407  -11.113786
 -11.630392 -11.280942 -10.88979  -11.512362 -10.70941  -11.221666
 -11.155024 -11.334998 -11.052712 -10.569108 -10.445916 -11.432148
 -11.155894 -10.751518 -11.146034 -10.724606  -9.789414  -9.298502
  -7.75692   -9.709258 -11.347526 -10.725534  -9.467166  -9.562634
 -11.703936  -9.211734  -7.949712  -8.272656  -9.523368  -9.665004
 -10.6546   -10.38345  -11.063616 -10.897794 -10.72623  -10.009698
  -8.986288  -9.710302  -6.156932  -7.032036  -7.642138  -9.13703
  -9.222406  -8.798194  -6.984998  -5.866236  -6.480746]"
208,[-5.713348]
209,"[-10.675712 -11.018376 -11.17602  -11.256408 -11.666584  -9.429292
  -9.992646  -8.107646  -6.960754  -8.935132  -7.13168   -6.311792]"
210,[-7.552006 -5.152256]
211,[ -8.773428  -9.272576 -10.033942  -6.90606   -7.81753   -7.106682]
212,"[-11.408426 -10.8924   -11.138204 -11.259366 -11.174918 -11.664844
 -11.689088 -10.963508  -9.959876  -9.817718 -10.481528 -10.65721
  -9.469486  -9.208892  -9.627188 -10.086722  -9.79069   -9.155242
  -9.59059   -9.88262   -9.557878  -9.76894   -9.66077   -7.424174
  -8.33141   -8.21048  -10.12216   -9.631422  -8.883686  -8.660038
  -9.407774  -9.548656  -9.071316 -10.388844 -10.86543   -9.837612
 -10.641144 -10.733422  -9.274026  -9.936038  -8.23658   -9.569478
  -8.147144  -9.000962  -7.516742  -8.592584  -6.507136  -7.105116
  -8.151146 -10.197734  -8.630632  -9.101418  -9.752932  -9.751598
 -10.278876  -9.23679   -8.211698  -8.23049  -10.149536  -8.16524
  -8.393702  -7.68326   -9.034196  -9.776538  -9.078856  -9.986498
  -9.662046 -10.151392 -10.496956  -9.840686  -9.449824  -9.884186
  -9.43283   -9.898338  -9.888478  -8.89459   -9.878792  -9.069866
  -9.47662   -9.092138  -9.780888 -10.301496  -8.8508    -8.369458
  -9.236268  -9.196596 -10.235318  -9.88378   -9.670514  -9.49286
  -9.604684  -9.71297   -9.852576  -9.459046  -9.223276  -8.5463
  -6.121146  -7.391694  -8.230606  -7.985266  -8.863676  -9.096372
  -9.24607   -9.037502  -9.047942  -8.291738  -6.592454  -8.485574
 -10.046702  -8.916456  -9.302678 -10.284618  -9.872412  -5.929108]"
213,[-6.743022]
214,"[ -9.325762  -8.635446  -9.434048  -8.78845   -9.112728  -8.999338
  -9.034022  -8.418816  -9.135348  -8.537252  -9.428654  -8.61619
  -8.621178  -9.062674  -8.325552  -9.48706   -8.492882  -8.634634
  -9.721438  -8.412436  -9.53259   -8.401068  -9.15733   -8.88792
  -8.9726    -9.266892  -8.102136  -9.010416  -8.882294  -9.867482
  -8.744776  -9.235978  -9.059658  -9.052466  -9.562518  -8.774646
  -9.13732   -8.799644  -9.622432  -9.359344  -9.14225   -8.335644
  -9.45806   -8.2447    -8.436738  -9.52099   -8.460634  -9.45313
  -9.060006  -8.657196  -9.290324  -8.42392   -9.417576  -8.969932
  -8.861414  -9.251696  -8.517764  -9.358474  -8.393876  -9.186446
  -9.206166  -8.509644  -8.559524  -9.49083   -7.922858 -10.041714
  -8.827194  -9.506026  -9.469602  -8.597108  -9.060876  -9.23911
  -8.281646  -8.935944  -9.207036  -9.75647   -8.741586  -8.7493
  -9.130592  -8.560336  -9.23998   -9.357082  -8.806314  -8.704814
  -9.607468  -8.653542  -9.125314  -8.491896  -8.874928  -9.376628
  -8.760726  -8.495434  -8.360816  -8.919588  -9.652882  -8.200446
  -9.0712    -8.645944  -8.716936  -8.871796  -8.589394  -8.918602
  -8.584522  -9.309174  -8.829688  -8.75191   -9.153328  -8.476468
  -9.781642  -8.57733   -8.82267   -8.519852  -8.523622  -9.206688
  -8.951894  -8.842738  -9.171598  -7.942288  -8.956708  -9.06221
  -8.903174  -9.62887   -9.354646  -8.512834  -8.625876  -8.926664
  -9.842078  -8.717052  -9.316598  -9.51026   -7.971578  -9.628638
  -9.40615   -8.735612  -8.719024  -8.996554  -8.787232  -8.79309
  -8.72233   -9.438514  -8.362266  -9.431786  -8.702146  -8.988318
  -8.882352  -8.919588  -8.554246  -9.33249   -9.284234  -8.261114
  -9.498892  -8.641652  -9.403192  -8.909554  -8.708294  -9.34177
  -8.153002  -9.310914  -9.387126  -8.622164  -9.017608  -9.384052
  -9.515074  -9.27275   -9.04655   -9.256684  -9.184764  -8.808982
  -8.62489   -8.409362  -9.210574  -9.978378  -9.74052   -9.119688
  -7.635584  -7.070548  -6.40668   -7.800884  -7.998896  -9.598768
  -8.884672  -9.683564  -9.878444  -8.190122  -6.06767   -6.340386
  -6.345316  -8.509354]"
215,"[-6.783448 -6.173694 -5.419752 -7.758312 -6.94086  -6.925722 -7.548352
 -5.077784]"
216,"[-10.9156   -11.119702 -11.419388 -10.537324 -11.775044 -10.002796
  -9.732226 -11.666526  -9.815166 -11.038966 -10.25353  -10.337746
  -9.528124  -9.591576  -9.761632  -9.681824 -10.572704 -10.241002
 -10.10824  -10.04415   -9.535548  -9.002006 -10.161658  -9.496224
  -7.628334  -7.654318  -6.055432  -6.809664  -8.143258  -8.066118
  -7.78157   -7.955802  -8.42827   -9.739708  -8.039264  -8.60749
  -9.025032  -8.255894  -9.240908  -9.276462  -8.104804  -9.429698
  -9.180356  -8.897896  -8.769716  -9.187374  -7.763416  -9.323906
  -9.345772  -9.04539   -8.932928  -9.36468   -9.7498    -8.88299
  -9.707924  -9.430336  -9.112032  -9.124676  -9.755832  -8.239712
  -9.702936  -8.871796  -8.35664   -8.825164]"
217,[-8.152248 -8.71015  -7.95383  -5.22464 ]
218,"[-11.90276  -12.0901   -11.282276 -11.629174 -11.295674 -12.724736
 -11.817326 -11.810714 -11.061702 -11.70324  -11.917202 -11.215228
 -11.033804 -12.016962 -12.744282 -11.535504  -9.991196  -8.769774
  -8.381348  -9.452898  -9.387648  -8.992146  -9.420244  -9.464208
  -8.97318   -9.130708  -6.309066  -6.922126  -9.017724  -7.988978
  -7.76678   -8.429082  -7.587444  -8.85776   -8.002086  -8.7522
  -7.458742  -6.490548  -7.559662  -7.5052    -6.957216 -10.429966
 -10.570906  -9.800782 -10.402822  -6.780606  -6.441016]"
219,"[-10.873028 -11.739722 -10.780982 -10.549968 -10.233288  -9.719118
 -10.565222  -9.563794  -9.383124 -10.20539  -11.075042 -11.191738
 -10.701058 -10.53541   -9.994096  -9.99601  -10.441566 -10.13724
 -10.05575  -10.263738  -9.525108  -8.071744  -8.003652  -8.464346
  -7.706228  -9.34873   -8.024474  -6.543328  -7.059702  -8.648786
  -9.300416  -8.808402 -11.317598  -9.513218  -9.581716 -11.223464
 -11.517756 -11.29405  -10.923198 -11.017274 -12.628688 -12.026706
 -11.2346   -12.888644 -11.30942  -11.196088 -12.147926 -12.695388
 -10.833298  -9.653404  -9.805596 -10.746124 -10.079472 -11.05045
 -11.412776 -11.181008 -11.217722 -10.486864 -10.662198 -11.214996
 -10.957766 -11.272822 -12.253428 -11.353674 -11.305766 -11.53649
 -12.79712  -11.22155  -11.614848 -11.561488 -11.707474 -11.447808
 -11.986976 -11.374264 -11.85491  -10.843912 -11.213952 -11.097546
 -11.49125  -11.305244 -12.392802 -11.329836 -10.439826 -11.85462
 -11.207978 -11.690886 -11.705154 -11.169872 -13.13468   -9.90814
  -9.433642  -9.222406  -9.447678  -8.482094  -8.883686  -9.983888
  -9.700152 -10.674436  -9.041272  -9.196828  -9.012562  -9.005312
 -10.402416  -9.820328  -9.490598 -10.037596 -10.065204 -10.125872
  -9.151878  -9.00711   -9.374482  -9.874964  -9.409688  -7.828956
  -9.862668  -9.238066 -10.368718  -9.879604 -10.615508  -9.995604
  -9.759776 -10.400966 -10.363498  -9.4018    -9.375816  -9.457944
 -10.11288   -9.731356  -9.82491  -10.440174 -10.89124  -10.365412
  -9.864872 -10.822394 -10.053314 -10.027504  -9.37164  -10.497942
  -9.805944 -10.122566 -10.553506 -10.630588  -9.89045   -9.572088
  -8.634576  -9.662046  -9.536708  -9.464556  -9.488162  -9.9731
 -10.536454 -10.465694 -10.125814  -9.515944  -7.867468  -8.474786
 -10.090608  -8.028302  -8.76641   -8.739266  -8.271438  -8.449208
 -10.111082  -9.770158  -9.543204  -7.93991   -9.033732  -9.081698
  -7.104304  -8.37346   -9.045912  -8.796686  -8.909322  -8.770992
  -7.834118  -8.09477   -7.122226  -8.72958   -8.984722  -7.594694
  -9.176992  -5.221798  -6.578012  -7.684478  -7.714522]"
220,"[-10.510354 -10.559016  -9.318454 -10.172214 -10.62415   -8.912222
 -10.691894 -10.622236 -10.371908  -8.476758 -10.92517   -9.742086
  -9.582354  -9.32843  -10.416742 -10.349056  -9.914404 -10.408796
 -10.565222 -10.332468  -9.769462 -10.667824  -9.489844  -9.667324
 -10.429966 -10.593584 -10.343778  -9.10629   -9.787326  -9.861102
 -10.38258  -10.856034  -9.642268 -10.554956 -10.533264 -10.098554
 -10.359032  -8.903522 -10.428342 -10.560466 -10.373996 -10.001578
  -9.722018 -10.053778 -10.672    -10.721416 -10.060216 -10.150986
 -10.524448 -10.5096    -9.932094 -10.09316   -9.885578 -10.251384
 -10.28137  -10.54092  -10.461576 -10.382986  -9.811338  -9.753106
 -10.520504  -9.932848 -10.412102 -10.11433   -9.734372 -10.04589
 -10.38258  -10.171228  -9.226234 -10.497536  -9.10919  -10.262172
  -9.3235   -10.145244 -10.121928 -10.197502 -10.46146  -10.299234
 -10.329626 -10.386582 -10.587146  -9.424594  -8.501988 -10.292738
 -10.42811  -10.34314  -10.223196  -9.49373  -10.814622 -10.064218
  -9.68513  -10.240886 -10.83875   -9.187374 -10.708366 -10.25788
 -10.614522  -9.9876    -9.484508 -10.11114   -9.453536 -10.497768
 -10.592946 -10.352594  -9.84231   -9.441878  -9.323268  -9.593606
 -10.665794 -10.53106   -9.340088  -9.60712  -10.14072   -9.870498
 -10.355726 -10.307876 -10.733596 -10.337804 -10.172214  -9.587168
 -10.542196  -9.983018 -10.297494  -9.964168 -10.391686 -10.74914
 -10.133702 -10.61632  -10.284618 -10.28601  -10.554724 -10.253588
 -10.34227  -10.707554  -9.870614 -10.032724  -9.924322 -10.436694
 -10.560582  -9.900426 -10.052792 -10.383334 -10.500842  -9.002992
 -10.666664 -10.606924  -9.887956  -9.913012 -10.616262  -9.923626
 -10.520446 -10.372546 -10.526594 -10.719908 -10.519866 -10.387162
 -10.324174 -10.420164 -10.228996  -9.439384 -10.607852  -9.551672
 -10.44812  -10.303178 -10.494404 -10.441914  -9.921074 -10.262636
 -10.556928  -9.586124 -10.84397  -10.559422  -9.743246 -10.232476
 -10.222848 -10.020486 -10.572936 -10.57862   -9.756064 -10.177086
  -9.14486   -8.57443   -8.695708  -9.099504  -9.54332   -9.92612
  -9.798288  -9.972114  -9.734894 -10.514298 -10.554956  -9.776654
 -10.486052 -10.630646 -10.220122  -9.936792 -10.579896 -11.027656
 -10.810214 -10.097394 -10.079646 -10.587204  -9.885288 -10.549214
 -10.731218 -10.568528  -9.524238 -10.334614 -10.415872 -10.74595
 -10.170358 -10.612376 -10.444118 -10.176738 -10.538658  -9.892886
 -10.681686 -10.461286  -9.896192 -10.42724  -10.264434 -10.57949
 -10.176216 -10.226676 -10.525492 -10.506526 -10.10389  -10.429502
  -9.278434 -10.49481  -10.261128 -10.691256 -10.345692 -10.007436
 -10.242394 -10.349868 -10.439246  -9.555442 -10.5676   -10.205448
 -10.38867  -10.659878  -9.199148  -9.727296  -9.691568 -10.47306
 -10.601994  -9.68629   -9.746204  -9.987194 -10.042236 -10.359322
 -10.261012  -9.616052  -9.731472 -10.2341    -9.763604 -10.646944
 -10.650946 -10.48292  -10.207304 -10.396152 -10.533264 -10.253588
 -10.474394 -10.547126 -10.220122 -10.85499  -10.75465  -10.29906
  -9.982612 -10.61864  -10.470914 -10.45508  -10.50641  -10.193036
 -10.151334 -10.175404  -9.807684 -10.508266 -10.816884  -9.38962
  -9.59784  -10.41071  -10.383102 -10.481586 -10.411406 -10.507222
 -10.462156 -10.277252 -10.60472  -10.200808 -10.5096    -9.620402
  -9.843296  -9.574872 -10.397312 -10.265594 -10.46088  -10.13405
  -9.290034  -9.9847   -10.566904 -10.267044  -9.975652 -10.353928
  -9.682172 -10.568006  -9.840628 -10.398414 -10.349926 -10.247208
 -10.064914 -10.492084 -10.444872 -10.518648 -10.348592 -10.306252
 -10.326378 -10.539644 -10.244946 -10.239262 -10.584536 -10.639114
 -10.829876 -10.228706 -10.245178  -9.64685  -10.093392  -9.21765
 -10.13405  -10.224878 -10.653788 -10.449512 -10.228242 -10.337804
  -9.612398  -9.803856 -10.264086 -10.492432 -10.510586 -10.297958
 -10.656862 -10.322666  -9.360388 -10.112068 -10.370168 -10.463548
 -10.293202 -10.368718 -10.43391  -10.356712 -10.714804 -10.110328
 -10.631226 -10.138226 -10.161832 -10.505946 -10.665446 -10.497246
 -10.417728 -10.389192 -10.433098 -10.045658 -10.12274   -9.157852
  -9.787674  -9.59349  -10.03255   -7.387402  -5.51986   -5.271968
  -7.33961   -7.624506  -7.27204   -6.56212   -7.881562  -8.017688
 -10.22366   -9.006008 -10.618988 -10.167342 -11.320788 -11.230946
 -11.482202 -10.176216 -11.497862 -10.42376  -10.27644   -9.38643
  -9.771086  -9.80229   -9.346062 -10.0398   -11.001092 -10.987752
 -11.59101  -10.972034 -10.591844 -10.361642]"
221,"[-10.737192  -8.764554  -5.834046  -5.112642  -5.508724  -7.642718
  -9.735416  -9.164522  -9.66222   -9.714536  -8.425834  -9.7266
  -9.076362  -7.460076  -9.105884  -9.197466  -9.51345   -8.862226
  -9.696208  -9.375468  -9.425232  -9.068184  -8.41435   -9.20779
  -9.142888  -9.698122  -9.565128  -9.258076  -9.337304  -9.301982
  -9.485436  -8.761944  -8.360004  -7.035284  -5.067634  -5.005574
  -5.516554  -6.052532  -8.315402  -8.669666  -9.070968  -9.653868
  -9.295196  -9.119456  -9.876182  -9.709664  -7.76446   -7.73575
  -6.749692  -7.67688   -9.056294  -9.559386 -10.556    -11.866916
  -9.410732  -9.564374  -8.466956  -7.198786  -7.900064 -10.210146
 -10.198024 -10.334208  -9.700036  -6.886108  -7.571552  -5.422826
  -5.669732  -6.965568  -8.293768  -8.124988  -6.732002  -8.013686
  -7.597768  -8.609346  -8.508716  -6.75381 ]"
222,"[ -9.780018  -8.315924  -8.95085   -9.865858  -6.136168  -7.090094
  -8.835952 -10.639404  -7.571204  -8.932464  -8.33257   -7.876864
  -7.137538]"
223,"[-10.835328  -9.424768  -8.81687   -9.778278  -9.541464  -9.449534
  -9.467224  -9.82056  -11.660494  -9.852576  -8.809098 -10.612666
 -10.258692 -10.223486 -10.40056  -11.52895  -10.058012 -10.89791
  -8.668622 -10.466042  -8.22063   -8.018674  -9.96005   -9.151414
  -9.94033   -9.439268  -9.624172  -9.371524  -9.929484  -9.56855
  -9.249318 -10.30457   -8.641362 -10.091014 -10.014744  -9.27652
 -10.122856 -10.32081  -10.169082  -8.95346   -9.418852  -9.328662
  -9.308652 -10.089738  -9.783672 -11.144584 -10.696186 -10.617712
  -9.189578  -9.175716  -7.822286  -8.765424 -10.211248 -10.327422
 -11.022726 -10.59631  -11.938488  -9.558922  -9.783324 -11.062862
 -10.718458 -10.305846  -9.94352  -10.011438  -9.178616  -9.69122
  -9.769926 -10.037364  -9.968982  -8.21512   -9.928498 -10.438202
  -9.109712  -9.229366  -9.286496  -9.160752  -9.16487  -10.185438
 -10.15087  -10.580998  -9.3119   -10.140488 -10.755636  -9.541522
  -9.545988 -11.175092  -8.210828  -8.208392 -10.679714  -8.897258
 -10.06561  -11.59014  -10.152668  -9.052988  -9.643022  -8.876204
 -10.748154  -9.942244  -9.578468 -10.04212   -8.98246  -10.358684
  -9.245838  -9.733386  -9.527834  -9.638788  -9.59552   -9.275708
 -10.052212  -9.959992  -8.809852  -9.20982  -10.065262  -9.193116
  -9.630204  -9.00421   -9.847704 -10.257358  -9.099388  -9.775784
  -9.14138  -10.13318   -9.213706 -10.14014   -9.623476  -8.745588
 -10.511456 -10.302714  -7.822344  -7.16851   -7.938112  -9.909474
  -8.839664  -9.781294  -9.250942 -10.534076 -10.071062  -9.356502
  -9.076246  -9.583398  -9.130476  -9.792024  -9.596448  -8.47206
  -9.34119   -9.263876  -9.951002  -9.679388  -9.875892  -9.52186
  -9.325588  -9.297574  -9.661756 -10.355726  -9.022422 -10.001404
  -9.079726  -9.700036  -9.46096   -9.346236  -9.53636   -9.889812
  -9.288932 -10.831326  -8.93954   -9.228902 -10.197038 -10.266928
  -9.36642   -8.51817   -9.704502  -7.955744  -7.99153   -8.346432
  -7.801638  -8.480992  -8.853178  -7.922568  -7.986774  -7.50114
  -9.220724  -9.621968  -9.073636  -9.470008  -9.349716  -9.024162
  -8.242612  -7.786732  -5.944188]"
224,"[ -8.478788  -8.433316  -9.197234 -10.634764 -11.617226 -10.971918
 -11.219056 -11.267312 -10.844376 -11.235064 -10.878132 -11.057294
 -10.976152 -10.706278 -11.442646  -9.87392   -8.359772  -7.16764
  -6.982272  -9.574988]"
225,"[ -9.92525   -9.000788  -9.182792  -9.943288  -8.724882  -9.140394
  -7.673864  -8.1809    -8.377462  -9.682056  -9.400872  -9.21069
  -8.223878  -7.558618  -7.390824  -9.486944  -8.395848  -9.594882
  -8.238262  -9.464266  -8.53354   -8.098076  -7.564534  -8.147782
  -9.035182  -9.784774  -9.874616  -9.613616  -8.992726  -9.141554
  -8.188266  -8.294406  -8.172664  -9.925308  -9.532474 -10.633372
  -8.550766  -8.821568  -8.803588  -8.368994  -7.999302  -7.941476
  -9.224668  -8.475772  -9.166436  -8.585218  -9.60625   -9.400234
 -11.096038 -10.660922  -9.610948  -9.191666  -7.813064  -7.591852
  -6.93245   -9.023698  -8.16901   -5.2287  ]"
226,"[ -8.990638  -8.849524  -9.64598  -10.146346 -10.34691  -10.408158
 -10.021124  -8.931884  -8.263492]"
227,[-8.389062 -9.429408 -8.681962 -7.227612 -5.392608]
228,"[ -9.716856  -9.429466  -9.19126  -10.230214 -10.871404 -11.224914
 -10.910844 -10.115258  -9.824794 -10.322202 -10.88399  -10.388902
  -9.587052  -9.723062  -9.468906 -10.117752  -9.109538 -10.36837
 -10.216178 -10.000244  -8.563584  -9.83767   -9.328488  -9.709896
  -8.962218  -9.914578 -10.738584 -10.242742 -10.596716 -10.961014
  -8.459068 -11.194348  -9.881518  -9.571566  -9.423956  -9.365492
  -9.681186  -9.887318  -9.896888  -9.836626  -9.140162 -10.214032
  -8.850626  -8.254328  -7.015854  -9.42645   -9.700616  -9.62771
  -9.695628  -8.877828  -8.781142  -8.379898  -9.422622  -8.785028
  -8.493868  -9.102288  -9.404468  -8.40913   -9.927744  -9.438862
  -9.813832  -9.465368  -9.399712 -10.132716  -9.992356  -9.39368
  -9.746088  -9.978146  -9.930586 -10.351608  -9.749046  -9.68745
  -9.995488 -10.486168 -10.433736  -9.26608   -8.71131   -8.156598
  -7.807206  -9.552078 -10.646596  -8.912338 -10.728724 -10.930738
  -9.46067  -11.554586 -10.071236  -8.97289   -6.905016  -9.69818
  -9.323152  -9.1002    -9.658682  -9.111858  -8.53557   -8.366326
  -8.97608   -8.933798  -8.0533    -7.315656  -8.569906  -7.09659
  -6.87474   -7.513784 -10.795714  -9.123806 -10.690154 -11.404192
 -10.499508 -10.295638 -10.061898  -9.45661   -6.782926]"
229,"[-10.58239  -10.242046  -9.671964  -8.75742   -9.962892  -9.955004
  -8.544212  -9.439558  -8.665954  -9.034718  -7.851576  -8.727608
  -7.01365 ]"
230,"[-9.301924 -8.91402  -9.54825  -8.863908 -9.375874 -8.606794 -9.266138
 -8.634634 -8.438362 -7.398364 -8.450426 -8.984664 -7.533446 -8.448918
 -9.223044 -8.222138 -8.253284 -8.264362 -8.155902 -8.701218 -7.421158
 -8.241394 -8.560452 -8.189368 -8.499378 -9.081234 -9.142076 -8.567528
 -8.001216 -8.588872 -7.68732  -8.651164 -8.07273  -7.894206 -9.113888
 -7.626072 -8.65389  -8.871738 -8.691068 -6.523956 -7.91352  -8.493984
 -8.082184 -6.365906 -6.610434 -9.092892 -8.78787  -7.779888 -8.04344
 -5.643284 -5.777554 -6.959478 -7.751526 -8.605808]"
231,"[ -8.785086  -8.269756  -8.347592  -8.40188   -8.66955   -8.678482
  -8.796048  -8.343068  -8.122436  -8.37172   -9.41775  -10.338558
  -9.844978 -11.231932 -10.103368  -9.742318 -10.294304  -9.729906
  -9.128852  -9.22722   -9.580614 -10.63401  -10.274932 -10.687718
 -10.540108 -11.13339  -10.450904 -10.866126 -10.52845  -11.03131
  -9.128272 -10.424862 -10.090782  -8.293478  -8.73799  -11.55244
  -8.57907  -10.080632  -8.097322  -7.442212  -5.045014]"
232,"[ -7.53536   -8.18931   -8.142678  -7.990196  -8.44973   -8.145462
  -6.569196  -6.748706  -7.588082  -8.8421    -9.520584  -9.03959
  -8.784158  -8.71624   -8.596586  -7.138408  -8.899578  -9.593374
 -10.18451   -9.270082  -8.085316  -8.476178  -8.90271   -9.217534
  -8.999106  -8.435984  -8.974746  -9.01146   -8.350898  -8.905204
  -8.964016  -9.37164   -7.271692  -9.466354 -10.0543    -9.467978
  -9.59842  -10.248948  -9.363056  -9.937662 -10.02965  -10.180508
 -10.113518  -9.638266 -10.791016 -10.091304  -9.901586 -10.419932
 -10.73493  -10.039394 -10.871636  -9.485726 -10.791538  -9.129896
 -11.249216  -8.711774  -7.959688  -9.82288  -10.026286  -9.933428
 -10.55687  -10.400154 -10.93474   -9.70659   -9.562112 -10.382406
 -10.577924 -10.47045   -9.96179   -8.378274  -9.923394  -6.47976 ]"
233,[ -8.698086 -10.679714  -7.848328]
234,"[ -6.299902  -6.971832  -8.674364  -8.124408  -7.56552   -8.387322
  -9.468558  -7.961776  -8.175042  -7.74648   -9.771086  -6.978734
  -8.246266 -10.098264  -7.256032  -8.191166  -8.43697   -8.427052
  -7.679316  -7.705068  -8.509064  -7.876922  -7.97848   -8.32445
  -7.707098  -8.74901   -8.531858  -7.82681   -8.227938  -8.043382
  -8.600878  -7.862538  -7.34193   -8.472466  -8.2273    -8.08839
  -8.028882  -8.397936  -8.19888   -7.85465   -8.287214  -8.424152
  -8.951836  -8.418178  -7.614878  -7.123038  -6.818248  -8.593686
  -8.59299   -8.520548  -9.086396  -7.93933   -8.041758  -8.754868
  -8.32735   -7.788182  -8.866808  -9.11151   -8.251776  -7.912534
  -7.785108  -7.469356  -8.30879   -6.025504]"
235,"[ -9.2916    -9.050088  -9.089586 -11.20792  -11.937154 -12.578112
 -11.142032  -9.706648  -9.512348 -11.205542 -11.538752  -9.903558
 -10.143214 -10.05169   -9.925656 -10.060564  -8.421426  -7.20012
  -7.540464  -8.084504  -8.086186  -9.169858  -9.327386 -10.62531
  -9.169626  -6.534512  -5.65732   -6.995322  -7.328648  -6.945036
  -6.9745    -8.541776  -9.281798  -9.981626 -10.201388  -7.559952
  -9.319208 -10.176506  -7.686392  -7.269198  -9.008676 -10.081966
  -9.080538 -11.665076 -10.916586 -10.547938  -9.721148 -11.66351
 -10.522302 -10.983112 -11.172134 -11.315394 -11.747726 -11.230424
 -11.919464 -10.725476 -11.54838  -11.534402  -9.94178  -11.087976
 -11.527152  -9.05003  -10.76335  -11.366782 -11.608352 -10.549446
 -11.118136 -10.472944 -11.894118 -11.88188  -10.638708 -11.63596
 -10.760624 -10.2776   -11.6      -10.521084 -11.745754 -10.3878
 -12.01905  -12.171532 -12.590814 -12.116896 -12.026996 -12.148796
 -11.305882 -11.204556 -10.881844 -10.14594   -9.755426  -9.608106
  -8.785898  -8.821626  -9.442748 -10.274932  -9.99804   -9.808844
  -9.240734 -10.340936 -10.316228  -9.277854  -9.43805  -10.106558
  -9.19068   -9.376396  -9.271706  -9.87537  -10.357408  -9.39397
  -9.715174  -6.793424]"
236,"[-10.621656 -11.235528 -10.285546 -10.047862  -9.152864  -9.617676
  -9.12485   -9.24926   -8.787232  -9.406092  -8.231766  -8.331642
  -7.10703   -7.060456  -7.966416 -10.745544  -9.101824 -10.065088
 -10.574096 -10.81903   -9.734082  -9.841034  -9.275998 -11.454942
 -11.58898  -10.9446   -11.173932 -11.003818 -11.088498 -10.121928
  -9.672312 -10.015788  -8.876958  -6.677018  -6.77991  -10.886252
  -7.71081   -5.128128]"
237,"[ -8.879568 -10.087766  -9.208254  -8.731262  -9.761516  -9.902282
  -8.412378 -10.303932  -9.204484  -9.669528  -9.062384  -9.502024
  -9.081524  -9.20141   -9.589836  -9.468848  -8.535686  -8.69739
  -9.01001   -8.923996  -9.238936  -8.855788  -8.413828  -9.167596
  -9.554746  -7.940664  -7.083192  -8.93606   -9.817776 -10.139386
  -9.844688  -9.766504  -9.53404   -9.243576  -9.64685   -9.573074
 -10.265826  -8.787348  -8.800746  -9.247462  -8.93693   -7.2384
  -8.256068  -8.215816  -9.819574  -9.798288 -10.056852 -10.659994
 -11.195856 -11.141452 -10.575024 -10.918558 -11.818254 -10.214264
 -11.532198 -11.133564 -12.058838 -10.288852  -8.79802   -9.07787
  -9.354762 -10.266522 -11.12962   -9.905124 -10.2428   -10.013294
 -11.166624  -8.719488  -8.230084  -7.687378  -9.033906  -7.171932
  -6.843942  -8.14146   -9.197988  -9.731414  -9.236848  -8.737468
  -8.124234  -8.124698 -10.573516 -10.654542 -10.05198   -8.475598
  -8.208856  -8.176376  -9.389562  -8.303164  -7.13951   -7.997678
  -8.863792  -6.758682  -8.057244 -10.528566 -10.79815  -11.072896
 -10.297784  -9.921596  -8.749358  -9.622838  -8.814724  -6.419092]"
238,"[ -9.943462  -8.97318   -8.204332  -8.19685   -8.128468 -10.611854
 -10.87239  -10.02762   -8.566078  -9.828332 -10.21438   -8.39956
  -8.862342  -9.262484  -8.973064  -8.395152  -8.878118  -9.221246
  -9.56594  -10.221804  -9.767432  -9.918638  -9.244736  -9.358474
  -8.025344  -7.090326  -9.425116  -6.709092  -7.399582  -6.303498]"
239,"[ -9.489148 -11.376062 -10.010626 -10.206956  -9.248912  -9.935748
 -11.235354 -11.438122  -9.705198  -8.472466  -8.496188  -9.180298
  -9.014766  -9.134014  -9.403946  -9.208602  -9.144802  -8.584406
  -8.889544  -8.722214  -8.029346 -10.04908   -9.086802  -9.384052
  -7.409268  -9.255988 -10.708076  -9.24201  -10.010104  -9.843122
 -10.04618   -9.56826  -10.816826 -11.203976 -11.64205  -12.42186
 -10.698506 -10.787942 -10.09577  -12.091956 -12.975354  -9.692844
  -9.100606  -8.46742   -8.256126  -7.766722  -6.715008  -8.128062
  -8.36505   -9.110408 -11.271604 -10.443596 -10.487038 -10.40288
 -11.463352 -11.171206 -11.729282 -11.273228 -11.262962 -10.84832
 -11.560328 -11.248694 -11.215924 -11.267022 -11.646864 -10.263564
  -9.634496 -10.0949    -9.3699    -9.394898  -9.289338  -9.144338
  -9.778626  -8.809794  -8.664504 -10.08794   -9.294442  -7.951568
 -10.03342   -9.03814   -9.393854 -10.907422 -10.266406  -8.693678
  -9.078508  -8.81484   -9.734024  -7.52318   -8.989942  -9.218288
  -9.810178  -7.724788  -5.990298  -5.96588   -8.162166  -8.354088
  -9.47517   -9.30204  -10.07286   -9.827868  -8.986404  -9.550164
  -9.92525   -9.152574  -8.931884  -9.056874 -11.004224  -9.296124
  -9.26753   -9.98673   -9.536476 -10.283226  -8.977472  -8.942846
 -10.260258  -6.302802]"
240,"[-11.467818  -9.035646  -9.616226  -9.039184  -8.838446  -8.309138
  -8.700406  -6.437768  -7.00553   -8.824352  -5.674488  -5.597116
  -5.7101    -5.46911   -7.135856  -7.670268  -7.903312  -7.45213
  -7.528284  -9.378832 -10.317098  -9.617908  -8.801848 -10.615276
  -9.467224  -9.849328  -8.681614  -8.607142 -10.829992  -7.6212
  -7.678794  -7.109118  -9.097938  -9.798694 -10.28253   -9.958948
 -10.447308 -10.21496   -8.969352  -8.329206  -9.37976   -7.96456
  -8.048312  -8.010032  -8.829514  -8.541776  -8.431402  -9.102926
  -9.733328  -9.407252  -8.826962  -9.835002  -9.198858  -9.950016
  -9.180878  -8.837692  -9.545872  -7.227728  -8.183974  -7.256786
  -8.036132  -7.647648  -8.118666  -7.637208  -8.092102  -7.34309
  -7.701124  -8.128526  -8.496594  -8.52223   -8.32764   -8.450252
  -7.500908  -7.798332  -9.26347   -9.122356  -8.806894  -7.730762
  -8.698782  -7.70414   -7.321746  -8.296262  -7.701356  -5.712188
  -5.192102  -7.23376   -5.829928  -6.691286  -9.09527 ]"
241,"[ -7.242576  -8.419164  -8.158106  -8.29429   -8.424674  -8.222834
  -8.823772  -8.676452  -8.553318  -9.356792  -9.039242  -8.88241
  -8.249456  -9.380572  -7.93092   -8.336224  -7.976044  -8.622454
  -8.775806  -8.406926  -7.621026  -8.487604  -8.797846  -9.11992
  -8.058984  -7.856622 -10.311298 -11.232918 -10.904928 -10.809634
 -11.57564  -11.10381  -11.443574 -11.15369  -11.217258 -10.89008
  -8.584928  -8.98507   -8.175622  -6.779736  -7.322674 -10.042642
  -8.936002  -9.33916   -8.332918  -8.601806  -6.728754  -7.82739
  -6.93941 ]"
242,"[-12.841838 -12.394136 -12.550272 -12.804022 -12.869388 -12.439202
 -12.32413  -12.733204 -12.99664  -12.590234 -12.396514 -13.017404
 -12.334222 -12.481368 -11.952292 -12.348548 -13.038516 -12.934928
 -12.965958 -12.70316  -12.914338 -12.643594 -12.925474 -12.675146
 -12.52336  -12.958476 -12.939684 -13.113104 -12.736626 -13.195986
 -12.970366 -12.410376 -12.558856 -12.62689  -12.618828 -12.644522
 -12.925242 -12.803906 -12.980806 -12.917528 -12.113764 -11.980538
 -12.781924 -12.229242 -12.38184  -12.09503  -12.729144 -13.04043
 -12.782736 -12.889224 -12.955344 -12.86846  -12.76957  -12.73651
 -12.079428 -12.9137   -12.707452 -12.921066 -12.858658 -12.670912
 -12.50915  -12.730884 -12.68228  -12.957026 -12.949312 -13.082712
 -12.237478 -10.427994 -11.531212 -12.431662 -11.963544 -12.707684
 -12.95517  -12.257778 -12.312124 -12.909408 -12.864226 -12.731174
 -12.620568 -12.857092 -12.84903  -12.718704 -13.010618 -12.913294
 -12.454282 -12.90471  -13.082654 -12.912424 -12.69388  -12.619988
 -12.645682 -12.721836 -12.890964 -12.353072 -12.743586 -12.846072
 -13.073026 -12.421918 -12.91515  -12.6034   -12.691096 -12.278948
 -12.968452 -13.007254 -12.508628 -12.621322 -12.365078 -12.76464
 -12.57266  -12.993682 -12.800078 -13.018506 -13.022102 -12.954242
 -12.767076 -12.976572 -12.811562 -12.943164 -12.72578  -12.648176
 -12.996292 -12.129598 -12.745558 -12.33747  -12.401328 -12.01673
 -12.886498 -12.689298 -12.752982 -12.867068 -12.47928  -12.419482
 -12.501784 -12.24264  -13.112988 -12.337296 -12.726302 -12.7658
 -12.42215  -12.634546 -12.864574 -12.82061  -12.956794 -12.576604
 -12.64516  -12.977964 -12.75739  -12.89949  -12.63617  -12.76319
 -13.035384 -12.792074 -12.699738 -12.661226 -12.873216 -12.517908
 -12.871708 -13.034398 -12.854946 -12.58919  -12.37372  -12.707394
 -12.706292 -12.517212 -12.05182  -12.884526 -12.93052  -12.845086
 -12.441986 -12.213292 -12.737438 -11.996488 -12.351564 -12.705364
 -12.489314 -12.949486 -12.324014 -12.751532 -12.90384  -12.76638
 -12.419192 -12.777052 -12.738134 -12.367456 -12.788478 -12.653106
 -12.83511  -12.80669  -12.686282 -12.5918   -12.860746 -12.84149
 -12.846246 -12.225646 -12.49407  -13.097734 -13.031672 -12.594642
 -12.553288 -12.987766 -12.83308  -12.47899  -12.749212 -12.754374
 -12.905928 -12.611462 -12.399704 -12.889456 -12.252384 -12.396978
 -12.686688 -12.79364  -12.868808 -12.652178 -13.057308 -12.702754
 -12.658558 -12.810924 -12.886672 -12.72723  -12.804428 -12.662444
 -12.467042 -12.767946 -12.998438 -12.874782 -12.73622  -12.400516
 -12.198038 -12.495868 -12.604154 -12.65328  -12.757796 -12.464548
 -12.938234 -12.776066 -12.458168 -12.836502 -12.834356 -12.869214
 -12.950124 -12.371516 -13.009168 -12.778734 -12.80466  -12.573124
 -13.04565  -12.479512 -12.418728 -12.787434 -12.790392 -12.694634
 -12.500914 -12.52568  -12.844506 -12.374822 -12.33225  -12.177274
 -12.361598 -12.505206 -12.565294 -12.245076 -12.243452 -12.350752
 -12.687442 -12.734944 -12.731928 -12.670622 -12.94038  -12.967234
 -12.763538 -12.538092 -12.190498 -12.78958  -12.71534  -12.72491
 -12.677118 -12.60572  -12.33515  -12.261026 -12.782968 -12.684136
 -12.59296  -12.49378  -12.742136 -12.954126 -12.934348 -12.965958
 -12.986142 -13.0152   -12.358988 -12.719284 -12.663198 -12.6121
 -12.548938 -12.74898  -12.26758  -12.787782 -13.063514 -13.004818
 -12.517444 -12.469072 -13.26721  -12.883598 -12.664764 -13.186358
 -12.527014 -12.424296 -12.858078 -12.905522 -12.843346 -12.800484
 -12.849668 -12.885222 -12.836734 -13.061774 -12.985794 -12.774906
 -12.623004 -13.002208 -12.465882 -12.95111  -12.882844 -12.155118
 -12.23655  -12.321172 -12.9166   -12.841316 -12.85512  -12.872288
 -12.773862 -12.698056 -12.634952 -12.704726 -12.64864  -11.858216
 -13.024712 -12.442508 -12.901172 -13.004296 -12.246294 -12.238638
 -12.55381  -12.53815  -12.43897  -12.76928  -12.573878 -12.546618
 -12.770208 -12.832906 -12.694402 -12.521446 -11.64959  -12.968684
 -12.371922 -12.642144 -12.554216 -12.878552 -12.948442 -12.894328
 -12.588204 -12.628108 -12.02427  -11.887564 -11.9451   -13.040836
 -12.785404 -12.904188 -13.184676 -12.543138 -12.24119  -12.608562
 -12.28556  -12.757738 -12.104716 -13.062528 -12.972744 -13.0239
 -12.781808 -12.764292 -12.591858 -12.218106 -12.80379  -12.961318
 -12.253602 -12.777574 -12.73361  -11.954786 -12.458168 -12.164166
 -11.674994 -11.70875  -12.394542 -12.296406 -12.38793  -12.7368
 -12.753272 -12.778734 -13.032658 -12.792828]"
243,"[ -7.324066  -7.902326  -7.38601   -8.682194  -8.192674  -8.95317
  -8.169358  -8.727144  -8.326712  -8.072498  -8.323754  -8.415336
  -8.98159   -8.758986  -9.254712  -9.207094  -8.98449   -8.918196
  -9.285568  -9.15501   -8.934958  -9.139582  -8.51788   -8.84877
  -9.182734  -8.852076  -7.69022   -6.846552  -7.988688  -8.53847
  -7.758892  -8.974746  -8.98333   -7.638368  -8.177246  -9.171366
  -9.417924 -10.449454  -9.420592  -8.285822  -9.210342  -9.334984
  -8.702958  -9.404874 -10.53164   -9.427494 -10.425152  -8.606678
 -10.174592 -10.67171  -10.34053  -10.385828  -9.738316  -8.180784
  -9.505272 -10.586914  -8.591192  -8.025228  -8.294928  -6.550926
  -5.936764  -7.527936  -8.585276  -8.061246  -7.405208  -7.992226
  -9.888594  -8.693562 -10.108298 -11.522628 -11.48951  -11.00724
 -10.530364 -10.466216 -10.991348 -10.48118   -9.810004  -9.141322
  -8.878466  -8.178058  -7.348194  -6.8411    -7.929064 -10.747748
  -9.925366  -9.72689   -9.498892 -10.858006 -11.2694   -10.443828
  -9.581716  -9.746204 -11.282276 -10.192282 -10.664692  -9.861682
  -9.592968  -9.68049   -9.641282  -9.680606 -10.145708 -10.137298
 -10.249296 -10.57862   -9.683448  -8.90677   -8.405882  -8.697042
  -7.797694  -7.44285   -6.562062  -8.458082  -9.529806  -9.834306
 -10.086722  -9.63554   -9.87363   -9.392288 -10.003956  -9.713492
  -9.796432 -10.635924 -10.93068  -10.571254  -8.744196  -9.110176
 -10.259214  -9.776364  -9.559328  -9.479636 -10.54846   -8.897374
 -10.187004  -8.619438 -10.149246 -10.354856 -10.053894  -9.221072
 -10.736728  -8.97898  -10.651816  -9.464092 -10.032608  -9.631016
  -9.310566  -9.417576  -9.167364  -9.613384 -10.42376  -10.520272
 -10.118622 -10.36808   -8.924344  -9.00624   -9.68426   -9.490772
 -10.06909   -9.910344  -9.941142 -10.330438 -10.317736  -9.147876
 -10.427124  -9.928324 -10.131498  -9.583572 -10.36576   -9.594708
 -10.209624  -9.338986  -9.277042  -9.922292  -8.891574  -9.252914
 -10.322202  -9.652244  -9.088542 -10.50235   -9.50098  -10.396964
  -8.828702 -10.750706 -10.1007    -9.32872  -10.181378  -9.753744
  -9.964748 -10.18132  -10.695954  -9.602886  -9.697716 -10.358626
  -9.739708  -9.753454  -8.917094  -8.39898   -9.964516 -10.112068
 -10.012656  -9.958136 -10.82048   -8.071164  -7.523064  -8.654586
 -10.995408  -9.673008 -11.207108  -8.774878  -9.0335    -9.372394
  -9.836568 -10.20771  -11.01188  -10.710048 -11.300952 -10.33618
 -10.470856 -10.812592 -10.264086 -10.88573  -10.53338  -10.477584
  -7.914738  -8.354668  -5.44649 ]"
244,"[ -9.218462  -8.905088  -8.688922  -9.546452  -7.531358  -8.33924
  -7.05541   -7.576424  -7.71429   -7.32685   -7.542668  -7.988166
  -7.398306  -6.751722  -5.789212  -6.381044  -9.076072  -7.65542
  -7.726238  -7.67282   -8.197778  -8.01879   -8.61938   -6.571574
  -7.892872  -6.908554  -7.779366  -8.2882    -8.743094  -8.189136
  -7.246462  -7.954004  -8.402692  -7.623752  -7.600436  -8.371662
  -9.076536  -8.208566  -8.749938  -9.189404  -8.941512  -9.241372
  -9.23447   -8.389932  -8.892154  -9.236558  -9.034138  -7.908068
  -9.351746 -10.09664  -10.470682 -10.707148 -10.253008 -10.42869
  -9.22374  -10.46059  -11.009734 -10.394644 -10.370574 -10.559538
  -9.694758  -9.77619   -9.455102 -11.173526 -11.960238 -10.436984
 -10.270814  -9.423434  -7.363622  -6.685544  -9.767026  -8.654354
  -9.3293    -8.870346  -8.469972  -8.857296  -9.394898 -11.01043
 -10.094204  -9.937488  -9.902746  -8.836358  -8.765424 -10.33937
 -10.832022 -10.608142 -10.826686 -11.026496 -10.452992 -11.01304
 -11.069764 -10.45015  -10.895822 -10.02008   -8.931072  -8.134616
  -9.020798  -9.184416  -9.064008  -8.626804  -8.900622  -9.631712
  -8.21686   -9.11789   -8.001506  -8.287678  -6.53167   -7.748394
  -7.671544  -8.696868  -9.180356  -9.315032  -9.60219   -9.63322
  -9.641572  -8.650236  -9.571218 -10.081386  -8.789784  -8.633416
  -9.800086  -9.81447   -9.127692  -9.797592 -10.9678    -7.856332
  -9.980582  -9.401626 -10.6401   -10.448294 -10.002158  -9.547322
  -9.711694  -9.344206  -8.652556  -9.343974 -10.305556 -10.356364
 -10.184974 -10.273888  -9.84695   -8.408956  -9.723874  -7.8706
  -8.267784  -9.131114 -10.570094 -10.6053    -9.731124  -9.85449
  -9.485726 -10.3733   -10.01776   -9.795446  -9.284698  -8.62953
 -10.22366   -9.103158  -9.218404  -8.44712   -8.791466 -10.21873
  -8.83311   -8.780156 -10.978298 -10.093102 -10.997264  -9.794344
 -10.260548  -9.80693   -9.76575   -8.65302   -9.2278   -10.268204
  -7.879648  -7.180168  -6.69726   -7.48258  -10.783186  -8.158976
  -9.05583   -9.71355   -9.717958 -10.27035   -8.32851   -9.87508
 -10.792756  -9.369552  -9.55173   -9.457538  -9.858956 -10.382464
 -10.043106  -9.365782 -10.688472  -9.364274  -8.10289   -7.249188
  -7.35382   -7.714058  -6.575808  -6.657936  -5.792228  -8.456574
  -8.782244  -9.086396  -9.318976  -8.358554  -8.286054  -8.863328
  -8.859906  -8.864198  -8.57008   -7.117412  -7.47504   -7.844442
  -7.358402  -7.376208  -7.6067    -8.712702  -9.881402 -10.86891
  -8.547692  -9.9354    -7.55624   -9.617618  -7.176282  -8.256822
  -9.056932  -9.481086  -9.141032  -9.223682 -10.42927  -10.205042
 -11.557312 -11.43006  -11.642224 -11.667744 -11.81953  -10.994364
 -11.331286 -10.982068 -10.782722 -11.1331   -11.192956 -11.458074
 -11.41672  -10.615856  -9.775494  -9.524354  -8.92649   -9.918812
  -9.954482  -9.254016  -8.432446  -7.936082  -8.774472  -8.640376
  -8.843144  -6.222008  -5.275738  -5.925164  -8.954272  -8.124466
  -9.00885   -9.28435   -9.362476  -9.095154  -9.489844  -9.135348
  -9.126822  -9.416242  -9.140452  -8.831254  -9.347396  -9.180124
  -8.369516  -9.480796  -9.472908  -9.290614  -9.197872  -9.388866
  -9.758558  -9.14022   -9.532764  -9.107044  -9.075028  -9.316888
  -9.305694  -9.223334  -9.172932  -9.102172  -9.103274  -9.358706
  -8.907698  -9.337594  -9.08019   -9.02857   -9.131056  -9.339972
  -9.310972  -9.27072  -10.141474  -9.102636  -9.300358  -9.015462
  -9.114932  -9.05902   -9.04945   -8.553202  -9.908024  -7.342974
  -6.714718  -5.05354   -6.69146   -6.278384  -6.678816  -5.519744
  -6.902058]"
245,"[ -9.680664 -10.802094 -10.538484 -10.477874 -11.136464 -10.96519
 -10.486516 -10.296508  -9.951292 -10.001172 -10.525144 -11.038038
 -11.079334 -11.888028 -10.507164  -9.072128 -10.36431   -9.634554
 -10.96403   -9.694004  -8.580578  -8.554536 -10.742702 -10.880452
 -10.645146  -9.481492 -11.31174   -9.724802  -9.832914 -10.207304
 -11.431046 -11.143134  -9.928672 -10.629776 -10.816072  -9.400582
  -9.281798  -7.356256  -7.32772   -7.905806  -5.8087    -5.816646
  -6.02475   -6.005204  -6.647206  -7.195248  -7.510768  -7.700312
  -8.55848   -9.081988  -9.715464 -11.386792 -10.504264 -10.384668
  -9.651838  -7.889102  -8.895286  -8.122146  -6.678932  -7.997214
  -6.86517 ]"
246,"[-10.07344   -9.357198  -9.909648 -10.20539   -9.686116  -9.96991
  -9.215446  -9.901702 -10.240422  -9.744812 -10.234274  -9.422216
 -10.079762 -10.500958  -9.574756  -9.753802  -9.331214  -8.776502
 -10.104238 -10.309558  -9.628638  -9.859362  -9.574408  -9.750148
  -9.653056  -9.810468 -10.572066 -10.064218  -8.478498  -9.864118
  -9.268168  -9.84376   -8.630052 -10.145244  -9.443792  -9.632582
 -10.233636  -9.78982   -8.649714  -9.943578  -9.36555  -10.010278
  -8.885484  -9.720742  -9.70137  -10.607446 -10.167574  -9.95831
 -10.054996  -9.525514 -10.086664  -9.547438 -10.167632 -10.159106
  -9.92554   -9.8049   -11.083858  -8.636838  -7.474866  -7.558618
  -6.263536  -5.733996 -10.300916  -9.927512 -10.10911  -10.08446
 -10.55861  -10.81497   -9.959586 -10.306542 -10.40375  -10.425036
 -10.0427   -11.034964 -10.385074 -10.43739  -10.613478  -9.8281
  -9.852924  -9.436078 -10.455892 -10.118216 -10.843912 -11.343814
  -8.638172 -10.355494 -10.114852  -7.997968  -8.57936   -9.34728
  -7.919494  -9.298386  -9.021146  -8.935596  -8.907408  -9.904718
  -9.187896  -9.16922   -6.506904]"
247,"[ -7.885738  -9.501966  -9.049914 -10.732378  -9.245896  -8.921328
  -9.169568 -10.832312  -9.87711  -10.129642 -10.424282 -10.063638
 -10.40375   -9.131462  -9.359982  -8.313256  -6.037626  -7.35411
  -8.062406  -8.53325   -8.88096   -8.81513   -9.776422  -9.546568
  -9.155416  -8.901608  -8.7232    -9.260744  -8.426936  -9.503474
  -8.15712   -8.86675   -9.474242 -10.38403   -9.676082  -9.940214
  -9.629972  -9.311146  -9.693076  -9.111162  -8.316446  -7.809294
  -7.172686]"
248,"[ -9.376222  -9.872238 -11.436614 -10.483384  -9.970316 -10.761958
 -10.72188  -10.310776  -9.17908  -10.179058 -10.534308 -10.199068
  -9.191434 -10.264956  -8.631444  -6.181176  -5.361984  -5.490454
  -6.579056  -9.465716  -8.081198  -7.256206  -5.843094  -7.078204
  -9.634496  -9.183372  -9.503532  -8.030738  -9.743072  -7.67253
  -6.39247   -6.54646   -8.225792  -6.455226  -7.243156  -8.457734
  -7.803552  -7.798448  -7.494354  -8.109444  -8.507382  -8.43726
  -6.875204]"
249,"[ -8.83688  -10.420976 -10.210204  -9.980756  -9.695454  -9.92467
 -10.260084  -9.808438 -10.191412  -9.442748  -9.498428 -10.096756
  -9.600856  -9.455566  -9.757224  -9.608454  -9.788196  -9.54738
  -9.981394  -9.914984  -9.709896  -9.292412  -9.730544  -9.912838
  -9.457074  -9.512     -9.52331  -10.166704  -9.48706   -9.719002
  -9.890102  -9.84753   -9.689712  -9.031064  -9.637454 -10.260664
 -10.148608  -7.818226  -7.990602  -9.781816  -9.265674  -8.17365
  -8.204506 -10.163166  -8.714442  -9.33481   -8.31865  -10.08736
 -10.132716  -9.97774   -9.124038  -9.26115  -10.09664   -9.416242
  -9.95628  -10.077442  -9.826186 -10.566498  -9.766794  -9.330808
 -10.142402  -9.54245   -9.763836 -10.00326   -8.199634  -8.400778
  -9.406788 -10.193616  -8.832066  -9.476446  -8.929738  -9.674284
  -9.721148  -8.942382 -10.289084  -9.862204  -9.880764  -9.441124
 -10.08098  -10.080806  -9.91539   -9.247172  -9.618546  -8.727086
  -9.189636  -9.618894  -9.373612 -10.149014 -10.106964 -10.119956
  -9.896076  -9.534388  -9.252102  -9.923742 -10.148956  -9.780656
  -9.575394  -9.902978  -9.557762  -9.786108 -10.114214  -9.73646
  -9.149674  -8.225676  -9.672486  -9.145672  -9.166726  -8.978226
  -8.494216  -7.724498  -8.984548  -7.73198   -8.950328 -10.512558
  -8.310994  -8.4129  ]"
250,"[-10.034928  -9.440312  -9.428596  -9.298386  -9.477084  -9.471632
  -9.432424  -9.400408  -9.577076  -9.52331   -9.357604  -8.793148
  -9.157156  -9.35366   -9.43631   -9.318164  -9.559676  -9.241662
  -9.146484  -9.256046  -9.138886  -9.396812  -9.260686  -9.352848
  -9.634264  -9.442052  -9.57754   -9.215272  -9.094226  -9.520062
  -8.831486  -9.36062   -9.218868  -8.908916  -9.452144  -9.6396
  -9.590648  -9.288758  -9.257786  -9.583514  -9.318106  -9.538332
  -9.216374  -8.569906  -9.057048  -9.434976  -9.794402  -9.455624
  -9.4511    -9.362998  -9.483058  -9.719408  -9.080016  -9.280058
  -9.750438  -9.555558  -9.255814  -9.501328  -9.195262  -9.33249
  -9.011054  -9.251116  -9.460322  -9.488858  -9.000556  -9.71326
  -9.237254  -9.444372  -9.40905   -9.158432  -9.366652  -9.494542
  -9.315148  -9.549642  -9.550106  -9.238298  -9.615066  -9.583166
  -9.289048  -9.535664  -9.212256  -9.445474  -9.423608  -9.336724
  -9.368276  -9.165102  -8.986172  -9.451506  -9.43573   -9.415662
  -9.203846  -9.098634  -9.879952  -9.71239   -9.607294  -9.560836
  -9.42123   -9.581832  -9.462352  -9.484334  -9.114584  -9.04771
  -9.508172  -9.405512  -9.636352  -8.991218  -9.388924  -9.537114
  -9.202628  -8.814782  -9.531836  -9.41021   -8.652904  -9.402032
  -9.374018  -8.83079   -9.305984  -9.43399   -9.657348  -9.682056
  -9.211502  -9.395362  -9.187838  -9.251116  -9.186562  -9.600798
  -9.464208  -9.190042  -9.089122  -9.288816  -9.493846  -8.92417
  -9.125082  -9.425116  -9.802464  -9.105884  -9.24752   -9.25738
  -9.595636  -9.614486  -9.74197   -9.686232  -9.524122  -9.267704
  -9.63264   -9.129432  -9.477896  -9.288584  -9.337594  -9.028628
  -9.555906  -9.326458  -9.43544   -9.517568  -9.275186  -9.41688
  -8.907582  -9.804378  -9.280174  -9.09005   -9.457016  -9.614312
  -9.71007   -9.75299   -9.264398  -9.432482  -9.017144  -8.978864
  -9.530676  -9.56072   -9.719408  -9.243634  -9.380398  -9.203498
  -9.114468  -9.409282  -9.0828    -9.45777   -9.49199   -9.170728
  -9.166784  -9.072476  -9.302156  -9.396638  -9.415778  -9.122762
  -8.980314  -9.94845   -8.767918  -8.710672  -8.998178  -8.880902
  -8.897606  -9.012736  -9.16777   -9.612456  -9.391476  -9.388866
  -9.589604  -9.57261   -9.16574   -9.444894  -9.206282  -9.372974
  -9.197814  -9.33655   -9.457538  -9.494948  -9.582992  -9.47778
  -9.087324  -9.500052  -9.355806  -9.430916  -9.536766  -9.495586
  -9.557762  -9.145788  -9.464556  -9.680026  -9.373148  -9.421114
  -9.393796  -9.381094  -9.595114  -9.3554    -8.88386   -9.279884
  -9.490308  -9.60248   -9.426102  -9.532822  -9.617444  -9.701022
  -9.326458  -9.575742  -9.20518   -9.538854  -9.494658  -9.48271
  -9.304708  -9.143642  -9.096372  -9.536766  -9.650794  -9.569942
  -9.7237    -9.385502  -9.29798   -9.413168  -9.60393   -9.149848
  -9.439036  -9.574466  -9.384516  -9.113192  -9.463338  -9.492686
  -9.127692  -9.370248  -9.268806  -9.051364  -9.433294  -9.529516
  -8.642464  -9.336434  -9.321702  -9.109306  -9.746726  -9.651026
  -8.812636  -9.078334  -9.211444  -9.008096  -9.533112  -9.89596
  -9.498312  -8.70783   -9.134942  -9.510782  -9.459104  -9.509332
  -9.7034    -9.605206  -8.989826  -9.557356  -9.294616  -9.12079
  -8.967902  -9.115164  -9.373496  -8.847088  -8.828992  -9.50562
  -9.14776   -9.104956  -9.370422  -9.617792  -9.585022  -9.440022
  -9.11586   -9.6048    -9.85536   -9.146716  -9.2684    -9.69412
  -9.115164  -9.565766  -9.624056  -9.558632  -9.346468  -9.302968
  -9.041156  -9.248158  -9.548308  -9.34467   -9.18952   -9.197292
  -9.460148  -9.37454   -9.486886  -9.490134  -9.580556  -9.51635
  -9.179602  -9.442806  -9.503242  -9.728746  -9.762618  -9.609846
  -9.238066  -8.935132  -9.458234  -9.33597   -9.167886  -9.528762
  -9.375932  -9.284698  -9.18662   -8.562076  -8.928404  -8.942266
  -9.329184  -9.237776  -9.313524  -9.406498  -9.466876  -9.607874
  -9.38904   -9.177398  -9.238878  -9.489264  -9.483812  -9.346062
  -8.917326  -9.62017   -9.242068  -9.163594  -9.07178   -9.56188
  -9.93685   -9.15211   -8.692344  -9.496804  -9.513276  -9.615878
  -9.61176   -9.233078  -9.430684  -9.658972  -9.594302  -9.697774
  -9.4772    -9.421404  -9.459394  -9.315322  -9.718712  -9.585776
  -9.328952  -9.477258  -8.773196  -9.495412  -9.407136  -9.714652
  -9.060934  -9.231802  -9.307956  -9.363056  -9.715406  -9.740288
  -9.415024  -9.466644  -9.350528  -9.274954  -9.588154  -9.007458
  -9.492512  -9.344554  -9.448896  -9.360852]"
251,"[-9.916202 -8.379434 -8.36737  -8.628486 -7.225176 -8.847958 -8.538876
 -8.071164 -8.910424 -7.8967   -7.454798]"
252,"[ -9.900368  -9.822764 -10.295638  -9.324544  -9.934646 -10.243148
  -9.497442 -10.184104  -8.798252  -9.59668   -9.759428  -8.94998
 -10.502698 -10.488024  -9.511594 -10.142576 -10.053024  -8.557262
 -10.46987   -9.914462 -10.053546  -9.561996  -9.9209   -10.148782
  -9.944912  -9.78228   -9.88378  -10.009698  -8.985418  -8.113736
  -8.041932  -6.975602  -8.450542  -6.6323    -8.395094  -8.162688
  -8.264594  -9.913708  -8.02865   -6.220268  -7.206326  -8.052546
  -8.568978  -9.017318  -8.640956 -10.106964  -8.873826  -8.995858
  -9.222232 -10.096872  -9.793996  -8.206884  -9.0944    -8.415568
  -9.325356  -6.584392]"
253,"[ -9.656246  -9.617676  -9.524818 -10.282124  -9.130534  -9.729616
 -10.238914 -10.017992  -9.50823   -9.847994 -10.13579   -9.93018
  -9.758326  -9.728804  -9.899034  -8.834328  -9.50156   -7.861494
  -8.681266  -9.018478  -9.051364  -8.417598  -8.67767   -8.795584
  -6.803864  -6.48121   -5.988732  -5.952946  -7.050596  -9.298444
  -8.666244  -6.039482  -7.171584  -5.985426  -6.931232  -8.753302
  -8.480702  -8.696868  -9.514668  -9.954772  -9.584674 -10.0717
  -9.611064  -9.59668   -9.873282  -9.07062   -9.371698  -8.99928
  -8.112982  -7.836438  -9.452202  -8.868838  -9.095444  -8.250268
  -8.881308  -7.600436  -8.56341   -9.471748  -9.445822  -9.135348
  -9.27275   -9.155706  -9.313408  -9.328604  -9.3119   -10.509252
  -9.751714  -8.64954   -9.62887   -8.794076  -9.522846  -8.801616
  -8.535802 -10.337514  -8.839838  -9.56188   -8.88734   -9.407136
  -9.761632  -8.062986  -9.516814  -9.78982   -9.273968  -8.95752
  -9.776248  -9.784136  -9.642094 -10.108356  -9.600972  -9.626086
  -9.62249   -9.978668  -9.586646  -9.689712 -10.055344  -9.820154
  -9.779438  -9.980582  -9.470182  -9.644994  -9.041968  -9.621504
  -9.399828  -9.308362  -9.392926  -9.106348  -9.218636  -8.92156
  -9.387242  -9.27478   -9.18836   -9.2974    -9.346236  -9.078914
  -9.093704  -8.77308   -7.809352  -9.198742  -8.672392  -8.960304
  -8.936756  -8.996612  -9.270662  -8.2331    -8.188846  -8.66317
  -8.786478  -7.554558  -7.706112  -8.54224   -8.95433   -7.656464
  -9.195204  -9.22809   -9.466702  -9.392346  -9.404642  -9.336956
  -9.334868  -9.627942 -10.481702  -9.196828  -9.79649  -10.32603
  -9.16342   -9.359576  -9.602132  -9.854084  -9.474126  -9.441124
 -10.257822  -9.51084   -9.308884  -9.709664 -10.236536  -9.744464
  -9.731008  -8.733118  -9.81012   -9.751076 -10.09229   -9.854548
  -9.630552  -9.255582  -9.142482  -9.725962  -9.490366  -9.230526
  -7.513842 -10.150406  -9.564142  -8.417308  -5.820822]"
254,"[ -9.381036 -10.18538   -8.68927   -9.598652 -10.018688  -9.850082
  -9.853562  -9.267414  -9.70978  -10.59167   -9.272518  -8.285532
  -6.725854  -8.711658  -6.80746   -6.381624  -7.664816  -5.448114]"
255,"[ -9.400988  -9.800318  -9.658566  -9.966082  -9.965038  -9.777698
  -8.314822  -8.295044  -8.941048  -9.787442 -10.302772  -9.749278
  -9.503532  -9.594128  -8.42508   -9.488916  -9.80693   -8.466144
  -9.221826  -9.680432  -9.342002  -9.929948  -9.488278  -9.648938
  -9.06772   -9.586008  -9.718016  -9.734604 -10.02907   -9.89422
  -9.68484   -9.063138  -9.782512  -9.399306  -9.274084  -9.648532
  -9.790458  -9.82984   -9.118644  -9.33974   -9.07642   -9.37454
  -8.556334  -9.45545   -8.749996  -7.671428  -9.554224  -9.66454
  -9.73559   -8.859442 -10.245468 -10.108414  -9.9354   -10.141996
  -9.853852  -9.831232  -9.775378  -8.932464  -9.491352  -9.823344
  -8.818262  -8.469682  -8.542936  -9.716508 -10.0717    -7.831682]"
256,"[ -9.370132  -8.888036  -9.315322  -9.284176  -9.302794 -10.223834
  -9.420186  -9.490482  -9.333128  -9.265268  -9.38092   -9.621446
  -9.44791   -8.802428  -9.531372  -8.787174  -9.410558  -9.000962
  -9.110524  -8.214192  -8.701798  -9.72515   -8.736888  -9.264862
  -9.208776  -9.161506  -9.47604   -8.233738  -7.370524  -9.017144
  -9.843992  -9.41166   -9.415952  -9.29624   -9.521802  -9.078798
  -9.401916  -9.443792  -9.577134  -9.69702   -8.791118  -9.260802
  -9.653694  -9.112148  -9.380166  -8.799354  -9.34844   -8.842216
  -9.559618  -9.477084  -9.177282  -8.946268  -9.83825   -9.345888
  -9.80258   -8.29661   -8.166632  -7.860856  -8.33866   -9.846718
  -6.511254  -6.294044  -5.665266  -7.409094  -7.823504  -7.921466
  -7.81376   -9.081872  -9.953554  -9.381152  -8.907408  -7.96862
  -7.729544  -7.303186  -6.959362  -8.681324 -10.340762 -10.677104
 -10.12013  -10.25121  -10.10302   -9.58653   -9.687392 -10.582738
  -9.36004   -9.092138  -9.742956  -9.615008 -10.017354  -8.102948
  -6.695346  -6.491476  -6.80137   -8.063566  -8.423282 -10.027678
  -9.958078 -10.609592 -11.422462 -11.327806 -10.21699   -9.058092
  -9.502604  -9.067488  -9.18517   -9.000904  -8.992668  -8.468928
  -8.602038 -10.848726  -8.711252  -8.939192  -9.071664  -9.0567
  -7.229932  -8.742398  -7.6937    -9.921306  -7.189448  -6.21615
  -8.27747  -10.829122 -10.865952 -11.72992  -10.526014 -10.98694
 -11.291962  -9.732516 -10.796642 -11.319976 -10.768918  -9.54709
  -9.906284  -9.431786  -9.49692   -9.800898  -9.680142  -9.110988
  -9.669064  -9.421288  -8.816754  -9.791908  -8.69594   -9.264688
  -7.713594  -9.429292  -7.277028  -8.176782 -10.116534 -10.323072
  -8.77308  -10.904    -10.589814  -9.908546 -10.601472 -10.515864
 -10.814332 -11.152878 -10.456878 -10.609186 -10.689052 -10.844086
 -10.486342 -10.221108 -10.766772 -10.841824  -9.6425   -10.102904
 -10.062188 -10.21612   -9.852576 -11.026264 -10.964204 -10.985026
 -10.082836 -11.037458  -9.902166  -8.529364  -7.098852  -5.50536 ]"
257,"[-8.547634 -8.424326 -8.90126  -8.904624 -8.178638 -8.600588 -9.722598
 -8.849814 -9.20257  -8.960652 -7.761502 -8.744312 -9.388228 -9.421752
 -9.210806 -9.078856 -9.06627  -9.294848 -8.65534  -8.924112 -8.479078
 -9.167132 -6.618496]"
258,"[ -7.555486  -8.40362  -10.7416    -9.811454 -10.46465  -10.272206
 -10.357176 -10.942976  -9.264572  -8.992552  -6.388758  -6.85908
  -6.937496]"
259,"[-11.355588 -11.743144 -11.675748 -11.745928 -11.273518  -9.548946
 -10.862588 -10.781098 -11.804798  -9.846718  -9.446982 -10.518532
 -10.26919  -10.908292  -7.878082  -7.342104  -8.795758  -9.35105
  -8.54282   -9.613964 -10.462794 -10.393832  -9.0538    -9.413516
  -8.571588  -9.946014  -9.77793  -10.302308  -9.374598  -9.750786
  -9.03988  -10.581114  -9.894452  -8.14523   -6.816914  -8.243308
  -8.584464  -8.788102  -8.647916  -7.711274  -7.429336  -7.500502
  -7.185272  -8.476236  -8.223182  -9.06772   -9.124038  -8.108806
  -8.099352  -8.717574  -9.097068  -9.013722  -8.081836  -8.302932
  -8.982866  -8.747328  -7.807438  -8.268074  -8.26326   -8.163558
  -9.027526  -7.904182  -8.498914  -8.018036  -7.982598  -5.481
  -6.428778  -6.74946  -10.21467   -7.218042  -8.126844  -8.357568
  -8.638346  -8.19801   -8.320042  -8.296552  -8.965582  -8.59879
  -7.908996  -8.413538  -9.042432  -8.110488  -8.658704  -8.597282
  -8.37694   -8.384944  -8.4912    -8.058404  -8.490446  -8.501234
  -8.775342  -8.256474  -8.254502  -8.661546  -8.343184  -8.391266
  -8.746632  -8.740716  -8.811998  -8.429952  -8.629994  -8.331584
  -8.503728  -8.550592  -8.29661   -8.639564  -8.262216  -8.384248
  -8.63417   -8.479252  -8.914658  -8.396544  -8.277006  -9.100026
  -7.80506   -8.67187   -8.046688  -8.525594  -8.570776  -8.395674
  -8.251834  -8.574198  -8.470784  -8.467246  -8.734278  -8.269176
  -8.720184  -7.839512  -8.351942  -8.669086  -8.151146  -8.545894
  -8.408898  -8.587886  -8.401416  -8.347766  -8.230606  -8.443582
  -8.417076  -8.658356  -8.482442  -8.634808  -8.107472  -8.055504
  -8.53412   -8.918254  -8.381638  -8.364006  -8.773138  -8.606272
  -8.111648  -8.624484  -8.74843   -8.346548  -8.619148  -8.449788
  -8.01879   -8.289824  -8.566078  -8.520026  -7.983178  -9.04684
  -8.79425   -8.435056  -7.944608  -8.614624  -8.618916  -8.674422
  -8.39318   -8.377172  -8.531568  -8.288084  -8.384712  -7.885854
  -8.17017   -8.161586  -8.415684  -8.603836  -8.137632  -8.760552
  -8.59763   -8.077428  -8.263434  -8.28994   -8.691416  -8.354262
  -8.44625   -8.511384  -8.526464  -8.440798  -8.294696  -8.630284
  -8.616364  -8.39927   -8.314532  -8.428328  -8.149348  -8.32648
  -8.24093   -8.188324  -8.44451   -8.445264  -8.637534  -8.370212
  -7.970244  -8.448918  -8.216628  -8.326422  -8.742224  -8.820466
  -8.19946   -9.517046  -8.028128  -8.802834  -8.40797   -8.231824
  -8.227242  -8.603372  -7.768056  -8.390802  -9.077348  -8.55123
  -8.69507   -8.123016  -8.744892  -9.212836  -8.495956  -8.165066
  -8.71711   -8.61329   -8.531046  -8.989884  -8.236638  -8.376766
  -8.3375    -8.57907   -7.78012   -8.574256  -8.79135   -7.764112
  -7.540638  -8.45872   -8.63678   -8.198996  -8.251544  -8.08897
  -8.66375   -8.48685   -8.540442  -8.22643   -8.281066  -9.113308
  -9.144338  -9.170554  -8.3636    -8.042338  -8.103238  -8.998236
  -7.842702  -8.02575   -8.722504  -8.529886  -8.143896  -8.3578
  -8.274106  -9.117832  -8.530698  -8.468812  -8.822264  -8.506396
  -8.903116  -8.360178  -8.497812  -8.632778  -8.39492   -8.034914
  -9.010822  -8.235594  -8.14639   -8.689444  -8.370212  -8.316098
  -8.850104  -8.340052  -8.395616  -8.993364  -8.26761   -8.633706
  -7.764576 -10.971628  -9.029034  -8.810432  -8.621062  -9.248796
  -9.082974  -9.825606  -8.65737   -8.982518 -10.000186  -9.01088
 -10.255038 -10.742238  -9.205412  -9.914172  -8.782128  -9.737562
  -9.800028  -9.59987   -9.756702 -10.327828 -10.009872  -9.89944
  -9.285278  -9.51345   -9.333534  -9.53926   -9.238414  -9.207906
  -9.168292  -9.280116  -9.391128  -9.239864  -9.535954  -9.055946
  -9.10368   -8.592178  -8.893894  -9.081176  -9.333418  -9.189694
  -9.058498  -9.116672  -9.357778  -8.820988  -9.386372  -9.118064
  -8.585218  -9.35482   -9.193348  -8.993248  -8.992784  -8.813564
  -9.563852  -9.137784 -10.09954   -9.98702   -8.756376  -9.124444
  -9.4946    -9.00363   -9.484276  -9.080074 -10.071526  -9.465832
  -9.271648  -8.042686  -8.31459  -10.03719   -9.19648   -9.613732
  -8.94302   -8.275324  -9.632872  -9.292992  -9.57058   -9.200772
  -9.09556   -9.282262  -9.114236  -8.738628  -9.300996  -9.388924
  -9.463512  -9.151762  -9.375758  -9.64801  -10.292854  -8.831428
  -9.847588  -9.829086  -8.948878 -10.39505   -9.059426  -9.154778
  -9.831116  -9.15385   -9.407658  -9.286554  -9.25013   -9.271648
  -9.2191    -9.391012  -9.147354  -9.35047   -9.314336  -9.261904
  -9.199902  -8.909728  -8.738454  -9.36062 ]"
260,[ -9.789472 -10.641956  -9.560778  -9.577772  -5.823838  -5.203122]
261,"[ -8.390686  -7.004486  -6.796788  -7.027106  -5.93224   -8.237334
  -8.294232  -8.878698  -8.476758  -7.905864  -8.814376  -9.26666
 -10.310776  -9.972346 -10.586624  -8.519156  -7.71806   -7.7691
  -6.606838]"
262,"[-11.665598  -8.857238  -8.65476   -6.247528  -6.106356  -8.231534
  -8.55123   -7.900934  -8.147782  -7.81463   -7.025134 -10.047978
  -8.187744 -10.128888 -10.717182  -8.51324   -8.76786   -9.542914
  -8.80585   -9.161796  -7.87669  -10.226386  -9.50011   -9.978262
 -10.315242  -8.477164  -8.011714  -8.325784  -8.066292  -9.816094
  -9.651722  -9.491004  -9.619764 -10.198604 -10.3994   -10.246222
 -10.482108  -9.891146 -10.119028 -10.423412  -9.625216  -9.378948
  -8.762466  -8.936002  -9.24926  -10.017412  -8.572864  -8.948704
 -10.24106   -9.355458  -9.691104 -10.613478  -9.197466  -8.34649
  -8.640608  -8.852598  -7.27001   -8.578432  -8.481108  -9.124908
  -9.823054  -9.802     -9.971244  -9.484334  -9.649866  -9.672022
  -9.096488  -9.919276  -9.49286  -10.285604  -8.902942  -8.494448
 -10.32023   -9.874732 -10.242684  -9.16226   -9.27826   -9.021668
  -8.74785   -8.979676  -7.605308  -9.818414  -8.256068  -6.155656
  -5.099186]"
263,"[ -9.542566  -8.350144  -8.17017   -8.89662   -9.333186  -8.522868
  -9.785238  -8.657428  -9.271822 -10.998424 -10.536396  -9.92931
 -10.071236 -10.030172 -10.817522 -11.971664 -11.37757  -10.578504
 -10.486516 -11.39323  -11.342422 -11.100562 -10.050704  -9.35163
  -8.674712  -9.888362 -10.178884 -10.0108    -9.975072  -9.934994
  -9.896888 -10.035334  -9.729442  -9.903674  -9.374656  -7.458452
  -6.000912  -6.994684  -8.634924  -8.54427   -8.477164  -8.67564
  -8.269814  -9.597434  -9.909474  -8.761654  -8.571878  -9.606946
  -8.54978   -7.510536  -7.848444  -5.929456]"
264,"[ -6.514502  -9.100896  -6.820162  -9.995314 -10.954402  -9.321412
  -9.1263   -10.45073  -10.13231   -9.722482 -10.632154  -9.252392
  -9.580846 -10.10998  -10.38113   -9.731182 -10.507744  -9.40905
 -11.390852 -11.199278  -8.864894 -10.275106  -9.81476  -10.155394
  -8.929158  -9.87479   -6.986564  -7.011968  -6.932508  -8.825802
 -10.055576  -9.744522  -8.447062  -6.544952  -6.559452]"
265,"[ -7.119442  -7.25638   -7.960906  -8.637534  -7.25116   -8.068148
  -9.791038 -10.477584 -10.18045   -9.207152  -9.878676  -9.828042
  -9.178152  -8.74408   -8.733292  -7.850764  -7.72009   -7.94165
  -8.238726  -8.693562  -7.878024  -7.873036  -7.306202  -7.605076
  -7.172512  -9.020102 -10.716428 -10.23207   -9.524644 -10.007378
 -10.181146 -11.10729  -10.1268   -10.237522  -7.177036  -6.308718
  -7.005182  -9.00247   -9.391128 -10.40114  -10.626412 -10.324696
 -10.380782 -10.61139  -10.021066  -9.163246  -8.873884  -8.667636
  -7.738824  -7.295994  -9.998562 -10.07634  -10.246512  -7.731052
  -7.127214 -10.224124 -10.187874  -9.508462  -9.45168   -8.817508
  -8.926316 -10.868214  -9.67962  -10.28543  -10.246164  -9.74458
 -10.188048 -10.29848  -10.08127  -10.117056 -10.384552 -10.152088
 -10.41941   -9.7469    -9.639426  -9.972172 -10.29355   -9.986498
 -10.466796  -9.016274 -10.566556  -9.37802   -9.666164  -9.235572
  -9.160462  -7.821532  -7.71632   -7.873848  -7.710984  -6.45482
  -7.332882  -8.199924  -7.677286  -7.460598  -6.687342  -8.140532
  -9.962834  -9.078044  -9.442342  -9.126706  -8.244642  -9.781642
  -8.83427   -9.56971   -9.846138  -8.462316  -9.064878  -9.219564
  -9.98064   -9.25332   -7.201454  -5.990762  -8.788624  -8.505584
  -6.312894  -6.32548   -8.394804  -8.02923  -10.097684  -8.778938
  -8.70841   -7.567956  -5.598624]"
266,"[ -7.802624  -8.52513   -8.964016 -10.745428  -9.03959   -7.023858
  -6.099686  -7.93498   -7.038242  -9.67063   -7.358576  -8.453906
  -9.461946  -9.241662  -9.580846  -8.517474  -8.071918  -8.997134
  -9.165392  -8.558132  -8.942904  -7.234746  -5.990124  -7.715044
  -9.395014  -8.681208  -6.541588  -6.925954  -8.003478  -8.166922
 -10.55426   -5.716422]"
267,"[ -7.99675   -7.976856  -8.330018  -8.098192  -8.948994  -8.543864
  -7.905922  -9.353138 -10.208348  -7.905342  -9.120732 -10.008538
 -10.351608 -10.073324 -10.67055  -10.777386 -10.536396 -10.497594
 -11.017158  -9.885288 -10.214786  -9.869512  -9.25796   -8.461388
  -8.43146   -9.972694  -8.500306  -7.649156  -8.897258  -8.30705
 -10.021762  -9.239342  -8.40072   -8.829108  -8.34823   -8.39811
  -8.68985   -9.10571   -9.650562  -9.00392   -9.115802  -8.616712
  -8.796512  -9.49083  -10.161484  -9.083438  -9.579106  -9.633452
  -8.490852  -7.833364  -7.546902  -6.4003    -6.832632  -7.15865
  -8.994002  -9.474358  -8.475888  -9.457364  -9.731994  -9.21678
  -8.996902  -8.205492  -7.484552  -7.786848  -8.210306  -8.663982
  -8.504424  -8.191978  -7.219318  -6.837156  -7.00698   -6.82341
  -6.082402  -8.952068  -7.940606  -9.97136   -9.271764  -8.374156
  -9.053162 -11.481332  -9.552832 -10.666838 -10.721184 -10.90284
 -11.07307  -10.626296 -10.228706 -10.653672  -8.834792  -8.645654
  -9.842484  -8.092508  -7.498298  -8.913382  -9.50939   -9.24636
  -7.493136  -8.811476  -8.448512  -7.512682  -7.544002  -8.94012
  -7.45416   -7.69776   -7.821474  -7.706924  -7.90076   -7.487684
  -7.727456  -8.548156  -7.856738  -8.036712  -8.076268  -8.207116
  -8.70522   -7.89612   -7.768694  -8.522346  -8.679062  -7.273142
  -8.69913   -8.639332  -8.158106  -7.979176  -7.41153   -7.080814
  -6.060304  -5.050466]"
268,"[ -9.127286  -9.50649   -9.45748   -9.50823   -9.985512  -9.624114
  -9.380862  -9.7788    -9.57638   -9.514146  -9.847878  -9.73617
  -9.226292  -9.527312  -9.816674 -10.036726  -9.242648  -9.355806
  -9.739882  -9.519076  -9.849792  -9.72051   -9.129374  -9.751946
  -9.511942  -9.754324  -9.954134  -9.695454  -9.878676  -9.421926
 -10.108356  -9.490656  -9.22896   -9.344438  -9.628348  -9.56043
  -9.911736  -9.899382  -9.58624   -8.95607   -9.246244  -9.48648
  -9.42993   -9.76575   -9.86435   -9.722366  -9.421462  -9.667904
  -9.437818  -9.639136  -8.99522   -9.16487   -8.828702  -8.644784
  -9.68165   -9.696672  -9.700616  -9.462468  -9.705836  -9.878792
  -9.234412  -9.335564  -9.520758  -9.448374  -9.090398  -9.779148
  -9.77097   -9.70891   -9.682288  -9.81215  -10.046586  -9.387706
  -9.339334  -9.744116  -9.645458  -8.692054  -9.724396  -9.937836
  -9.638672  -9.82549   -9.690988  -9.656826  -9.628928  -9.279942
  -9.903094  -9.250304  -9.644646  -9.787442  -9.89886   -9.61321
  -9.727006 -10.10273   -9.693656  -9.432018  -9.391186  -9.549816
  -9.369958  -9.486886  -9.416358  -9.774682  -9.318164  -9.149094
  -9.78866   -9.70862   -9.571972  -9.725556  -9.674806  -9.745798
  -9.783034  -9.492454  -9.381442  -9.272576  -9.61988  -10.12535
  -9.351978  -8.8363   -10.020196  -9.301866  -9.910692  -9.467978
  -9.730602  -9.402032  -9.395014  -9.98905   -9.70369   -9.658044
  -9.990906  -9.985628  -8.332048  -9.83216   -9.509564  -9.416126
  -9.447678  -9.75821   -9.459336  -9.692844  -9.3815    -9.231106
  -8.558248  -9.472908  -9.458176  -8.993944  -9.404294  -9.438572
  -9.6106    -9.150776  -9.612572  -9.372394  -9.52534  -10.062072
  -9.552948  -9.29856   -9.395478  -9.910518  -9.634322  -9.68716
  -9.727934  -9.95425   -9.47662   -9.947638  -9.164232  -9.734894
  -9.56884   -9.28435   -9.058846  -9.512812  -8.758116  -8.907524
  -9.576032  -9.741506  -9.595056  -9.61495   -9.115628  -9.638672
  -9.706996  -9.468732  -9.536476  -9.621504  -9.871484  -8.487198
  -9.25477   -9.421868  -8.994814  -9.38179   -9.469428  -9.85072
  -9.656652  -9.755426  -9.122066  -9.755542  -9.418794  -9.12108
  -9.278086  -9.651606  -9.376802  -9.706532  -9.580846 -10.001346
  -9.559734  -9.585776 -10.114214 -10.021356  -9.284176  -9.391882
  -9.320252  -9.709664  -9.427726  -9.804204  -9.684202  -9.44472
  -9.613674  -9.326748  -9.555268  -9.57319   -9.487872  -9.284408
  -9.894336  -9.397218  -9.4801    -9.765344  -9.648126  -9.786398
  -9.601842  -9.672486  -9.759254  -9.44965   -9.73907   -9.786572
  -9.709838  -9.501966  -9.759544  -9.38353   -9.14341   -9.445242
  -9.296472 -10.035276  -9.467166  -9.358242  -9.667614  -9.590068
  -9.663728  -9.646038  -9.731878  -9.830188  -9.211676  -9.026482
  -9.666512 -10.099656  -9.347628  -8.80034   -9.514842  -9.171308
  -9.396232  -9.861276 -10.074948  -9.331852  -9.313002  -9.714072
 -10.607562 -10.487444 -10.878132 -10.594686 -10.782606 -10.711614
  -8.84935   -9.46821   -9.44791   -9.888072  -9.63496   -9.664598
  -9.517162  -9.5033    -9.818646  -9.720742  -9.634438  -9.570464
  -9.574698  -9.479636  -9.307492  -9.40006   -9.264688  -9.567042
  -9.636062  -9.369088  -9.877864  -9.579802  -8.727608  -9.5758
  -9.54042   -9.39716   -9.92206   -9.154894  -9.578062  -9.488046
  -9.459452  -9.520294  -9.553412  -9.506664  -9.65555   -9.672138
  -9.24143   -9.547902  -9.62249   -9.823344  -9.128504  -9.234006
  -9.74748   -9.331272  -9.11731   -9.679214  -9.505794  -9.755194
  -9.607178  -9.449766  -9.429756  -9.959586  -9.216548  -9.640238
  -9.544596  -9.380514  -9.76082   -9.380456  -9.22113   -9.681766
  -9.396638  -9.076884  -9.482942  -9.256916  -9.646386  -9.252566
  -9.996996  -9.727702  -8.843608  -9.697426  -9.833378  -9.829318
  -9.806234  -9.499878  -9.309986  -9.54535   -9.464498  -9.825026
  -9.553296  -9.726832  -9.261498  -9.776538  -9.5845    -9.837438
  -9.538738  -9.603698  -9.868294  -9.310102  -9.679272  -9.60567
  -9.489496  -9.543668 -10.00964   -8.841926  -9.264862  -9.5468
  -9.444778  -9.55608   -9.329648  -9.276636  -9.89567   -9.497674
  -9.717552  -9.7469    -9.428016  -9.29479   -8.87922   -9.894626
  -9.652882  -9.332664  -9.333708  -9.437702  -9.624172  -9.8948
  -9.408992  -9.26608   -9.557066  -9.38324   -9.15124   -9.338232
  -9.490772  -9.17792   -9.85188   -9.76952   -9.838192  -9.485668
  -9.489496  -9.581426  -9.181864  -9.314626  -9.83332   -9.791386
  -9.578758  -9.544422  -9.53752   -9.677126]"
269,"[ -9.306448 -10.574618  -9.923626 -10.183466  -9.76952   -9.092196
  -9.707402  -9.69383   -9.897294 -10.299466  -9.30349  -10.621598
  -9.975768 -11.073824 -10.667476 -11.225958  -9.237254  -9.291832
 -10.169488  -9.222638  -8.96506   -9.115976  -9.361258  -9.927106
  -6.936916  -5.495558  -5.562548  -8.179682  -7.455088  -9.035994
  -9.771492  -9.165798  -8.708642  -8.453094  -9.79475   -9.3409
  -7.465238  -5.463426  -5.596072  -7.707562  -8.894706  -7.403642
 -10.28079   -7.689814 -10.289606  -7.618996  -8.811824  -8.55326
  -8.228402  -8.015426  -8.412784  -8.598906  -8.063972  -8.080328
  -8.678888  -8.455472  -7.864046  -8.146216  -7.983758  -7.797868
  -7.116658  -7.689118  -6.856528  -8.313604  -8.105442  -6.626906
  -5.954628  -7.82275   -6.660952  -8.21773   -8.459474  -8.350434
  -8.791292  -9.596274  -9.11441   -8.763568  -7.811904  -7.948784
  -9.086976  -8.978516  -9.334288  -8.960536  -5.526762  -7.96485
  -7.001064  -8.781664]"
270,"[ -9.948682 -10.295754 -10.557276  -9.826534 -10.006102 -10.97853
  -9.632988 -10.734466 -10.991348 -10.492722  -8.968192  -9.15356
  -8.756434 -10.06764   -9.72573   -9.856694  -9.180704  -9.703052
  -9.266718  -9.549294  -8.735728  -9.553528  -9.781352  -8.739962
  -9.034022  -9.722656  -8.875218  -8.8943    -9.865974  -9.49315
  -8.920052  -9.571508  -9.52708   -8.337906 -10.043222  -9.729964
  -9.77126   -9.669296  -8.932464  -9.586646  -9.080132  -9.591286
  -9.623302  -9.645574  -8.618974 -10.263738  -9.11209   -8.92185
  -9.084598  -8.02372   -9.055076 -10.431068  -8.745356  -7.672008
  -8.53006   -9.44153  -10.13753  -10.8547   -10.641376  -9.044578
  -7.86074   -8.546532  -9.105826  -9.190216  -9.789646 -10.350912
 -10.824598  -9.245316  -9.218636  -5.868034]"
271,[ -9.344786 -10.007784  -7.789284  -8.510688]
272,"[-6.4003   -9.220956 -9.536418 -8.66665  -6.663098 -5.626638 -5.247086
 -5.601988 -6.60156  -8.869302 -8.374446 -9.95222  -7.0615  ]"
273,"[-10.817    -10.188918 -10.356016  -9.710708 -10.762306 -10.220122
  -9.886216 -10.04241  -10.28253  -10.918384 -10.123436  -9.393622
  -9.166088  -9.550164  -8.759044  -9.289164  -9.57841  -10.12042
  -9.998736 -10.67896   -9.403888  -8.609926  -8.946964  -9.47778
  -8.598906  -9.319208 -10.585406  -9.858144 -10.040264 -10.599442
 -10.68273  -10.007958  -9.78808   -9.83651  -10.133644  -9.891494
  -9.67643  -10.349288  -9.52331  -10.556812  -9.915854 -10.493186
 -10.43565   -9.96266   -9.543726 -10.450962 -10.751866 -10.379042
 -10.953706  -9.613906 -10.345054 -10.062362 -10.579026 -10.309384
  -9.240096  -7.987122  -6.917718  -6.863082  -6.541182]"
274,[-5.647634]
275,"[ -8.988898 -10.797628  -9.244562  -9.56855  -10.023328  -9.15095
  -9.748756 -10.397718  -9.693482  -9.191898  -9.87972   -9.190506
  -9.899846  -9.25187   -9.42616   -9.265152  -9.95918   -8.861704
 -10.44957   -8.993074  -9.85884   -8.639564 -10.030462  -9.3177
  -9.625738 -10.63691  -11.831826 -10.87529   -8.969352  -9.374946
  -9.600102  -9.390838  -9.99601   -9.968518 -10.432866  -8.957868
  -9.964748  -9.89973   -7.54841   -8.229794  -8.65853   -7.612442
  -9.27971   -9.671964  -8.899288  -7.908532  -7.345236  -9.357488
 -11.177992 -10.92778  -10.216874  -9.306564  -8.739092 -10.545328
 -10.88341  -10.827266  -9.596622  -9.594882 -10.333744  -9.38556
 -10.118448  -8.460924  -7.36339   -7.221406  -7.01278   -9.25738
  -9.894394 -10.548692 -10.689284 -10.233172 -10.051458  -7.197858
  -7.375338  -5.34412 ]"
276,"[-10.487734 -11.540318  -9.928092  -9.075434 -12.25308  -11.4202
 -12.153784 -10.23961  -10.726752 -11.014142 -12.394078 -10.38374
  -9.948508 -11.329024  -8.768556  -6.94695   -8.201084  -8.150914
  -6.624296  -7.121588  -7.753324  -8.12841   -7.776814  -7.693816
  -9.136218  -9.404642  -8.437376  -7.179762  -7.732502  -8.179508
  -8.99812   -7.29437   -7.284684  -8.918776  -8.561032  -7.895076
  -8.135718  -8.778068  -7.251566  -7.220594  -7.529792  -8.262158
  -7.100186  -8.903232  -9.52592   -9.873688 -11.241734  -8.792394
  -8.338602  -9.49257   -9.585544  -7.251798  -8.838736 -11.021856
  -8.288374  -6.886978  -7.880112  -8.12522   -6.558466  -8.248876
  -9.05699  -10.75668  -10.637838 -10.134282  -9.780134 -10.313386
  -8.736656  -7.641906  -9.996068  -8.897316  -9.330808  -9.74806
  -9.504112  -9.952278 -10.703262 -10.329104 -10.96084   -9.943694
 -10.19176  -10.300684 -10.642246  -9.980408  -9.979596 -10.122334
 -10.906552 -10.883004 -10.77147  -10.258112 -10.18335  -10.397428
 -10.639404 -10.666432  -9.881808  -5.81392   -6.588684  -6.132282
  -5.07239   -5.29888   -6.747604  -9.002818  -8.993306 -11.986164
 -10.962348 -10.2399   -11.737924  -9.672196  -9.19938   -9.299024
  -9.205934  -8.991334  -9.930702 -12.322274 -11.09134  -11.997358
 -12.560828  -9.863538  -9.488626  -9.443502  -8.673842  -7.213634
  -5.258454  -6.107864  -9.8136   -10.198662 -11.23866  -10.568064
 -10.567658 -10.426834 -10.532104 -10.419294  -9.847298 -10.56557
  -9.81418  -10.878074 -10.487096 -10.596426 -10.808822 -10.907306
  -9.860464 -10.334382  -9.96498  -10.218962  -8.56254  -10.503568
  -9.828738  -9.744348  -8.439986  -7.76678   -7.38601   -6.17468 ]"
277,"[ -9.53897  -10.034406 -10.628036  -9.642732 -10.875348  -7.626768
  -9.712042  -6.720866  -6.747314  -7.598232  -7.986136  -7.100476
  -6.899216  -7.638426  -9.036806  -6.507368  -5.976088  -8.29719
 -10.46436   -8.343416  -8.005798  -7.614356  -7.233528  -9.263006
  -9.930586 -10.80366  -10.256198 -10.2921    -9.329474  -8.10985
  -9.389214  -9.227858  -8.66839   -8.739556  -9.979712  -8.240698
  -6.349956  -5.727732  -6.834604  -7.024032  -8.246034  -9.207616
  -8.077196  -7.69457   -7.612616  -7.55131   -8.508716  -7.992342
  -8.362092  -8.870578  -8.751098  -6.961566  -6.55719   -6.255358
  -9.20663  -10.06619  -10.53106  -10.838054 -10.352768  -9.2365
 -10.553042 -10.460996 -10.40433  -10.934044 -11.31     -11.136696
  -9.943636 -10.60153  -10.495738 -10.111256 -10.378694 -10.049138
 -11.095922 -10.538716  -9.985512 -10.41912  -10.06619   -9.417866
  -8.848886 -11.341958  -8.382914 -10.414248  -8.71073   -9.812092
 -10.553042  -9.675154 -10.464476 -10.75291  -10.809112  -9.45255
 -10.285314 -10.270872 -10.0862   -10.262752  -9.433758 -11.03595
 -10.491388 -10.066712  -9.74893  -10.007378  -9.330228  -9.42848
  -9.337652  -8.59763  -10.180044  -9.887608  -9.98006  -10.39766
  -9.785818 -10.178652  -9.427088 -11.022146  -8.583072  -7.004834
  -7.901572 -10.60269  -10.335136 -10.99303   -9.732632 -10.501016
 -10.026054 -10.465578 -10.282936 -11.456334  -8.94447   -7.149138
  -8.439522  -8.508484  -8.154162 -10.062362 -11.065878  -9.737156
  -9.872064  -9.243924  -9.649924 -10.191934 -10.530132 -10.445278
 -10.623454  -9.170206  -9.732168]"
278,"[ -8.33547   -8.364818  -8.564686  -9.414502  -8.997192  -7.101636
  -6.597268  -6.398966  -5.870064  -7.73546   -8.070874  -8.247484
  -8.490678  -8.636548  -8.872492  -8.897316 -10.154872 -10.508904
  -9.562112  -9.687334  -9.13587   -7.393898  -8.829282 -10.738584
  -9.510202  -7.95441   -8.609868  -9.634786  -7.005762  -6.220964
  -6.276006  -8.44973   -7.076058  -8.043788  -8.59328   -9.197756
  -9.929368  -8.597572 -10.40172   -8.134152  -9.088948  -9.862088
  -9.731994  -8.304672  -8.850684  -9.156692  -9.274142  -8.17365
  -7.71226   -7.947102  -8.093436  -8.722098  -9.399596  -8.8682
  -8.776444  -9.067488  -9.793938  -9.291136  -8.490678  -7.27059
  -8.189368  -8.135718  -7.462976  -8.619496  -8.465564  -8.285358
  -8.540268  -7.896236  -8.88299   -9.27594   -8.567818  -9.02886
  -9.045506  -8.996206  -8.956244  -9.049508  -9.271996  -9.046608
  -9.41166   -9.64192   -8.942498  -9.16806   -7.71864   -9.06511
  -9.096836  -9.281044  -9.197698  -9.19677   -9.84811   -9.841846
  -9.729442  -9.826186  -9.780714  -8.988492  -8.038104  -8.77743
  -9.752584  -9.322572  -9.291252  -8.95897   -7.995706  -7.007444
  -8.368124  -8.60952   -7.875066  -7.030122  -7.77809   -6.903392
  -6.85067   -6.25095   -8.753186  -8.10898   -7.505316  -9.538622
  -8.798774  -9.418562  -9.569652  -9.578758  -9.035356  -9.21997
  -6.140054  -5.96878   -6.793192  -8.86762   -9.246012  -7.833074
  -8.65128  -10.084344 -11.02377  -12.952386 -12.82873  -13.25155
  -9.378368  -9.645922  -9.92583  -10.08098  -12.685586 -11.678126
 -11.343176 -10.867344  -8.963668  -9.413052 -13.753598 -12.259576
 -12.988288 -12.751648 -12.717544 -11.053872  -9.693482 -11.125966
  -9.23563   -9.159418  -9.021726  -9.954772  -9.272344  -6.82573
  -8.21715   -5.759168  -6.37594   -9.556428  -8.719024  -9.753396
 -10.789624  -9.947812  -9.948334 -10.438376  -8.501118  -5.66544 ]"
279,"[-8.039148 -8.758406 -8.20816  -8.022154 -8.26326  -9.063834 -7.845544
 -8.48018  -9.111742 -9.58015  -9.216664 -9.821952 -7.969084 -8.48743
 -5.64514 ]"
280,"[ -8.864198  -8.276658  -8.342836  -8.898012  -8.974746  -8.767338
  -8.719894  -9.306448  -9.098692  -8.552622  -9.037212  -8.701276
  -9.064994  -7.944608  -9.433526  -9.941374  -8.672914  -7.163812
  -8.571124  -8.745356  -7.637962  -6.272294  -7.041258  -8.807358
 -13.568868 -11.367014 -11.749234 -11.400944 -12.08024  -12.450106
 -11.107348 -10.4226    -9.24317   -8.3375   -10.067118 -10.35474
 -10.42956  -11.432032 -12.089984 -11.816862 -12.842418 -12.498246
 -13.223362 -12.276628 -12.759072 -12.582404 -11.95351  -13.413428
 -12.98243  -12.758144 -13.177658 -11.20009  -11.166566 -10.49945
 -12.273844 -11.71194  -12.978718 -12.868866 -12.187714 -12.42186
 -12.697824 -12.679032 -11.788036 -10.060912  -8.888558  -8.320564
  -8.825744  -9.497558  -8.460866  -8.414814  -8.970802  -8.820988
  -7.967924  -6.144694  -6.252458  -6.737222]"
281,"[-10.339312 -10.446206 -11.278854 -11.02029  -10.225574  -8.337616
  -9.35656   -8.687878  -8.852076  -9.232672  -8.25688  -10.205738
  -9.771492  -8.283734  -7.948842  -8.323116  -9.736518  -9.04916
  -8.57617   -9.237486  -9.41659   -8.74437   -9.082974  -9.039532
  -8.56573   -8.990464  -8.865184  -9.417576  -8.493984  -8.956476
  -9.430452  -8.381696  -9.573596  -8.821336  -8.087288 -10.373532
  -8.531336  -9.463106  -9.176238  -8.225676  -9.831174  -8.494448
  -8.651454  -9.6947    -8.436448  -9.089354  -9.00798   -8.752896
  -9.037386  -8.850162  -8.677554  -9.08715   -8.959318  -8.940874
  -8.783694  -8.716124  -8.67767   -9.035704  -8.471132  -9.194914
  -9.814354  -8.73712  -10.073382  -9.591576  -8.49584   -9.431902
  -8.72465   -8.705916  -8.939714  -9.355806  -8.68057   -9.19097
  -9.991428  -8.610796  -9.305462  -9.796316  -9.334984  -8.287678
  -8.060956  -9.671848  -8.942904  -8.6014    -8.822612  -8.826904
  -8.520316  -9.22403   -8.54775   -9.100606  -9.195552  -8.706206
  -9.463454  -8.359192  -9.477954  -8.600124  -9.240966  -9.286554
  -8.885136  -9.63554   -8.674828  -9.659088  -8.738106  -9.185112
  -9.448548  -9.495296  -8.81426   -8.732596  -8.89372   -8.567238
  -9.382428  -8.745646  -9.639948  -8.86501   -9.67904   -8.624716
  -8.546416  -9.329184  -8.303106  -9.271764  -9.2452    -8.244236
  -9.106928  -8.761364  -9.19213   -8.656674  -8.653078  -9.349484
  -8.547518  -9.353022  -8.748488  -9.43776   -8.406056  -9.09672
  -9.423608  -8.522114  -9.474184  -8.562656  -9.216084  -8.668796
  -8.92185   -9.331736  -8.371952  -9.844804 -10.124074 -10.637374
 -11.35089  -11.23721  -10.438898 -10.418888  -9.107044 -10.5792
 -11.333026 -10.317968  -9.955004  -9.671152  -8.815768  -8.307978
  -7.581644  -7.718988  -6.862038  -7.67572   -8.21338   -7.846472
  -8.885658  -9.754788 -10.373474 -10.113112  -9.096836 -10.185728
  -9.70253   -7.869498  -9.044288  -9.410152  -9.6367   -10.003724
  -9.12311   -8.931942  -8.937568  -9.332374 -10.169662  -9.24491
  -9.092022  -9.89451   -8.795874  -9.033326  -8.28907   -7.195074
  -6.809374  -7.397204  -6.739542  -6.402098  -6.535904  -5.997084
  -7.569     -6.29648   -6.66536   -8.247948  -8.046862  -7.252146
  -8.86356   -8.670768  -9.645226  -9.82375   -8.01734   -7.879184
  -7.514944  -8.87313   -9.73472   -9.043302  -9.268226  -9.523252
  -8.904566  -8.220746  -9.301692  -9.864292  -8.846218  -8.71218
  -9.514552  -9.66715   -8.423224  -9.756586  -9.232672  -9.23157
  -9.471864  -9.146252  -9.378368  -9.24172   -9.228902  -8.851554
  -9.830188  -7.019914  -7.773624  -8.543632  -8.661662  -9.440834
  -9.76198  -10.183466  -9.800782  -9.963994 -10.051864 -10.507454
  -9.57667   -9.234818  -7.631118 -10.920298 -10.45305  -10.548402
 -11.348222  -9.756992  -9.591054  -8.760958  -6.60533   -6.381798
  -6.666984  -5.864728  -6.140982  -7.708084  -8.730566  -8.286634
  -9.618256  -9.058266 -10.299002  -9.52273   -9.618604  -9.387938
  -8.139372  -9.112728  -8.284488 -10.197096  -9.158838  -9.237138
  -8.822728  -8.832356  -9.511594  -9.458524  -9.474242  -8.951604
  -9.429466  -9.638324  -9.190854  -7.556008  -8.519968  -8.159904
  -8.696752  -7.368378  -8.327408  -8.919878  -8.304266  -8.30589
  -8.712876  -8.4622    -7.458742  -7.56639   -7.778264  -8.285242
  -8.281008  -7.947682  -7.92077   -8.458372  -8.360932  -8.360584
  -9.148456  -9.321586  -9.322282  -9.893118  -9.935922  -8.86849
  -9.342988  -9.035878  -9.370248  -9.403308  -9.635656  -9.164638
  -8.475134  -8.924982  -8.375026  -9.704734  -8.908916  -8.97579
  -9.272054  -8.995858  -8.662938  -9.863422  -9.82346   -9.115454
  -9.514784 -10.256488  -9.67005   -9.321992 -10.213916  -8.936524
  -9.915738  -8.802428  -9.88146  -10.24367   -9.19097   -8.51498
  -9.466934  -9.249724  -9.203266  -8.842738  -8.102774  -9.341306
  -8.864952  -9.429176  -9.015984  -9.756586  -9.179138  -9.215272
  -9.713376  -9.335158  -8.878698  -8.45031   -9.279536  -9.228206
  -8.960594  -9.876124  -9.276868  -8.761422  -9.21185   -9.491294
  -8.866054  -9.108204  -9.814238  -9.576206  -9.530038  -9.230178
  -8.994234  -9.565592  -9.942824  -9.690582 -10.034754 -10.216758
  -8.388366  -8.190818  -8.51237   -6.964118  -8.18177  -10.270988
  -8.923416  -9.828622  -8.843144  -8.83862   -9.52099   -5.8058  ]"
282,"[ -8.64084   -8.331236  -7.679432  -7.024148  -7.620214  -8.272424
  -6.993524  -8.67245   -8.45495   -8.028824  -8.713746  -9.554746
  -7.376324  -6.539906  -7.053844  -6.779736 -12.003738  -9.879198
  -8.12058   -8.689618  -9.409746  -9.82868   -9.061862  -9.285336
  -9.330112  -8.668796  -8.68289   -9.49721   -9.469892  -9.824736
  -8.398574  -7.245708  -9.292006  -8.54804   -8.889892  -8.193486
  -7.204296  -6.887384  -6.956926  -6.954258  -7.929934  -9.317294
 -10.607678 -12.158424 -11.643094 -10.794148 -10.937814  -8.371604
  -9.904486 -10.180044 -10.196632 -10.131382  -9.45951  -10.714746
  -8.54137   -9.517452 -10.78539   -9.738722 -10.305904 -10.037654
 -10.029418  -9.547032  -9.471284  -8.568862  -8.09854   -9.057744
  -9.691626  -8.939366  -9.171076  -9.687798  -9.983888  -9.76459
  -9.970896  -9.952162  -9.603466 -10.057896  -9.632698  -9.609672
  -8.922256  -8.025054  -9.356618  -7.49331   -8.002144  -7.545568
  -8.595948  -8.932232  -8.269234  -6.579926  -7.448128  -8.469798
  -6.836228  -7.482232  -9.27043  -10.062362  -9.342524  -9.047304
  -9.798462  -9.071606  -9.530966  -9.490598  -9.274606  -9.426102
  -8.836126  -8.086186  -9.600392  -9.803334  -9.28058  -10.291346
  -9.064298  -8.54775  -10.029476  -8.571414  -9.091674  -9.268748
  -8.78497   -9.208486  -9.258366  -8.844014  -9.03814   -9.499008
  -8.608476  -9.479636  -9.482594  -8.479136  -8.205492  -9.333186
  -9.066444  -8.764554  -9.21794   -9.373206  -8.974862 -10.137356
  -8.992726  -8.980836  -8.780098  -9.571392  -9.270314  -9.41688
  -9.27884   -8.853932  -9.004964  -8.89285   -9.73066   -9.65381
  -8.71682   -9.747306  -8.70087   -9.244388  -8.92823   -9.192536
 -10.3878    -8.91025   -9.141206  -9.483638  -8.56718   -9.005834
  -9.190854  -9.544306  -9.112438  -9.820734  -9.043302  -9.246012
  -8.799992  -9.593374 -10.458908  -9.239342  -9.301402  -8.731204
  -9.5207    -9.117948  -8.981996  -9.254248  -9.185982  -9.241604
  -9.342872  -8.748198  -9.304244  -8.761306  -8.961522  -9.008734
  -8.492128  -9.2423    -9.394144  -8.941106  -9.373322  -8.85225
  -9.202048  -9.265616  -8.869186  -8.844768  -9.441298  -9.308536
  -9.301634  -9.225364  -9.749916  -9.077058  -9.037386  -9.565708
  -8.646814  -9.551324  -9.74893   -9.106696  -9.806988  -9.224436
  -9.155474  -9.434396  -9.060238  -8.68202   -9.897236  -9.602538
  -7.765678  -8.605808  -9.139988  -9.527196  -9.262716  -9.15501
  -9.461714  -9.290034  -9.357836  -9.194972  -9.424768  -8.959028
  -9.10339   -9.273562  -9.301692  -9.133144  -9.097648  -9.079146
 -10.019152  -9.519656 -10.040496  -9.517626  -9.402728 -10.057432
 -10.044556  -8.814028  -9.362418  -9.734488  -9.247868  -9.430104
  -9.094632  -9.427726  -9.340668  -9.46241   -9.146832  -9.24027
  -9.166146  -9.262542  -9.010648  -9.36642   -9.099968  -9.462642
  -9.493324  -9.274838  -9.150776  -9.198916  -9.289164  -9.2481
  -9.1234    -9.623244  -8.793786 -10.040554  -8.740194  -7.635294
  -8.975616  -8.465622  -6.319274  -6.138488  -8.334368  -9.673472
  -9.285162  -8.002956  -8.09883   -7.832784  -8.826556  -9.59059
 -10.256488  -9.689596  -8.716646  -8.486212  -8.018442  -8.206536
  -8.843144  -8.742166  -9.728108  -7.603046  -8.180784  -8.540674
  -9.794576  -9.773232  -9.102056  -8.66433  -10.050414 -10.231316
  -9.331794  -9.503474  -9.09498   -8.94447   -9.989398 -11.152762
  -9.486712  -9.268632 -11.220158  -9.913418  -9.656826  -8.877422
  -9.60248   -9.779496  -9.501444 -10.09258   -9.147064  -8.994176
  -9.970084 -10.40694   -9.477258  -8.928346 -11.486436 -10.096408
  -9.300532  -8.773138  -8.702088  -7.481594  -7.810338  -7.914448
  -8.180436  -8.368994  -9.247114  -9.261846  -9.836278  -9.602016
  -9.167654  -9.387416  -9.442922 -10.099482 -10.029476  -8.967206
 -10.726752  -7.99008  -10.135558 -10.151682 -10.222906 -10.767236
 -10.269538  -9.38295   -7.94136   -6.985172  -9.284002  -8.22962
  -6.766338  -6.787856  -7.937822  -8.729696  -9.230526  -9.565476
  -8.408956  -7.846588  -7.085744  -6.386554  -6.860182  -9.591982
  -7.563142  -8.735786  -8.233854  -8.276774  -7.903834  -9.496746
 -11.107696 -10.340994  -9.330402  -8.504656  -8.871796  -8.474264
  -9.353428  -9.751308  -9.758384  -8.593164  -6.620526  -8.512776
  -7.40602   -6.793888  -7.127504  -9.726252  -9.293456  -7.672704
  -9.391708  -9.865742  -8.380652  -9.488684  -7.83551   -8.983504
  -7.982134  -7.175412  -8.313372  -9.474358  -9.661524  -9.794054
  -7.53797   -8.516778  -8.6623    -7.30858 ]"
283,"[ -9.247288  -8.583594  -9.215388  -9.792198  -8.918312  -8.082706
  -8.971208  -7.724846  -8.98362   -9.921364  -9.545466  -9.784948
 -10.318084  -9.496746  -9.352848  -9.075956  -9.016332  -8.094828
  -9.299082  -6.416598  -7.850764  -8.251892  -8.44364   -8.531916
  -6.65956   -5.641254  -6.540718  -8.04808   -6.250834  -7.345062
  -7.08325   -8.275382  -7.156388  -8.491084  -8.258272  -8.315692
  -7.701704  -8.667694  -8.591888  -8.175912  -9.046492  -8.655572
  -9.042084  -8.427516  -8.292376  -8.415278  -8.25949   -8.13044
  -7.309856  -8.88792  -11.611948 -11.853518 -11.75573  -10.712658
 -10.706568 -10.305034 -10.986824 -11.0722    -8.866866  -9.753686
 -11.36742  -11.134492 -11.52489  -11.577728 -11.18675  -11.185184
 -10.987288 -11.586776 -11.500356 -10.484486 -10.002332  -6.99915
  -7.891306  -7.861088  -5.549034]"
284,"[ -7.660988  -8.00835   -7.436296  -8.063856  -9.18459   -6.832516
  -7.582514  -8.244932  -9.443328  -9.100142 -10.061724  -8.94679
  -9.779902 -10.072512  -8.980546  -8.977066  -9.857854 -10.033362
  -8.642464  -9.74661  -10.157656 -10.349404  -9.350702  -8.7783
  -8.473974  -8.607954  -9.774624  -8.8102    -9.008328  -9.096024
  -8.52455   -9.212952  -9.238588  -9.402148  -8.719894  -8.359946
  -8.719198  -9.279884  -8.593454  -8.6971    -8.496188  -9.757978
  -9.023988  -9.147702  -8.348578  -9.586124  -9.54187  -10.08881
  -9.56275  -10.300278 -10.851626 -11.998054 -10.465578 -10.531698
 -10.868214 -11.54316  -10.974818 -10.818856 -10.002158  -9.172294
  -8.807126  -8.400314  -9.331214 -10.484138  -9.279942 -11.61856
 -11.358488 -10.44377  -10.237696 -10.411116  -9.72776  -10.06474
 -11.799984  -8.5753    -8.3375    -8.441204 -11.74906   -9.07033
 -10.843854  -9.74603   -9.752874  -9.321412 -11.107406  -9.085004
 -11.138436 -10.389308 -11.184836 -11.357212  -9.441356  -9.758268
 -10.371676 -10.63778  -11.22474  -10.49162  -10.246396 -10.284386
 -10.418482 -10.735684 -10.759696 -11.553658 -11.207862 -11.158736
 -10.267334 -11.443226 -11.165696 -11.260178 -10.756332  -8.057012
  -8.24789   -9.949378  -5.566608]"
285,"[ -9.234818  -8.657254 -10.379448  -9.956512 -10.342792 -10.19437
  -9.432946  -9.249028  -9.003688  -7.312408  -7.25696   -8.406346
 -10.54353  -10.027446  -9.634554 -10.851278  -9.815572 -10.056272
  -9.490772 -10.730928 -10.583144 -11.109842 -10.236594 -10.756912
 -10.497536  -9.504634 -10.031216  -9.473546  -9.630668  -9.402496
 -10.155742  -8.829166  -9.589256  -9.391534 -10.5328    -9.778278
 -10.663764 -10.838518  -9.533634 -10.932014 -10.243902 -10.936364
 -10.300394  -9.699514  -9.369146 -10.400212  -7.21143   -5.960486
  -7.237646  -8.937162  -8.969758  -7.866366  -8.532728  -8.589046
  -9.335042  -9.249434 -10.183756 -10.43507   -9.732922  -9.307376
 -10.298306  -8.248238  -9.64569   -9.54013   -9.800434 -10.178942
  -9.05322   -9.687044  -9.542392 -10.189382  -9.921248  -9.80664
  -9.55724   -9.310624  -9.81911   -9.737098  -9.704386  -9.294442
  -9.84898  -10.024546  -9.657348  -9.926236  -9.675212  -8.377056
  -8.863676  -9.72225   -9.129722  -9.596738  -9.842948  -9.395942
  -9.791502  -9.512058  -9.680142  -9.934588 -10.148608 -10.041308
  -9.28464   -8.482848  -9.17676   -8.502452  -7.468544  -8.508542
  -9.089238  -8.032188  -9.52476   -8.481166  -8.61097   -7.7575
  -7.80854   -7.875356  -9.04104   -9.35656   -9.844688  -9.396348
  -9.25187   -9.751192  -9.517104  -9.8629    -8.955664  -8.353682
  -8.853178  -9.726774  -8.332686  -8.492824  -7.612036  -7.776582
  -5.298242  -5.03527   -5.326256  -5.441328  -5.973304  -8.21106
  -8.313024  -9.601494 -10.122508  -8.449266  -8.610042 -10.163688
  -9.569652  -8.935422  -6.9078    -6.936452  -7.400452  -8.530582
  -9.526848  -8.21976 ]"
286,"[ -9.184996  -9.69006   -9.345714 -10.207478 -10.207594 -10.582158
  -9.66599   -9.332606  -8.850916  -9.497848  -9.223624  -9.041678
  -9.165508 -10.10128  -11.220216 -10.856498 -11.47211  -10.73638
 -11.351876 -11.627318 -11.977232 -11.684274 -11.480056 -11.24794
 -11.73224  -11.932282 -12.758492 -11.623954 -12.495578 -12.150536
 -11.512826 -12.38967  -12.410956 -11.578018 -11.410108 -11.160186
 -10.971106  -9.685652 -10.765032 -10.791712 -11.095052 -11.256292
 -11.564388 -12.506018 -11.870744 -11.56694  -11.59188  -12.506482
 -12.415016 -11.589212 -11.926424 -11.205194  -9.88088  -10.743398
 -11.193072 -10.764452 -10.64039  -11.64582  -10.808938 -12.076934
 -10.285198 -11.885128 -10.113692  -9.493788  -8.500654  -9.546394
  -9.06308   -9.654506 -11.474082 -10.049602 -10.277252 -11.402336
 -11.461844 -11.749002 -11.429886 -10.849422 -11.292542 -10.928882
 -11.498152  -9.170786 -10.105978 -11.03334  -11.492526  -9.93018
 -12.156858  -9.77532  -10.297958 -10.474452 -10.710396  -8.418526
  -9.376744 -11.103288 -12.396572 -12.246642 -11.884896 -11.734038
 -11.361736 -11.629812 -11.623316 -10.794844 -11.557718 -11.196668
  -8.607374  -9.813774  -9.06453   -7.566912]"
287,"[ -6.21499   -7.473242  -7.07426   -8.344402  -8.397066  -8.519388
  -9.20489   -9.120268  -9.296588  -9.122704  -9.110582  -8.744196
  -6.790814  -8.54079   -6.588336  -6.707526 -10.064624  -9.945782
  -9.463338  -9.645052 -10.130512  -9.770738 -10.033594  -9.842948
  -9.682694  -9.556312  -8.7609    -8.554362  -9.909822  -8.770818
  -9.87392   -9.629624 -10.126742  -9.809366  -9.472096  -9.568782
  -9.785296  -9.60422   -8.535918  -8.724998  -9.381036 -10.153364
  -9.56101   -8.887224  -8.947776  -9.444314 -10.238044  -9.330634
  -8.97753   -7.61134   -8.587944  -7.867468  -8.607664  -8.082184
  -8.47554   -8.290752  -8.416496  -8.155206  -8.143026  -8.135544
  -8.64519   -7.979814  -7.420172  -8.809678  -5.01874 ]"
288,"[-10.75117  -10.449802 -10.32545  -10.477816 -10.087592  -9.902804
  -9.915796  -9.673182 -10.181436 -10.194312 -10.388902 -10.194776
 -10.699956 -10.017644  -8.56863   -7.691206  -7.589416  -6.972992
  -7.9663    -9.209414  -8.755042  -6.28256   -7.653738  -8.778068
 -10.05691  -10.387742  -9.684782 -10.101396 -10.389366 -10.526884
 -10.36054  -10.093972 -10.061318 -10.326784 -10.784752 -10.269248
 -10.282414 -10.511166  -8.600588  -9.425928  -7.790676  -7.595332
  -6.607998  -7.434266  -8.967728  -6.885296  -6.543966  -7.435426
  -8.135196  -7.217984  -8.08694   -8.481108  -7.448766  -8.284952
  -8.074876 -10.400618 -10.167806 -10.220702  -9.661292 -10.49887
 -10.671246  -9.88494  -10.262462 -10.387974 -10.060622 -10.17726
 -10.547358 -10.008712 -10.743688 -10.44551  -10.440696  -8.80991
  -9.239168 -10.641318 -10.086664  -9.931746 -10.212698  -9.54013
  -9.655666  -8.970396  -9.538448 -10.54353  -10.079704 -10.812592
  -9.070272  -9.909126 -10.438492  -9.605438 -10.148492 -10.117288
  -9.448316  -9.332606  -9.1901    -9.309754  -9.761168 -10.271394
 -10.03139  -10.545444 -10.453108 -10.407578  -9.970838 -10.620148
 -10.098612 -10.519982 -10.08533  -10.690328  -9.883258  -9.728282
 -10.259214 -10.591438  -9.959006 -10.482456 -10.678496 -10.44725
  -9.807452 -10.445974 -10.765728  -9.583862 -10.43623  -10.118506
 -10.287692  -9.82317  -10.41941  -10.400212 -10.282936 -10.245526
  -9.764648 -10.38461   -9.805886  -9.84492   -9.755252  -9.407484
  -9.571798  -9.326168  -9.863654 -10.389888 -11.8204   -10.05836
  -9.44153  -10.10418  -10.454442 -10.425848  -9.543958 -10.358336
 -10.279456 -10.058882  -8.081952  -8.837518  -8.665896  -8.241568
  -8.079284  -8.353798  -9.131926  -8.007828  -8.505178  -8.230316
  -7.203252  -8.405882  -8.210538  -9.275998  -9.920436 -10.916586
 -10.207362  -9.350122 -10.167168 -10.023908  -9.06569  -10.354798
  -9.917536 -10.193732 -10.169024 -10.094784  -9.679678 -10.311414
 -10.34169  -10.140372  -7.98109   -7.684884  -8.528668  -9.299778
 -10.043512  -9.286728 -10.840664  -8.926954 -10.928418 -10.285256
 -11.62552  -11.247302 -10.727506 -10.987404 -10.141822  -9.81215
  -9.603524 -10.202838 -11.639034 -11.682592 -11.560676 -11.477156
 -11.565374 -11.789254 -11.80677  -11.160244 -11.193246 -10.58935
 -11.761298 -10.45943  -10.983866 -12.09996  -11.251652 -11.259424
 -11.102302 -10.96229  -10.132426 -11.276012 -11.32653  -11.572682
 -11.244228 -11.935182 -11.24301  -11.105144 -10.933406 -11.105608
 -11.90827  -11.10439  -11.039256 -11.993994 -11.323456 -11.609222
 -11.662466 -10.54904  -10.86804  -10.65431  -10.377186 -11.908734
  -9.0016    -9.094632  -8.28994  -10.623048  -9.684318 -10.047514
 -12.25656  -10.014686 -11.164826 -11.23924  -11.56027   -8.790538
  -9.798926  -8.71798  -10.819494 -11.007298  -9.923858 -11.90276
 -10.959506 -10.70477  -10.045368 -11.250202  -9.660828 -12.217642
 -11.065704 -11.578018 -10.247788 -10.489822 -10.572994 -10.498406
 -10.086142 -10.36576  -10.22018  -10.74508  -10.374344 -10.237638
 -10.719502 -10.003434 -10.52149  -10.257474  -9.671384  -9.489496
  -9.220086  -8.024764 -10.326262 -10.159048 -10.259388  -9.324254
  -9.950654  -9.355516 -10.515052  -9.542798  -9.050726  -9.745276
 -10.435998  -9.686058 -10.627804 -10.306716 -10.013004 -10.26774
  -9.945028  -9.29073  -10.732378  -9.744174 -10.252718 -10.970062
  -8.607142  -9.97919   -9.948044  -9.959064 -10.091594  -9.965154
 -10.860384  -9.67556   -9.217418  -9.922988 -10.193442 -10.28456
 -10.587204  -9.885868 -10.39128  -10.733828  -9.77416  -10.396384
 -10.803312 -10.230504 -10.721996  -9.140046 -10.096988 -10.58935
 -10.148434  -9.747538  -9.93482  -10.140256  -9.607526  -8.19018
  -9.308014  -7.581412  -8.619786  -9.870556 -10.860558 -11.27868
 -11.179674 -10.615566 -11.264296 -11.05741  -10.708192 -10.409434
 -11.273982 -10.909568 -10.998946 -10.772398 -11.174744  -9.50939
 -10.960782 -11.059904 -10.806792 -11.30101   -9.991428 -10.915832
 -10.69404  -10.907654 -11.30826  -10.90255  -11.004224 -11.263542
 -11.020232  -9.704734  -9.429872  -8.21106   -9.022654  -8.138386
  -9.353544  -9.433004 -10.324464  -9.649808 -10.849712 -11.142322
 -10.756274 -11.581556 -10.934566 -11.004688 -11.536026 -11.2259
 -11.403438 -11.35582  -11.65742  -11.339928  -9.781526 -10.177666
 -11.203512 -10.013816 -10.305556 -11.442008 -10.789334 -10.474046
 -12.080588 -10.678322 -10.078428  -9.928208 -10.910206 -11.168364
 -11.157576 -10.897446 -11.458422 -10.954808]"
289,"[-10.557508 -10.556464  -9.555326  -9.789066  -7.988804  -9.063138
  -9.32263  -10.726868  -7.814862 -10.585116 -10.110792  -9.939808
 -10.018572  -8.705452  -7.892582  -8.342952  -9.43109  -10.081328
  -8.069714  -7.824606  -7.901572  -6.70422   -8.957578  -8.223994
  -8.32967   -9.037328  -8.740716  -8.300264  -7.91816   -7.77113
  -8.16669   -7.639586  -8.78613   -8.413886  -8.031666  -7.961254
  -8.33663   -8.960884  -8.189542  -8.297364  -8.687646  -9.155532
  -5.622752]"
290,"[-10.55542  -10.453862 -10.73435  -10.216178 -11.054858 -10.578852
  -8.848828  -8.535918  -9.31132   -9.443038  -7.60032   -9.282552
  -7.936546 -10.537846  -9.758616 -10.206898 -11.40338  -11.166218
 -10.490982  -9.738374  -9.549642  -7.543306  -9.591634  -8.002028
  -9.254248  -9.561474  -9.922234  -9.482362  -9.290324  -9.844514
  -9.538042  -8.987332  -9.15559   -9.597202  -9.948218  -9.724918
  -9.64308   -9.87189   -9.637048  -9.17386  -10.012134  -9.674922
  -9.19155   -8.792974 -10.140952  -9.266312  -9.800144  -9.49547
  -8.650352 -10.931724  -9.651838  -8.69739  -10.024662  -9.01697
  -9.203614  -9.562692  -9.241198  -9.8571   -11.08641  -11.901542
 -10.05314   -9.623824 -10.12187  -11.535968 -10.110676  -9.2655
 -11.797374 -11.1186    -9.286264  -8.978516  -8.52484   -7.50143
  -5.769434  -7.353704  -8.923068  -6.768542  -6.636534  -8.679468
  -8.343938  -9.206456  -8.26384   -8.143374  -7.377658  -8.630806
  -7.166828  -7.980916  -9.884708  -9.110408  -9.239864  -8.943426
  -9.3032   -10.57079  -10.01399   -9.434222  -9.500226 -10.182944
  -9.841672  -9.27884   -9.649112  -8.206014  -9.229772 -10.189266
  -7.69718   -7.029426  -7.697934  -9.255176  -9.905298  -9.253958
  -9.074738 -10.150928 -10.182364 -10.211828  -9.453014 -10.374634
 -10.413088  -9.194682  -6.840172  -7.275984  -9.103912]"
291,"[ -8.036596  -9.433584  -9.550802  -7.161492  -8.631328  -9.072882
  -8.769426  -6.195154  -6.546634  -8.598384  -8.282748  -8.931188
  -9.764416  -8.57211   -8.827136  -9.577656  -9.458698  -9.129664
  -7.071476  -7.73807   -6.700798  -7.887478  -8.122088  -8.588756
  -6.9397    -7.341524  -8.596528  -7.726354  -9.533112  -8.980082
  -7.365072  -7.946464  -8.125452  -8.219354  -8.190702  -8.761596
  -8.153466  -8.212162  -8.228808  -9.240792  -9.440428  -9.26231
  -9.185286  -9.514494  -9.71732   -9.28638   -9.06076   -9.22635
  -9.207558  -9.303722  -8.704988  -9.51838   -9.525166  -8.92388
  -9.170438  -8.453906  -7.899136  -8.875218  -7.819212  -8.178116
  -8.425544  -8.866692  -8.259142  -8.956186  -7.138756  -7.681404
  -8.429894  -9.109944  -7.98747   -6.750852  -8.339588  -6.798354
  -8.428328  -7.66528   -8.15306   -7.963226  -8.034276  -9.495818
 -10.10766   -9.129896  -9.275534 -10.312052 -10.068162  -9.731588
  -7.713362  -8.126728  -8.617582  -9.860406  -9.939228  -8.296552
  -7.487916  -8.126148  -8.529944  -7.777858  -8.325726  -8.399676
  -6.226242  -7.333694  -7.35266   -9.18372   -8.69478   -8.490678
  -9.747828  -9.337304 -10.012772  -8.19453   -7.905284  -8.558422
  -9.550454 -10.211538  -9.774798  -8.865184  -8.453732  -9.406382
  -8.248702  -9.821024 -10.08997   -9.446692  -9.77213   -9.134884
  -9.751366  -9.57609  -10.26687  -10.367268  -9.647372  -9.330228
 -10.184162  -9.335506  -8.66056   -9.39368   -8.66375   -8.46452
  -8.334252  -8.150334  -9.157098  -8.31227   -6.407434  -5.381994
  -5.214664  -6.6381    -8.616422  -8.813274  -9.104782  -9.092138
 -12.410492 -10.888746 -10.481528  -9.562808 -12.082792 -12.080298
 -11.420896 -12.835168 -10.992914 -11.713506 -12.175882 -11.24127
  -8.857934  -9.760066  -8.777894  -9.695164  -9.180414  -9.741622
  -8.112924 -10.232476  -8.866982 -11.851778 -10.946108 -10.93474
 -10.612144 -12.981618 -11.063558 -11.343698 -12.360264 -11.263658
 -12.806226 -12.163818 -11.037342 -10.931666 -12.286198 -10.687022
 -12.466926 -12.309108 -12.07908  -11.593156  -9.70427   -8.465042
  -7.877212  -9.072012  -7.382704  -8.20381   -9.797882  -8.690082
  -7.097344  -7.510246  -9.113772 -10.167052 -10.239262  -9.540594
  -9.625564 -10.273772  -8.891748  -9.855534  -9.69789  -10.273888
 -10.469754  -9.040576 -11.277984  -9.90698   -8.562424  -8.725288
  -8.965408  -7.353182  -8.766236  -9.02509   -9.656246 -10.266348
 -11.092616 -10.11839  -11.089948 -10.117056  -9.71906  -10.817464
 -11.399958  -9.528008 -11.028526 -11.230714 -11.343872 -10.454384
 -11.412428  -9.487002 -10.372198  -9.608628 -10.460822  -9.956454
  -7.860392  -9.17299   -9.68455   -9.52882  -10.030346  -9.689654
  -9.492338  -9.963124 -10.114678  -9.410848  -9.659668  -9.473488
  -9.723816  -9.660944  -9.548366  -9.21446   -9.452434  -9.894568
  -9.922118  -9.76633   -9.401916  -9.66425   -9.486074  -9.134826
  -9.018362 -10.062478  -8.80324   -9.978088  -9.51548   -8.767164
  -9.757166  -9.123864  -8.844014  -9.222116  -9.139234  -9.158084
  -7.880576  -8.671174  -7.749786  -7.629204  -7.57451   -6.313706]"
292,"[ -8.05823   -8.938148  -9.032282  -6.706018  -6.154902  -7.752918
  -7.76098   -9.42703   -9.906516  -9.597898  -9.78083   -8.75191
  -9.66222   -9.975478  -8.537368  -9.524644  -9.509622 -10.5589
  -9.250304  -9.784542  -9.007226 -10.705234  -9.879256 -10.219832
 -10.677394  -9.260222  -9.594476  -9.039532  -8.584812 -10.470566
 -10.327828  -9.81534   -9.937024 -10.084054  -8.74437   -9.85681
  -8.677496  -9.291542 -10.078486 -10.250978 -11.669542 -11.557602
  -9.9528    -8.294812  -8.604242  -9.88929  -10.821466  -9.597144
 -10.925866  -9.391592 -10.444002  -8.217556  -8.26529  -10.038872
  -8.244758  -7.897512  -7.717538  -8.049588  -9.128678  -9.988354
 -10.544226 -10.615914 -10.61864  -10.241002 -10.344242 -10.390352
  -9.494716  -9.202628 -10.249006 -10.043106 -10.114562 -10.443132
  -9.606482  -9.610136 -10.346736 -10.642188 -10.262868 -10.225342
 -10.195646  -9.59813   -8.805096  -8.698608 -10.288852  -9.889638
  -9.309348  -9.906226 -10.125814  -9.904834 -10.499218  -9.790226
 -10.32052  -10.340878  -9.990152  -9.30291   -9.564722  -9.55463
 -10.22366  -10.160788 -10.64706   -9.733212 -10.25875   -9.789356
 -10.19031   -9.977856  -9.75908  -10.595498  -6.206812  -5.550194
  -5.492194  -5.916464  -7.435136  -9.663206  -7.70066   -9.40006
  -6.490026  -7.6125    -8.040598  -6.740064  -7.329924  -9.160636
  -5.9015  ]"
293,"[ -9.087788  -8.120406  -9.31915   -8.933392  -9.199148  -9.036052
  -9.161042  -8.434302  -8.3172    -7.953018 -10.71927  -10.190252
  -9.811744  -8.42566   -9.856404  -8.281066  -7.730124  -7.03076
  -7.231208  -9.396754  -8.273584  -9.155126  -8.46104   -9.093762
  -9.368856  -8.545662  -8.549548  -8.298872  -8.924228  -9.078798
  -6.965278  -9.051364  -7.85204   -9.439094  -9.199496 -10.579954
  -9.87363   -8.621236  -7.8474    -8.713746  -8.31546   -8.34156
  -8.636548  -8.625934  -8.544676  -8.552042  -8.665896  -8.47554
  -9.37019   -8.43001   -8.433722  -8.73596   -7.806858  -6.506614
  -6.276006  -9.797186  -9.72109   -8.716646  -8.88589   -9.733212
  -9.446402 -10.889384  -9.89596   -9.83738  -10.2834   -10.12622
  -8.233332  -8.831312  -9.688146  -9.539782  -9.890914 -10.271742
  -9.593432  -9.60712  -10.575836 -10.241698  -9.731356 -10.307354
  -9.927454  -9.781352  -9.372684 -10.349462 -10.398704  -9.408354
  -9.401104 -10.463838  -9.497964 -10.229866  -9.153212 -10.070482
  -9.880648  -9.802174  -9.69151   -9.626318  -9.089238  -9.735126
 -10.387104 -10.12042  -10.300626 -10.066596  -9.41398   -9.859826
  -9.243634 -10.234448  -9.376512  -8.38187   -8.932    -10.209856
  -9.690408 -10.322144  -8.953054 -10.59486   -8.739208  -8.18786 ]"
294,"[ -8.784622  -8.652672  -9.031064 -10.114098  -8.8914    -8.739614
  -9.52882   -9.185344  -9.317468  -8.316968  -8.503322  -9.020682
  -9.249956  -9.62336   -9.06453   -9.071838  -7.78476   -9.073346
  -9.237428  -8.976428  -8.279094  -8.873768  -9.268226  -8.654296
  -7.973956  -6.352044]"
295,[-8.852424 -8.924344 -8.33547  -9.119224 -7.409094 -6.009032 -5.66979 ]
296,"[ -8.235188  -8.413422  -8.404896  -8.3027    -8.193312  -8.33837
  -8.288606  -8.25398   -9.012388  -8.087462  -8.240292  -8.541022
  -8.675408  -8.758928  -8.042802  -8.52832   -7.787486  -8.719256
  -8.283444  -8.486212  -8.242322  -8.634402  -8.858282  -8.56225
  -8.571066  -8.620424  -8.458778  -7.916304  -8.831312  -8.440392
  -8.421774  -7.75373   -6.338298  -7.357706  -7.428988  -8.131484
  -8.45002   -7.59713   -7.047696  -8.128932  -7.956614  -8.261404
  -8.489634  -8.198068  -7.842528  -8.37491   -8.289998  -9.066618
  -8.576924  -8.729406  -8.034276  -7.637556  -8.312676  -8.431808
  -8.06345   -8.283502  -7.546264  -7.54029   -6.08449   -6.770224
  -8.622628  -8.237798  -8.286112  -7.608556  -8.877712  -9.05844
  -8.84848   -7.52608   -8.846508  -8.586552  -8.235478  -8.675872
  -8.584928  -8.24905   -8.730682  -8.25891   -8.282284  -8.70986
  -7.790154  -8.386162  -9.354472  -9.427204  -8.714964  -8.12696
  -9.4685    -9.559096 -10.12158   -9.985396  -9.948624 -10.076688
 -10.43478  -11.079044 -10.853424 -10.92517  -10.43449  -10.1819
 -10.548982 -10.33531  -10.434606 -10.049138 -10.252776 -10.153538
 -10.253472 -10.917688 -10.998192 -10.892748 -10.114852  -9.92931
 -10.58819  -10.257184 -10.658138 -10.708888  -9.981858  -9.749162
 -11.01536  -10.596716  -9.811338  -9.666048  -9.743652  -9.222058
  -9.45023   -7.809294  -9.376048  -9.070272  -8.89633   -7.499342
  -8.842158  -7.92454   -8.715312  -8.160484  -9.148804  -9.49634
  -7.95934   -7.819444 -10.828078  -8.796686 -10.212408  -8.036306
  -8.093784  -7.572712  -7.402424  -8.139604  -9.032862  -9.361258
 -10.067176 -10.154466  -9.722076  -9.69963   -9.63235  -10.27731
 -10.150058  -9.21214   -9.214692  -8.98478   -9.646328  -8.749822
  -9.486654  -8.266218  -8.722968  -9.737098  -9.214344  -9.188128
  -8.715196  -9.843412 -10.521954  -9.256452  -9.260164  -9.376454
  -8.950734  -8.6681    -8.835314  -8.070468  -8.215178  -9.306564
 -11.111234  -9.999606  -9.531546 -10.327306  -7.924018  -7.968214
 -10.548286 -10.136138  -9.96991  -10.7706   -11.45036  -10.572762
 -10.216874 -10.811664  -9.298502 -10.516792  -9.045506  -9.700964
 -10.583608 -10.327944  -9.814122 -10.3066   -10.788     -9.035994
  -8.56544   -8.672914  -9.517916  -8.57588   -9.208776  -8.129222
  -9.174382  -9.716972  -9.29044   -8.844652  -9.273794  -9.642558
  -9.55637   -8.423108  -9.860406 -10.60907   -9.167364  -8.63069
  -9.065226  -9.372278  -9.37831   -8.955258  -9.268864  -9.194218
  -9.29711   -9.165566  -9.345424  -9.261556  -9.43196   -9.310624
  -8.556798  -9.657058 -10.250862  -9.652766  -8.861878  -9.735706
  -8.578026  -9.332026  -9.027874  -9.742492  -9.6831    -9.329068
  -8.33605   -8.19743   -8.463128  -9.18865   -8.903754  -8.574488
  -9.25042   -9.696556  -8.569674  -9.869454 -10.38374  -10.672464
  -9.91162  -10.157308  -9.984584 -10.807894 -10.55658  -10.19901
  -8.354204  -8.526058 -10.02762  -10.069496 -10.298132  -9.14979
 -10.20916   -9.583688  -9.407832  -8.61387   -9.463222  -9.36265
  -8.946094  -9.205006  -8.9059    -9.084018  -9.608454  -9.266486
  -9.573132  -9.459162  -9.347164  -9.1611    -9.615588  -9.725904
  -9.73153   -9.149094  -9.468442  -9.555964  -9.140626  -8.857528
  -9.369784  -8.482094  -9.307956  -9.249724  -9.079958  -9.179834
  -9.618952  -8.647684 -10.423006  -9.608744  -9.256104  -8.573908
 -10.044962 -10.407404  -9.944042  -8.628718  -9.522614  -9.168524
  -9.313408  -9.426508  -9.314626  -9.349484  -9.230178 -10.541152
 -10.407868 -10.11404   -9.601958  -9.32147   -8.21686   -9.279362
 -10.303526 -10.634706  -9.77938   -9.457712  -9.853678  -9.71471
  -9.24027   -8.612246  -8.565672  -9.06047   -9.67614   -9.61582
  -9.661176  -9.223856  -9.322688  -9.487872  -8.434592  -9.437296
  -8.857528  -9.609266  -7.480434  -9.831116  -9.50214   -9.23099
  -9.794576  -9.618778  -9.223044 -10.563888 -10.554376  -9.143758
  -9.664192  -9.83361   -9.425522  -9.367     -9.65497   -9.01291
  -8.981764  -8.993016  -8.611144  -7.961312  -6.917544  -8.043672
  -9.22751   -9.175832  -8.749474  -9.593838  -9.425986  -9.532648
  -7.438094  -9.08715   -8.704176  -7.105464  -8.31024   -8.861646
  -8.48308   -7.916072  -7.981148  -8.419976  -6.259418  -6.377506
  -7.153836  -9.073346  -8.267784  -6.781592  -8.149406  -6.784782]"
297,"[-12.820146 -12.978428 -12.301568 -12.36299  -12.600558 -12.083198
 -11.643964 -12.256618 -11.972592 -12.5889   -12.813708 -12.741904
 -12.956272 -12.794974 -12.452426 -12.835458 -12.687442 -12.761566
 -12.167936 -12.539542 -12.869794 -13.008356 -12.676596 -12.693706
 -12.99664  -12.441928 -12.797004 -12.876754 -12.829194 -12.638374
 -12.286256 -12.340196 -12.808604 -12.95372  -12.138066 -12.49291
 -12.662386 -12.85744  -12.331844 -12.087258 -13.011604 -12.633734
 -13.042112 -12.201866 -12.583158 -12.12896  -12.095378 -12.783316
 -12.618364 -12.912888 -12.742832 -12.86962  -12.574052 -12.644348
 -12.590814 -11.899976 -12.653454 -12.398834 -12.689878 -13.146686
 -12.534612 -13.012938 -13.012184 -12.717602 -12.533568 -12.50248
 -12.841374 -12.811446 -13.0355   -12.969206 -12.54134  -12.214742
 -12.06023  -12.729144 -12.726128 -12.613318 -12.428008 -12.722358
 -12.781924 -12.500102 -12.311776 -12.050022 -13.090078 -12.862544
 -13.102316 -12.542558 -12.787028 -12.77682  -12.671956 -12.705828
 -12.593772 -12.696316 -13.073258 -12.329698 -11.981234 -11.174338
 -12.153958 -12.32761  -12.32413  -12.535308 -12.74289  -12.558392
 -12.973382 -13.073026 -12.394774 -12.509092 -11.858332 -12.761334
 -12.567498 -12.756984 -12.722242 -12.785868 -13.050928 -12.678974
 -12.594526 -13.019782 -12.722706 -12.94299  -12.764002 -12.630544
 -12.141082 -12.551026 -12.796134 -12.165848 -12.3946   -12.618016
 -12.922864 -12.540354 -12.758376 -12.140154 -12.868866 -12.353188
 -12.164282 -12.5309   -12.937364 -12.600848 -12.953198 -12.972222
 -12.997046 -12.815274 -12.478526 -12.63588  -12.826236 -12.87948
 -12.714702 -12.675668 -12.712208 -12.779662 -12.657572 -12.62805
 -12.580606 -12.7919   -12.620858 -12.235854 -12.936146 -13.08741
 -13.039096 -12.75159  -12.987012 -12.879538 -12.780532 -12.903028
 -12.437462 -12.658906 -12.823858 -12.5947   -12.686166 -12.58397
 -12.617262 -12.490822 -13.092398 -12.709656 -12.594236 -12.64313
 -12.857092 -12.96619  -12.727694 -12.646146 -12.738192 -12.512108
 -12.73129  -12.690864 -12.923908 -12.639128 -12.195892 -12.967872
 -12.328596 -12.79016  -12.90036  -12.761102 -12.877276 -12.547894
 -12.92298  -11.546582 -12.782736 -12.389264 -12.782446 -12.312704
 -12.763886 -12.582636 -12.372676 -13.07639  -12.799904 -12.813998
 -12.82496  -12.228082 -12.402778 -12.724678 -12.959404 -11.766808
 -12.645798 -12.869272 -12.163644 -12.924082 -12.605488 -12.855816
 -12.568078 -12.892472 -12.406838 -12.62283  -12.943512 -12.967002
 -12.932202 -12.273322 -12.739236 -12.989796 -12.32906  -12.41664
 -12.981966 -12.7165   -12.872346 -12.709946 -13.033702 -12.50973
 -12.50074  -12.93371  -12.791552 -12.910916 -13.025176 -12.613202
 -12.802804 -12.756114 -12.68199  -12.964102 -11.777422 -12.671724
 -12.892124 -12.68837  -12.827454 -12.827686 -12.263578 -12.589306
 -12.718066 -12.59093  -12.735466 -12.316996 -12.489372 -12.954242
 -12.245134 -12.673638 -12.595396 -12.905116 -12.970656 -13.122326
 -12.943048 -13.02999  -12.790914 -12.314096 -12.668186 -12.524578
 -11.730616 -12.83888  -12.645624 -13.008472 -12.73129  -12.230982
 -11.97932  -12.968046 -12.682744 -12.772006 -12.615928 -12.60949
 -12.830238 -12.152218 -12.851756 -12.578924 -13.164028 -12.909234
 -12.242582 -12.74173  -12.60746  -12.242582 -12.901752 -12.708786
 -12.939394 -13.157532 -12.90587  -12.905174 -12.952154 -12.679728
 -12.735234 -12.792828 -12.53728  -12.966016 -12.753156 -12.501784
 -12.457414 -12.776936 -12.778444 -12.723518 -12.230982 -12.957432
 -12.432184 -12.712266 -13.062296 -12.63965  -12.659544 -12.763944
 -12.749676 -13.040024 -12.552128 -12.52974  -12.67155  -12.760406
 -12.381898 -12.895952 -12.874898 -11.741462 -12.578518 -13.105738
 -13.21037  -12.659196 -12.945484 -12.99026  -12.91399  -12.731928
 -12.399936 -12.370878 -12.750082 -12.29165  -12.687152 -12.57933
 -12.852278 -12.830122 -12.909408 -12.82467  -12.634778 -12.649394
 -12.964334 -13.055974 -12.413218 -12.040046 -12.597716 -12.704958
 -12.969728 -11.86477  -12.75275  -12.732566 -12.639882 -12.672884
 -12.749038 -12.744688 -12.824786 -12.234288 -12.047528 -11.814774
 -12.552592 -12.968278 -13.086772 -12.98446  -11.870164 -12.958186
 -12.845202 -12.712672 -12.859876 -12.242408 -12.341646 -12.797004
 -12.390366 -12.28643  -12.54134  -12.730536 -12.860978 -12.907378
 -12.645856 -12.743122 -12.761044 -12.631704 -12.16782  -12.66169
 -12.764176 -13.066762 -12.781344 -12.755012 -12.659196 -12.166602
 -12.189976 -12.48566  -12.86788  -12.332308]"
298,"[ -8.613986  -7.969664  -7.426726  -8.096684  -8.198068  -9.93395
  -9.146426 -10.156554 -10.524448 -10.371618 -10.279688  -8.920806
 -10.036494  -8.84819  -10.10244   -9.774566  -8.795468  -7.984512
  -9.826244 -10.610926  -9.227974  -8.57066  -10.133992  -8.998758
  -7.942346  -9.33771   -7.91497   -6.80224   -5.182822  -5.814152
  -6.757464  -8.65853   -7.8967    -7.881214  -7.93585   -7.780874
  -9.07613   -8.600356  -6.771152  -9.046898  -8.19018   -7.64759
  -7.1862    -8.133108  -8.127656 -10.63662  -10.1239   -10.820886
  -6.204318]"
299,"[ -7.303012  -8.361338  -9.98267   -9.641282 -10.739454 -11.260236
 -10.31066  -11.089542 -11.72064  -11.129968 -10.558784 -11.56114
 -10.88544  -10.248426  -9.493092 -10.626354  -9.386952  -9.301808
 -10.17001  -10.86746  -11.739084 -10.255502  -8.59879  -10.264492
 -11.165754 -11.190172 -10.799774  -9.99688  -10.672522 -11.405062
 -11.346598 -10.98259  -10.827962 -11.17022  -10.485182 -10.568586
 -11.341146 -10.905914 -11.423738 -10.922096 -10.846232 -10.903072
 -10.40665  -10.586566  -7.716436  -8.59995   -8.882758  -9.14573
  -9.73385   -9.88726   -8.365978  -8.65766   -9.659146  -9.49895
  -9.254422  -9.2568    -8.816058  -9.020856  -8.64432   -9.567506
  -9.001194  -8.376128  -7.460192  -8.824468  -9.26724  -10.127322
  -9.351514  -8.83253   -9.294152 -10.058708 -10.11201  -10.176448
 -10.555188  -8.703886  -9.230642  -9.972404  -9.451506  -8.986462
 -10.097974 -10.039742  -7.82913   -8.805502  -9.943868  -8.68666
  -8.802544  -7.61047   -7.891422 -10.663764  -9.90089   -8.779924
  -9.76865  -10.209508  -8.858398  -6.398096  -8.504656  -8.751388
  -9.510318  -9.508926 -10.015266  -9.27681   -8.390628  -6.429184]"
300,"[ -8.408956  -7.32627   -8.93026   -7.79317   -8.998178  -9.995372
 -11.56375  -10.715906 -10.120478  -9.912084 -10.26919  -10.534192
  -9.431032 -10.648278  -9.658218 -10.286126  -9.854026  -9.34206
  -7.159346  -8.709628  -8.660966  -9.71094   -9.132332 -10.505656
  -8.123132  -7.075942  -8.001448 -10.876392  -8.91344  -10.682904
  -9.430046 -10.090898  -9.735996  -9.132216  -6.649816  -7.464832
  -9.779554 -10.133586  -9.825896  -9.760994  -9.250768  -8.988956
  -9.905414  -9.595694  -9.779554  -9.07004   -9.447098  -7.934806
  -8.110546  -8.482964  -8.910134  -8.81107   -8.64432   -6.635664
  -7.74271   -8.689154 -10.52613  -10.332062  -9.167132  -9.965618
  -9.408876  -8.928578  -9.727238  -9.50127   -9.088484  -9.273214
  -9.29305   -9.228148 -10.084692  -9.105942  -9.214402  -8.515734
  -8.380942  -8.365746  -9.370074  -8.9146    -7.208182  -7.90076
  -8.876204  -6.167082  -9.298386  -9.400988  -9.199496  -9.198974
  -8.848248  -8.92649   -9.11296   -8.505874  -7.94136   -9.253726
  -9.2075    -8.320564  -6.578824]"
301,"[ -8.44422   -7.560474  -8.64548   -9.980176  -9.020218 -10.32748
  -8.538006  -8.467884  -9.627884  -6.96435   -5.44591   -8.805212
  -8.618394  -8.137458  -8.872086  -8.756202  -8.322594  -7.659364
  -9.625506  -8.371082  -9.051422  -8.878524  -7.084236]"
302,"[ -9.29334   -8.625122 -10.20133   -8.29458   -7.426088  -8.96564
 -10.010278  -8.147318  -9.537578 -10.54121  -10.972672  -9.70978
  -9.712506  -9.116498 -10.680178 -10.779474  -9.581252 -10.364542
 -10.764452 -11.019188 -11.045462 -11.42919   -9.94352   -9.35888
 -11.608352  -8.525942  -8.759798  -9.976348  -9.967706  -9.635192
  -9.612746  -9.135232  -8.719662  -9.694642  -9.62481   -9.60625
  -9.415488  -9.742144  -9.591344  -8.88473   -9.36671   -9.342524
  -9.473778  -9.266892  -9.656942 -10.928244 -10.463896  -9.466354
 -10.894256 -10.753084  -9.816326  -8.895054  -9.43863   -9.593896
 -10.386118 -10.334788 -11.089484 -10.78394  -10.109052 -10.361642
  -9.521802  -8.90445   -7.61424   -8.562192  -8.530814  -9.161448
  -6.657704  -5.704648  -9.378542  -6.620816  -8.248934  -9.851416
  -9.146426  -8.933624 -10.21293  -10.3965    -9.789356  -9.913302
 -10.741368  -9.200134  -8.16872   -7.789748  -8.327176  -7.154706
  -6.385162  -7.0818    -7.993038  -8.709222  -7.619518  -7.62961
  -5.9102  ]"
303,"[ -9.795098 -10.5125    -9.75386  -11.048826  -9.758848 -10.878248
 -11.557022 -10.765786 -11.100388 -11.271836 -11.973056 -10.498464
 -10.187352  -9.918232 -10.247324  -9.017666 -10.47886   -8.437782
  -9.80287   -8.640376 -10.821176  -7.10355   -8.247136  -7.54928
  -7.048334  -6.703408  -9.263354  -8.205782  -9.978552  -8.8508
  -8.855498  -9.439674  -9.062558  -9.281392  -8.507962  -9.950132
  -9.584964 -10.062362  -9.523658  -9.999316  -9.350992  -9.308826
  -8.592352  -8.827194  -8.747618  -8.868664  -7.944666  -8.215004
  -9.44936   -8.27051   -8.202882  -8.299104  -8.204448  -8.835256
  -8.670594  -9.119746  -8.564512  -7.635178]"
304,"[ -9.791908 -11.057932 -11.187504 -10.397486 -10.456066 -10.236826
  -9.51316  -10.406302 -10.242046 -10.489068  -9.855302  -9.946536
 -10.383276 -10.639114 -10.338906  -8.781374 -10.348244 -10.366224
 -10.63604   -9.925656 -10.255618  -9.759718  -9.424884  -9.05264
  -8.349796  -7.406252  -7.48548   -5.869194  -5.421492  -6.413176
  -7.692308  -8.387612  -6.245904]"
305,"[ -9.49663   -9.334926  -9.013722  -9.413226  -9.498776  -9.149326
  -9.16487   -9.460438  -9.330576  -9.230932  -9.358648  -9.20982
  -8.806198  -9.492396  -9.472792  -9.59001   -9.26347   -9.051654
  -9.40412   -9.542798  -9.570406  -9.483696  -9.03814   -9.464498
  -9.259178  -9.05061   -9.561648  -9.464266  -8.757478  -9.066444
  -9.428654  -9.427784  -9.417982  -9.256162  -9.174266  -9.399422
  -9.347512  -9.393332  -9.441588  -9.29479   -9.379586  -8.983098
  -9.349716  -9.450984  -9.32089   -9.429234  -9.6773    -9.251522
  -9.613616  -9.538564  -9.821024  -9.819922  -9.51548   -9.484218
  -8.673784  -9.748292  -9.305694  -9.320832  -9.381906  -9.53636
  -9.168814  -9.251696  -9.058034  -9.588734  -9.144802  -9.409862
  -9.190506  -9.64337   -9.133028  -9.410616  -8.988144  -9.290324
  -9.622432  -9.51577   -9.644182  -9.73936   -9.395072  -9.571334
  -9.820618  -9.41427   -9.585428  -9.632698  -9.080828  -8.581506
  -8.543922  -7.389026  -7.23347   -5.376078  -5.32382   -8.953808
  -9.09759   -8.198242  -7.965662  -7.231962  -8.658588  -7.544988
  -8.245106  -8.34736   -7.687204  -8.189948 -10.133586  -9.788022
 -12.464142 -13.266398 -11.04494  -12.510078 -13.036834 -12.946528
 -12.909002 -11.794416 -10.09635   -9.790864  -9.377382  -9.602422
  -9.4366   -10.146114 -10.273424 -10.23294  -10.184626 -10.20017
 -10.919312 -10.351782 -10.207072  -8.67767   -8.504134  -8.157584
  -8.21135   -7.520106  -8.151146  -7.718872  -5.434368]"
306,[-8.07186  -7.34135  -7.14473  -6.850206 -9.283596]
307,"[-12.625266 -11.963602 -12.90442  -12.613086 -13.130736 -13.248302
 -13.097154 -12.514776 -12.92501  -13.562778 -10.709874 -12.464722
 -12.537048 -12.411536 -12.596788 -13.10481  -12.666794 -13.24314
 -13.083872 -12.906682 -13.758122 -12.543196 -13.172148 -13.355196
 -13.270922 -12.354058 -12.940612 -13.60332  -13.490626 -13.585572
 -12.833312 -12.305628 -12.695272 -13.330024 -13.576292 -12.901578
 -12.819276 -12.505032 -12.916542 -12.686862 -13.14425  -13.151848
 -13.226436 -11.253392  -9.966894  -8.822032  -8.075572  -7.745262
  -5.618344]"
308,"[-10.51511  -10.581288 -10.41709   -9.719292 -10.582158 -10.54034
  -9.513508  -7.93266   -8.135022  -6.461896  -7.159288  -7.804248
  -8.009742  -7.761386  -8.171272  -7.740912  -8.751968  -8.63359
  -9.287018  -9.502546  -8.037234  -9.015636  -8.404026  -8.422818
  -8.46713   -9.250884  -9.84927   -9.626202  -7.987122  -7.751468
  -9.108146  -9.698934  -9.201062  -8.229156  -9.422854  -9.962022
  -9.629334  -9.68252   -7.485886  -7.298314  -7.666556  -6.411668
  -6.771268]"
309,"[ -9.330286  -9.053336  -9.664308 -10.167516 -10.407636  -8.971672
  -9.346352  -9.55956   -9.707402  -9.081408  -7.68123   -7.774494
  -9.396986  -8.884324  -8.367022  -6.03925   -5.298996  -6.11291
  -7.790212  -6.896142  -7.269198  -8.27312   -8.588814  -9.712622
  -8.796512 -10.090202  -9.348904 -10.093972  -9.343974  -9.691858
  -9.791096 -10.209044  -8.895866  -9.043302  -8.22585   -8.083286
  -9.75734   -9.540536  -9.976058  -9.321528  -8.884846 -10.838518
  -9.075608 -10.028722  -9.79939   -9.670572  -8.239596  -7.733372
  -7.780178  -7.480782  -8.475134  -9.719756  -9.721612  -9.67179
  -8.925446  -8.829282  -8.296204  -7.839106  -8.497754  -8.286808
  -7.94716   -7.467558  -7.339146  -8.956244  -7.973956  -6.94898
  -7.4704    -6.378376  -7.015796  -6.83269   -6.61606   -9.75241
  -9.599058  -9.704444  -9.192826  -9.963646  -7.664236  -6.69175
  -7.17721   -7.20882   -9.79359   -9.8252    -7.835046  -8.407564
  -8.685906  -9.136334  -9.124908  -9.445764  -8.800978  -8.660038
  -8.452514  -9.684492 -10.232418  -8.953692  -9.055772  -9.439616
  -9.068706  -8.123828  -9.243402  -8.952068  -6.675104]"
310,"[ -6.663968  -8.377752  -7.960558 -10.030056 -11.117382 -10.598804
 -10.879234 -10.340878  -8.638404  -8.988028 -10.08185  -10.606692
 -10.161658 -10.37417  -10.826512 -11.092906 -10.377244 -10.901216
 -11.657826 -10.819958  -8.704872 -10.09577  -10.468072 -11.745638
  -9.975942 -12.029374 -11.50662  -11.807002 -11.383022 -11.523034
 -12.170314 -11.551338 -11.72789  -11.757934 -11.723598 -11.274098
 -10.85992  -10.229112 -11.22822  -11.512768 -11.876428 -12.116954
 -10.76596  -11.336158 -11.522048 -11.95148  -10.600254 -10.144606
 -10.779126 -10.145998 -10.811142 -11.641296 -10.810388 -12.007566
 -11.334128 -11.331228 -11.898294 -12.230402 -11.525586 -12.143808
 -11.187214 -11.532662 -11.228974 -11.15398  -10.905798 -11.115236
 -10.500552 -10.414016  -9.839526  -9.79446  -10.981952 -11.032238
 -10.544574  -9.957498  -9.12108   -9.014708  -8.931362  -9.137552
  -8.295972  -9.796896 -10.927084 -11.8146   -10.9069   -10.571834
 -10.668636 -10.430546 -10.082082 -10.493128  -9.860174  -7.62584
  -7.073854  -6.06477   -8.455762  -8.298002  -9.092544  -9.143468
 -10.378752 -10.43797   -9.366014  -9.755136 -10.150232 -10.965074
  -9.596158 -10.209334  -8.834038  -8.015484  -8.207696  -8.15712
  -8.253342  -8.170692  -8.266392  -8.326654  -8.643624  -7.405962
  -8.081546  -7.988746  -8.72001   -7.955396  -8.067684  -8.331758
  -7.96137   -8.830384  -8.288722  -7.994604  -7.759588  -7.262412
  -7.203716  -9.0132   -10.310312  -8.201258 -10.252602  -9.548366
  -9.132622  -9.714246  -9.491004  -9.633046  -9.094864  -8.880786
  -9.494368  -9.566404  -8.889718  -8.807822  -9.220434  -9.666976
  -9.682926  -9.340436  -9.313988  -9.352848  -8.487372  -8.610738
  -7.243156  -7.609194  -8.223994  -8.453326  -8.934842 -10.136544
  -8.663692  -8.405766  -8.843086 -10.796352  -8.822728 -10.358394
 -10.450034  -9.472966  -9.027294  -8.46394   -8.513472  -8.014788
  -7.560996  -8.14494  -10.495564  -8.50338   -9.418562 -10.456646
 -10.066654  -9.623128  -9.587284  -8.438594 -10.1094    -9.850256
 -11.080552  -9.573886 -10.28398  -10.570268 -11.178746 -10.707612
 -11.288018 -10.078892  -9.934936  -9.85507  -11.103636 -12.083198
 -12.261142 -10.357176  -9.205876  -9.850894 -10.371966  -9.233832
  -9.069982  -8.625412  -7.590518  -9.279072  -8.746052  -7.767244
  -6.149914  -6.61229   -8.591888  -6.365558  -7.44256   -7.116252
  -6.097076  -7.550614  -5.274114]"
311,"[ -8.960942  -8.050516  -7.980858  -9.278376  -9.356154  -9.652418
  -9.107914  -8.780736  -9.2452    -9.34119   -8.674074  -9.010474
  -9.116788  -9.242474  -8.86182   -8.869882  -8.806082  -9.24288
  -9.904776  -9.651026  -9.80606  -10.421846 -10.084982 -10.119782
  -9.380862  -8.910192  -8.541138  -8.58864   -8.449208 -10.305904
 -10.267508 -11.36365  -10.554608  -9.501386  -9.69383   -8.295218
  -7.717074  -9.337942 -10.76016  -10.893154 -11.111176 -11.850212
 -10.615856 -11.601914 -11.477446 -11.614036 -11.210762  -9.2916
  -8.260302  -9.444024  -8.41783  -11.427624 -10.51105  -10.521954
 -10.53715  -10.833124 -10.81932  -10.863574  -9.89654  -10.37939
 -10.552868  -9.504982  -9.797418  -9.89567  -10.2312   -11.027772
  -9.652244  -9.066328  -8.55239   -9.73124   -9.468152 -10.239378
  -8.407042  -7.925816  -7.720844  -7.243794  -8.977182  -7.901224
  -8.651512  -8.544096  -6.526392  -7.068982  -8.704002  -9.302214
  -8.244584  -8.302642  -8.101962  -7.541798  -8.726564  -9.336318
  -9.319904  -9.281914 -10.10882   -8.953344  -9.100258  -9.019928
  -9.55376   -9.546626  -9.794924  -9.266196  -8.82528   -7.550962
  -6.956056  -7.90047   -9.610194  -9.782164  -8.946442 -11.069764
  -8.077022  -5.574148]"
312,"[-10.019558  -9.857622  -8.666534  -8.705394  -8.148942 -10.823612
  -8.493636 -10.291926 -10.373532 -10.63459  -10.137472  -9.147528
  -8.224632  -8.580288  -7.168858  -6.439218  -6.522332  -9.633742
  -9.985686 -10.401372  -6.927462  -7.29321   -7.925584  -9.08396
  -8.888964  -9.560604  -8.150218  -8.5985    -7.52086   -7.57074
  -7.389838  -8.801036  -8.981996  -8.968714  -9.738896  -8.151436
  -8.548446  -9.488742  -8.738106  -9.988876  -8.997598  -8.863096
  -7.410544  -9.437006  -9.743478  -7.473184  -8.480876  -8.818436
  -9.146774  -8.39144   -9.165972  -9.579628  -9.328604  -9.611296
  -9.881866  -9.60103   -9.487814  -8.991624  -9.822474  -9.080654
  -9.601958  -8.755854  -9.691626  -9.582528  -9.548424  -9.007342
  -9.605612  -8.96448   -9.179834  -9.452318  -9.2365    -9.428712
  -9.42964   -9.727702  -9.639252  -9.59813   -9.609556  -9.986904
  -9.385966  -9.25883  -10.016426  -9.235108  -8.832124  -8.573328
  -9.550918  -9.286902  -9.534852  -9.766852  -9.235456  -8.756608
  -8.910598  -9.325472  -9.421926  -9.97513   -9.510724  -8.85428
  -9.646096  -9.50649   -9.700616  -9.56246   -9.810236  -9.779206
  -9.383878  -9.253494  -8.800746  -9.32002   -9.344902  -9.517336
  -9.740636  -9.537288  -9.40847   -9.814644  -9.217476  -9.19619
  -9.629508  -9.779844  -9.800898  -9.683042  -9.663786  -9.347744
  -9.693308  -9.62713   -9.70485   -9.745044  -9.54129   -9.464498
  -9.53114   -9.795562  -9.49489   -9.694004  -9.345366  -9.727238
  -9.422564  -9.601262  -9.740288  -9.542566  -9.290672  -9.524238
  -9.43921   -9.549932  -9.405396  -9.840396  -9.833668  -9.13819
  -9.790168  -9.81998   -9.175252  -9.246244  -9.362534  -9.682346
  -9.696382  -9.317352  -9.19242   -9.339624  -9.687392  -9.585486
  -9.187838  -9.52157   -9.94004   -9.76053   -9.658508 -10.04328
  -9.250014  -9.428422  -9.458814  -9.780888  -9.814586  -9.636816
  -9.77561   -9.776828  -9.9528    -9.891146  -9.843934  -9.894278
  -9.418562  -9.889     -9.78286   -9.219332  -9.519308 -10.0166
  -9.571218  -9.464904  -9.378484 -10.096756  -9.743304  -9.52418
  -8.777778  -9.662162  -9.376976  -9.30494   -9.642268  -9.698876
  -9.145556  -9.50243   -9.584674  -8.758986  -6.897476  -9.31074
  -8.632372  -9.018362  -9.830768  -9.440486  -8.323754  -6.05288 ]"
313,"[ -9.749278  -8.822786  -9.414154  -9.880416  -9.351514  -9.080016
  -9.450868  -9.318686  -9.882504  -9.375062  -9.602074  -9.576902
  -9.655608  -9.711056  -9.67817   -9.750032  -9.534968  -9.37135
  -9.6135    -9.14283   -9.903558  -9.365898  -9.14022   -9.306448
  -9.436832  -9.568318  -9.737214  -9.524992  -9.579512  -8.97144
  -9.17241   -9.690466  -9.302446  -9.64308   -9.607526  -9.19097
  -9.82752   -9.470066  -9.301228  -9.389504  -9.054902  -8.779692
  -9.184242  -9.825664  -8.83601   -8.88183   -8.992378  -9.286728
  -9.162666  -9.378658  -8.49845  -10.916122 -10.232302 -10.606402
 -10.041656 -10.248136  -9.695744 -10.848842  -9.99891  -10.532626
 -10.241408 -10.201736  -9.746958 -10.339254 -10.680236  -8.626572
 -10.102962  -9.455044  -8.938032  -9.02596   -9.673878 -10.805806
 -10.281196 -10.482514 -10.367964  -9.799622 -10.270408  -7.241938]"
314,[-8.292434 -7.34715 ]
315,"[ -9.58392   -9.659262  -9.734198  -9.438108  -8.791408  -9.186562
  -9.218288  -9.206862  -9.415894  -8.610912  -9.52389   -9.514088
  -9.598652 -10.233462  -9.001832  -8.591714  -9.44675   -9.085062
  -9.505098  -9.638208  -9.11064   -8.980082  -9.111162  -8.903
  -9.437586  -9.26579   -9.253146  -9.272634  -9.427204  -8.787638
  -9.80432   -8.763162  -9.31741   -9.697716  -9.099852 -10.078428
  -9.094168  -9.18082   -9.503938  -9.173744  -9.425232  -9.462062
  -8.596876  -9.60277   -9.277158  -9.155068  -9.578468  -8.3955
  -9.736344  -9.376686  -9.17966   -9.331098  -9.413342  -9.202918
  -8.754694  -9.475518  -8.971846  -9.72718   -9.059948  -9.510318
  -9.37077   -8.690372  -9.57464   -9.749916  -9.136972  -8.557088
 -10.187352  -9.753164  -8.62199   -9.863944 -10.141068 -11.289236
  -9.341596  -9.139234  -9.606018  -9.455334 -10.007088  -9.13355
  -9.642094  -9.137146  -9.355864  -9.809656  -8.993016  -9.068648
  -9.064066 -10.13231   -9.051944  -9.22606   -7.90714  -10.023792
 -10.266174  -9.184474  -9.49286   -8.736714  -9.609672  -8.83079
  -8.686776  -9.498892  -9.40267   -9.015404  -9.368856  -9.087034
  -9.742434  -8.543632  -9.56043   -8.796454  -9.28435  -10.112648
  -9.221768  -8.602154  -9.587284  -8.049762  -9.085062  -9.397914
  -8.978284  -9.667034  -9.146716  -8.867214  -8.74031   -9.190158
  -9.421868  -9.92641  -10.898896  -9.907502  -9.789124  -9.454
  -8.132296  -8.829166 -10.144606 -10.251906 -11.323978 -10.548402
 -10.005116  -9.734082 -10.87616   -9.27101   -8.085838  -6.997932
  -7.321398 -10.116012 -10.081792  -9.812672  -9.394898 -11.113554
 -11.338884  -9.949146  -9.677938  -8.92881   -8.747096  -7.644226
  -6.717154  -7.707446  -8.925736  -8.151494  -7.945536  -9.3409
  -8.002376  -8.443466  -8.770006  -8.798658  -9.126242  -9.310508
  -8.261056  -9.339798  -9.641862  -9.915564  -9.212256  -9.350992
  -9.511362  -9.810526  -9.496978  -9.636062  -9.962138  -9.792894
  -9.654332  -9.728804  -9.103622  -8.356872  -8.039902  -9.2307
  -9.91046  -10.22859   -8.264884  -6.703698]"
316,"[ -9.448954  -8.402402  -9.422506  -9.171424  -9.377672  -8.85022
  -9.219158  -9.023698  -9.517394  -8.69391   -8.743848  -9.283306
  -9.07033   -8.757826  -9.969736  -7.983468 -10.206666  -8.470088
  -9.523252  -9.378426  -8.685674  -9.30639   -8.647104  -9.705198
  -8.572864  -9.22606   -8.462084  -9.216606  -9.03814   -9.590764
  -8.638462  -8.36621   -9.040112  -9.277042  -8.938206  -9.55898
  -8.577504  -9.715348  -8.960072  -8.867504  -8.823888  -8.514342
  -9.772652  -8.521708  -8.31024   -9.218056  -9.04626   -8.663634
  -9.043476  -8.572284  -8.858688  -8.49178   -8.696984  -9.46792
  -8.731204  -9.892364  -8.42885   -9.219042  -7.895772  -9.80751
  -8.127714  -9.768882  -8.709106  -9.296762  -9.003978  -9.1785
  -8.677728  -8.883628  -8.141576  -9.281218  -8.823192  -8.630342
  -9.297168  -9.879894  -8.857702  -8.876842  -8.896388  -9.1002
  -9.548134  -8.713572  -9.159592  -8.930782  -8.771166  -9.851996
  -9.221072  -8.776502  -9.30407   -8.07882   -9.022364  -9.465542
  -8.28153   -9.574872  -9.010184  -9.2684    -9.522962  -8.656616
  -9.250594  -9.18807   -8.841926  -8.69507   -8.841868 -10.255966
 -10.699434 -11.063268 -10.959738 -10.73203  -11.513522 -10.54266
  -8.92678   -9.907444 -10.533438 -10.560408  -9.18343   -8.76206
  -7.355154  -8.168778  -8.059912  -8.591888  -7.974072  -8.303802
  -7.379978  -7.470864  -8.092972  -9.281044  -7.598928  -9.330402
  -9.700616  -9.375584  -8.248818  -9.239922  -9.343858  -9.141032
  -9.744812  -8.83456  -10.039162  -9.128388  -9.765286  -9.561068
  -9.309406  -6.169402  -5.711666  -6.326466  -7.033312  -9.072824
  -8.761886  -9.018072  -9.34989   -6.385394  -5.89019   -7.101694
  -6.00126   -8.427864  -8.562772  -9.395942  -7.196002  -8.9378
  -9.467688  -9.85333   -9.787094  -9.876704  -8.674944  -9.019232
  -9.943636 -10.37707   -7.408108  -7.203078  -5.365174  -6.484516
  -7.582108]"
317,"[-12.161788 -10.804124 -10.578272 -10.145128 -10.761494  -9.760124
 -10.316576  -9.7527    -8.727202  -8.45379   -9.14051   -6.969106
  -6.850496  -8.021458  -8.527914  -9.396464  -8.479426  -7.65368
  -7.226858  -7.612848  -7.596666  -8.266856  -8.122726  -6.535208]"
318,"[ -8.538586  -8.965002  -8.284778  -8.82702   -9.69615   -8.977066
  -9.39803   -9.575684  -8.473858  -8.847784  -9.684144  -8.61445
  -9.545118  -9.773058  -9.45603   -8.52484   -8.446134  -8.38854
  -8.023256  -9.239864  -9.589024  -8.879626  -8.96477   -8.756434
  -8.775458  -8.614624  -7.88887   -9.908488  -8.742688  -8.855846
  -8.961174  -9.986266 -10.155452 -10.103484  -9.4598   -10.307702
 -10.281544  -9.83332   -9.994734  -9.63641   -9.227278  -9.849386
  -9.293978  -9.835524  -7.641384  -8.817624  -9.308304  -9.739244
  -9.666976 -10.477004 -10.74479   -9.477838 -10.214496 -10.26716
 -10.24541   -8.706728  -8.11855   -7.166886  -6.841622  -7.302316
  -7.984802  -8.860196  -7.115092  -7.353588  -7.499632  -8.150334
  -6.874218  -5.900862]"
319,"[ -9.032224  -9.442052  -9.900832  -9.139582 -10.32226   -9.862726
  -9.38382   -9.796954  -9.186388 -10.40027  -10.033768  -9.412008
  -8.974688 -10.123552  -9.232846  -9.77039   -9.54071   -9.462816
 -10.387394 -10.574212 -10.876276 -10.445104 -10.24135  -12.342864
 -10.686442  -9.840106  -8.193486  -8.937626  -9.707866  -9.086454
  -9.444256  -9.078566  -9.725324  -8.413306  -7.442328  -5.972028
  -7.353994  -9.371002  -8.150392  -9.407832  -8.230896  -9.165102
  -9.860986 -10.356596  -9.625912  -9.790748  -9.321412  -9.774624
  -8.825744  -9.69267   -9.928092 -10.323652 -10.369008  -8.60981
  -9.32901   -9.300648  -9.224436 -11.101838 -11.160476  -6.464564]"
320,"[-12.245946 -12.583448  -9.178848  -7.444706  -8.296842  -8.847146
  -8.49671   -7.596318  -8.47612   -8.243656  -9.12514   -7.384444
  -7.553688  -9.040576  -8.87342   -8.656616  -8.948472  -9.603698
  -9.633104  -9.759138  -9.164928]"
321,"[ -9.711172  -9.2017    -9.16052   -9.764996 -10.008538  -9.069576
  -9.219274  -7.67253   -9.817602  -5.784746]"
322,"[-10.730754 -10.646016 -11.842324 -11.321774 -11.432612 -11.537708
 -11.45471  -11.937908 -10.839504 -12.028852 -10.321564 -11.212792
  -9.906342  -9.033036  -7.844384  -6.503598  -6.500756  -9.66251
  -8.610332  -9.199148  -9.123226  -8.01618   -8.805096  -8.204448
  -9.215562 -10.06387   -7.385546  -5.656682  -5.89106   -8.206826
  -9.172294  -7.85987   -6.545416  -9.065748 -10.520562 -10.023154
  -9.955874  -9.92757   -8.752258  -9.257496  -9.352906  -9.838018
  -8.767918  -6.377622  -5.10806 ]"
323,"[-10.216816 -10.401778 -10.340066 -10.24367  -10.00181  -10.618872
 -10.040264 -10.078602 -10.362222 -10.28862  -10.367384  -9.077
  -9.353718  -6.769992  -7.490584  -9.286902  -8.616654  -9.550396
  -7.176224  -8.395152  -9.488684  -9.714652 -11.541362 -10.717936
  -9.722192  -5.154924]"
324,[-10.243728  -6.788494]
325,"[-8.676336 -8.813332 -8.856774 -8.96767  -9.016796 -8.276774 -8.880032
 -9.012968 -8.210596 -8.001506 -5.983222]"
326,"[-10.918152 -11.174222 -11.02638  -10.798556 -11.598782 -11.058976
 -10.447714 -10.65982  -11.33871  -11.102476 -11.258496 -10.861602
 -10.642246 -10.510064 -11.224566 -11.580454 -11.495658 -10.56934
 -10.47915   -8.080792  -7.222276  -5.09414 ]"
327,"[ -7.336246  -8.485284  -8.97057   -7.451724  -6.29126   -8.15741
  -8.090188 -10.429154  -9.014418  -5.46911 ]"
328,"[-10.00036   -9.021262  -8.258272  -9.855882  -9.789646  -9.14747
  -9.727412 -10.308978 -10.505308 -10.815202 -10.603038  -9.902572
 -10.189614 -11.461206 -10.208696 -11.531792  -9.767606 -10.028838
  -9.806466 -10.359322 -10.801688  -9.324312 -11.407034 -10.658892
 -10.7445   -10.171808 -10.733016 -11.215344  -9.029962  -7.311712
  -7.58408   -8.012236  -8.27225   -8.49555   -8.385814  -8.604358
  -9.075608  -8.603198  -8.210944  -8.157874  -9.695106  -7.251334]"
329,"[-8.906886 -8.3404   -8.611782 -8.502684 -9.497616 -8.596006 -8.17568
 -8.569036 -8.341966 -8.612652]"
330,"[ -8.798774  -8.81861   -9.29885   -9.195262  -9.912606  -8.233448
  -6.569312  -7.319542  -6.919458  -5.46128   -6.999614 -11.423564
  -9.872528  -9.881576  -8.366268  -6.391078]"
331,"[ -9.844282  -9.346874  -9.557008  -9.638846 -10.009002  -9.416474
  -8.987332  -9.266486  -6.123756  -7.215548  -9.03843  -10.14072
  -9.259526  -9.55434   -9.617096  -9.6831    -9.967822 -10.049428
  -9.277738  -9.088948  -9.86232   -9.31335   -9.3931    -7.719104
  -8.99957   -9.853562  -8.005102  -8.81513  -10.443828 -11.463642
  -9.978146  -9.123516  -8.99551   -9.495006  -8.644262  -8.46336
  -9.677068  -9.714942  -8.986462  -8.565092 -10.591438  -8.31981
  -8.341328  -9.921364  -8.496884  -7.723686  -6.70335 ]"
332,[-7.72734 -7.32627 -7.49186 -7.94049]
333,"[ -8.04547   -9.294152  -8.215758  -8.030564 -10.266696  -8.464694
  -9.819574  -9.418272  -8.638462  -9.541754  -9.077812  -9.495992
  -8.33721   -9.464208  -9.268458 -10.33154   -9.810932  -9.455972
  -9.73211  -10.937002 -10.871462 -10.617654 -10.843448 -10.443538
 -10.093914 -10.768744 -10.736496 -10.869954  -9.833436 -10.079182
  -9.34438   -9.307086  -9.916086  -9.851184  -9.746842  -9.074796
  -9.00653  -10.05952   -9.869976  -9.72892   -9.518612 -10.022806
  -9.261382  -9.409514  -9.341422  -7.811962  -7.41472   -8.061478
  -9.07787 ]"
334,"[ -9.745392 -10.066016 -10.372082  -9.57493   -9.435904  -8.928868
  -7.522832  -8.939888  -9.554978  -9.343974  -8.560278  -9.391476
  -9.138248  -9.630262  -9.994908  -8.60401   -8.47902   -9.26927
  -9.306564  -8.412494  -8.83688   -8.40449   -9.593432  -8.631096
  -9.667324  -9.805654  -9.420476  -5.716596]"
335,"[ -9.067836  -9.765576  -9.554572  -9.123922  -9.6657    -9.691046
 -10.854526  -9.11847   -9.734024  -8.984606  -9.740694  -9.781642
 -10.088114 -10.643522 -12.1974   -10.998714 -10.392556  -9.52447
 -11.081422 -10.530944 -11.716232 -10.58181  -11.345322 -10.297726
 -11.333316 -11.944462 -11.863552 -11.929614  -9.970722  -9.14486
 -11.503952 -10.32284  -10.501306 -10.748328 -11.123182 -10.822858
 -10.57137   -9.992356 -10.54962  -10.172504  -9.294036  -9.55782
 -10.809286 -11.106362 -11.563808 -10.975978 -11.418808 -11.204092
  -9.982148 -10.658892 -10.014976 -10.922676 -10.019384  -9.599348
  -9.922582  -9.730718 -11.321426 -10.349462 -11.385922 -11.456218
 -11.173642 -11.194406 -10.523752  -9.37309   -9.534852  -9.600624
  -9.100548 -10.313212 -10.283516  -9.315496  -8.90416   -9.304476
  -9.596042  -8.688864 -10.809692  -9.880358 -10.009582 -11.163724
 -10.534308 -10.031274 -10.402126  -8.156424  -6.45192   -6.03983
  -7.718466 -10.377302  -8.424674  -7.2326    -8.537658 -11.258496
 -10.428632 -10.88921  -10.213742  -9.332606  -8.238494 -11.389402
  -9.747016  -9.369842  -8.396312  -8.912396  -8.826904  -9.407194
  -6.981808  -6.921894  -8.478498  -7.624216  -8.97434   -8.1954
  -6.493564  -8.000462  -7.89235   -9.848748  -9.511362 -11.097546
 -12.128902 -12.186032 -11.683114 -12.176868 -11.190114 -12.116432
 -11.877356 -11.514682 -10.671014 -11.929556 -11.225784 -12.180058
 -11.570362 -11.679286 -11.674588 -11.835306 -10.189498 -11.146672
 -10.794844 -11.563866 -11.12817  -10.858122  -9.34902  -11.951306
 -10.613478 -10.327132 -10.748502  -9.100374 -10.694504 -10.244772
 -10.522998 -10.425906  -9.971534  -9.310972  -9.642036  -8.607316
 -10.428922 -10.289374 -10.470102  -9.803276 -10.14188  -10.641492
  -8.707772  -9.688552  -8.796512  -8.188208  -7.870194  -7.813934
  -8.187048  -9.29131   -9.925076  -9.27768  -10.394412 -10.280674
  -9.162028 -10.887818 -10.79554   -8.303164 -10.71811   -9.385734
  -9.90205  -10.481876  -9.337246 -10.01689   -9.182908 -10.532104
  -9.57754   -9.859362  -9.340494  -8.931942  -9.437586  -9.147876
 -10.393716  -9.403366 -10.257068  -9.710302  -9.759196  -8.620018
  -9.930934  -9.848632  -9.209646  -9.329822  -9.651026  -9.23998
  -9.088774  -9.904544 -10.600196  -9.78547  -10.151972  -9.281682
 -10.405606 -10.555072 -10.072918  -9.038894  -9.617502 -10.376316
  -8.544328  -9.78634   -9.775146 -10.30602   -8.701102 -10.038118
  -8.78584   -9.821024  -9.326226  -9.22809   -9.470298  -9.664656
 -10.705002 -11.328734 -11.725918 -11.397986 -11.11947  -10.48814
 -10.377012  -8.948588 -10.704016 -10.713934 -10.472422 -10.432866
  -9.385096  -9.078218 -10.45479  -10.529552 -10.1297    -9.60886
  -9.91423   -9.532184  -9.818124 -10.686094 -10.75117  -10.050066
 -10.05082   -9.6889    -9.853678 -10.210378  -9.508462  -8.789494
  -9.381558  -9.90495   -9.989688 -11.022378 -10.315706  -9.894046
  -9.333128 -10.309442  -9.88349   -9.48445   -9.884012 -11.144874
 -10.62183  -11.333896 -11.110306 -10.350854 -10.482398 -10.519692
 -10.78075  -10.511804  -9.330924 -10.156728 -10.076108 -10.124074
  -9.88958   -9.717262  -9.933312 -10.17755  -10.328582  -9.314916
 -10.28166  -10.108472  -9.601784 -10.03545   -9.58711   -9.95222
  -9.515886  -9.48822  -10.162528  -9.7585   -11.524078 -11.750278
 -11.538346  -8.559988  -6.207624  -7.398422  -7.718466  -6.86604
  -5.506288  -6.703756  -8.712934  -9.219796  -9.797534 -10.01167
 -10.17204  -10.475728  -9.39919  -10.395224  -9.582644  -8.501988
  -7.81782   -8.756376  -8.534932  -8.289418  -8.230432  -8.78874
  -8.489054  -8.462026  -8.66114   -8.4738    -7.773682  -8.718386
  -9.139176 -10.201098  -7.57886 ]"
336,"[ -7.225408  -9.28232   -7.874022  -7.748394  -7.251218  -7.579614
  -8.712586  -8.333904 -10.284096  -8.499494  -8.692866  -8.004116
 -10.166124  -9.000092  -8.960362 -10.267044  -8.204042  -6.61084
  -8.175738  -7.382472  -7.665628  -6.413524]"
337,"[ -9.117368  -8.82789   -9.253088  -9.328024  -9.378368  -8.908278
  -9.221884  -9.075318  -8.947834  -9.273272  -9.14312   -9.733038
  -8.936176  -9.142192  -9.518612  -9.917014  -9.786456 -10.00152
  -9.899556  -6.140344]"
338,"[ -9.259468  -9.916492  -9.865916  -8.25717   -8.960768  -9.841904
  -9.557762  -8.130788  -9.576148  -8.941802  -9.187896 -10.474858
 -10.304222  -9.15617   -9.637454 -10.150116  -9.99485  -10.437448
 -10.037828  -9.773986  -9.804088 -10.401662  -9.952162 -10.672116
 -10.0572   -10.407462  -8.79947   -9.158432  -8.23513   -9.48764
  -8.44799   -9.70746   -9.033268  -8.786826  -9.506374  -8.920864
  -9.307782  -9.93163   -9.191666  -9.44298   -9.46589   -9.478534
  -8.306586  -9.379934  -9.318164  -8.44538   -8.12232   -9.65671
 -10.251616  -9.120732  -9.416532 -10.7793   -10.667418 -10.780866
 -11.471472 -11.21952  -11.163318 -10.784694 -10.554202  -9.989572
  -8.169416  -8.718734 -11.72934   -8.629878  -9.052582  -7.419824
  -9.609266  -8.817798  -9.330866 -10.365644  -9.010996  -9.001774
  -8.877248  -7.699442  -8.583072  -7.392854  -8.078124  -8.98072
  -9.74951   -9.876008 -10.019732  -9.298908  -9.42645   -9.116672
  -9.871716 -11.025104 -10.905392 -10.774022 -10.501364 -10.725012
 -10.905798 -10.436172  -9.994212 -10.207362 -10.46494  -10.119376
 -10.42666  -10.534656 -10.675886 -10.692938 -10.327248  -9.473952
 -10.359496  -9.85217   -9.867192 -10.829122  -9.593316  -9.350122
  -9.848574  -9.759602  -9.946478  -9.787384 -10.2051   -10.239726
 -10.35184   -9.597376  -8.912802  -8.624368  -9.2626    -9.075434
  -9.413284  -9.464846 -10.245004 -11.488118 -10.726172 -11.191506
 -10.397254  -9.988006 -10.126742  -9.934762 -10.261128 -11.121268
  -9.049624  -9.206456  -9.28     -10.321448 -11.476228 -10.785854
  -9.0393   -11.000454 -10.36779  -10.013236 -10.90574  -11.197712
 -11.276418 -10.85267  -11.385284 -10.18596  -10.704364 -10.831732
 -10.79844  -10.630182 -10.95591  -10.680468 -10.721996 -11.188374
 -10.278122 -10.99419  -10.479556 -11.055032 -10.797686 -11.15398
 -11.05509  -10.658428  -9.863944 -10.716022 -10.908466 -10.646828
 -10.777966 -10.571834 -10.707264 -10.303584 -10.896344 -10.117926
 -10.44406  -11.079856 -10.631806 -10.276614  -8.535802  -8.754636
  -9.253088  -7.037082  -8.21338   -8.54108   -7.508448  -9.281044
  -8.547808  -8.441146  -9.359402 -10.289258  -8.69275   -8.085664
  -9.30581  -10.091014  -9.309754  -7.425856  -7.205282  -7.840672
  -5.38762   -5.566666  -6.83733   -7.507346  -6.801834  -7.246462
  -9.966024  -9.611992  -9.019     -7.507984  -7.961776  -9.490018
  -8.355944  -7.0963    -8.27138   -7.883128  -9.566636 -11.05016
 -10.707844 -10.796526 -10.816362 -10.905798  -9.896946  -9.181922
  -9.445068  -8.919878  -9.698238  -9.9963   -10.50989   -9.69992
 -10.619336 -10.33009   -9.35801   -8.632256  -9.439442  -9.213764
  -9.95773   -9.40557   -9.552078  -8.586146  -9.26579   -9.45458
 -10.43449   -8.31314  -10.853366 -10.906378 -11.187794 -10.433272
  -9.372916  -9.064472  -9.859246  -9.026714  -9.548018  -9.720858
  -9.9528   -10.312458  -8.743616  -8.710266  -8.991276  -8.99522
  -9.673994  -9.428074 -10.180392 -10.02704   -9.21939   -8.185714
  -9.506084  -8.224052  -9.300184  -9.1089    -8.74611   -8.913962
 -10.112764 -10.646132 -10.394064 -11.10294   -9.291484 -10.01805
 -10.51888  -10.807256 -10.306368  -9.65555   -6.799688  -6.980706
  -6.466536  -7.26131   -8.3172    -9.098228  -9.28406   -9.59059
  -9.953438  -8.98971   -8.013048  -8.127134 -11.126314 -10.514298
 -10.108124  -9.02683   -8.351884  -8.378912  -7.836148  -8.356756
 -10.119608 -10.82976   -9.474822  -8.685674  -8.669376  -8.85776
  -7.820604  -8.953402  -8.631792  -9.68397  -10.304744  -9.899498
 -10.294942 -10.59921   -9.77735   -9.630726 -10.159222  -9.962544
  -9.98789  -10.158816  -9.941606 -10.15348  -10.96751   -9.965328
 -10.06996  -10.452702 -10.427124 -10.694736 -10.297552 -10.496608
 -10.356886 -10.99129   -9.776364 -10.98491   -9.836162 -10.529436
 -10.749488 -10.51279  -10.214148  -8.643682  -9.466644  -9.96411
  -9.202048  -7.576308  -5.710796]"
339,[-5.088746]
340,"[ -8.340458  -9.008096  -8.085258  -8.35287   -7.122284  -5.428046
  -5.930616  -8.642348  -9.18662  -10.644798 -10.548228 -12.01963
 -10.218672 -10.225342  -9.675096  -9.281856  -9.995024  -9.855244
 -10.694852 -10.428632 -10.01834  -10.0978    -9.944158 -10.214902
  -9.965792  -9.51635   -8.253168  -9.032166  -8.485864  -8.752896
  -8.755274  -9.627246  -9.418794  -8.6768    -8.550302  -9.174962
 -10.07228   -9.293978  -9.864118 -10.39737  -10.929056  -9.943056
 -10.000998  -9.90495  -10.4313   -10.725244  -9.693076 -10.535526
 -10.425384 -11.297472 -10.341168  -9.248912  -9.70572   -7.453522
  -6.945036  -8.100396  -6.20948   -6.369444]"
341,"[-12.451962 -12.973092 -12.711628 -12.780532 -11.911286 -12.893226
 -12.557638 -12.436012 -12.809938 -13.025234 -12.369486 -12.157612
 -12.56947  -12.411014 -12.929882 -12.694228 -12.314502 -12.606706
 -12.448772 -12.781228 -12.4932   -13.129112 -12.671724 -12.200068
 -12.432532 -13.02332  -12.473074 -12.981328 -12.657572 -12.449004
 -12.553056 -12.951516 -13.028366 -12.441928 -12.860282 -12.82699
 -12.717254 -12.704842 -12.415828 -12.715572 -12.832964 -13.021638
 -13.00186  -11.980074 -12.631762 -12.774558 -12.72665  -12.222862
 -12.2641   -12.258126 -12.390946 -12.298088 -12.77827  -12.341182
 -12.531422 -12.578518 -12.584492 -12.863704 -12.8615   -12.37343
 -12.70461  -12.762378 -12.684136 -12.593598 -12.905406 -12.33921
 -12.520228 -12.700318 -12.940902 -12.256618 -12.950704 -12.912598
 -12.66546  -12.219846 -13.20921  -12.827048 -12.617958 -12.596092
 -12.635648 -12.673928 -12.749444 -12.961202 -12.400458 -12.15303
 -12.295536 -12.860978 -12.411536 -12.896358 -13.018564 -12.72636
 -12.931332 -11.995328 -12.768352 -13.084394 -12.75159  -12.500682
 -12.661458 -12.73129  -12.655542 -12.361076 -12.941192 -12.431198
 -12.14462  -12.236318 -12.702696 -12.534496 -12.263404 -13.177426
 -12.884526 -12.808488 -12.542848 -12.8586   -12.75681  -12.50944
 -12.431604 -13.092688 -12.275468 -12.426036 -12.350868 -12.89137
 -12.187366 -12.463272 -11.406628 -12.384682 -12.531016 -12.92298
 -12.667432 -10.71753  -12.968394 -12.60282  -12.720096 -12.392512
 -12.23278  -12.655078 -12.963464 -12.843056 -12.642492 -12.63385
 -12.718356 -12.697534 -12.758376 -12.585536 -12.630486 -12.964856
 -12.695272 -12.743586 -12.867706 -12.531074 -12.439608 -12.901462
 -12.680888 -12.456718 -11.925438 -12.413914 -12.65009  -13.200974
 -12.696374 -12.431372 -12.815912 -12.11301  -12.793234 -12.48595
 -12.676016 -12.496042 -12.289446 -12.758376 -12.464664 -12.235042
 -12.933188 -12.812722 -12.785694 -12.456544 -12.64371  -12.864458
 -12.591046 -13.030802 -12.482122 -12.66169  -12.584144 -12.616624
 -12.526724 -12.721082 -12.960506 -12.903666 -12.73709  -12.567846
 -12.739932 -13.152428 -12.447612 -12.856106 -12.683034 -13.056264
 -12.5309   -12.670448 -12.998844 -12.832674 -12.644232 -12.960796
 -12.117302 -12.621902 -11.1331   -12.60833  -12.705364 -13.017752
 -12.752866 -12.701942 -12.620916 -12.589422 -12.627934 -12.556478
 -12.331264 -12.717254 -12.738192 -12.432706 -12.747414 -12.308006
 -13.055684 -12.896532 -12.526144 -12.417104 -12.857092 -12.947688
 -12.666098 -12.71302  -12.77769  -12.807096 -12.813012 -12.518198
 -12.942642 -13.13062  -12.850016 -13.136536 -12.990724 -12.713194
 -12.971062 -12.750372 -12.653048 -13.042518 -12.597078 -12.421628
 -12.472668 -12.591684 -12.764002 -12.613318 -12.377374 -12.973904
 -12.680598 -12.899026 -12.55468  -12.720386 -13.070706 -12.686224
 -12.77624  -12.216076 -12.424238 -12.296928 -13.045824 -13.076912
 -12.489488 -12.339094 -12.568658 -12.826526 -12.819566 -12.360032
 -12.328596 -12.441116 -12.408578 -12.659138 -12.42853  -12.723576
 -12.870838 -13.057192 -12.603632 -12.816086 -12.90877  -12.354464
 -13.02912  -12.76261  -12.408056 -12.552882 -12.74318  -12.469014
 -12.643072 -12.501784 -13.156372 -12.530146 -12.85773  -12.822756
 -12.784476 -12.902274 -12.71911  -12.581534 -12.831688 -12.72868
 -11.970504 -12.628688 -12.570282 -12.6034   -12.19972  -12.747124
 -12.848508 -12.621032 -12.150304 -12.451034 -12.517792 -12.878784
 -12.95227  -12.629964 -12.900012 -12.45289  -12.843404 -12.953546
 -12.946238 -12.575038 -11.586254 -13.028598 -13.073258 -12.605894
 -12.694576 -12.65415  -12.783838 -12.626484 -12.575908 -13.011952
 -12.71302  -12.583738 -13.178876 -12.756636 -12.469884 -12.731406
 -12.43462  -12.76319  -12.54598  -12.666852 -12.675088 -12.83598
 -12.635242 -12.615232 -12.912482 -12.953546 -13.150688 -12.487052
 -12.342342 -12.285212 -12.888354 -12.899606 -12.71766  -12.252268
 -12.896474 -12.997046 -12.89543  -12.760638 -12.674682 -12.902506
 -12.918398 -12.761102 -12.96503  -12.780764 -12.808662 -13.09698
 -12.788826 -12.63907  -12.508396 -12.73361  -12.720038 -12.524462
 -12.58339  -12.727694 -12.509324 -12.913004 -12.494128 -12.617784
 -12.218048 -12.696664 -13.036022 -12.79219  -12.920486 -12.84091
 -12.6121   -13.05493  -12.468376 -12.69011  -12.582404 -12.494766
 -12.66343  -12.87455  -12.83917  -12.682164 -12.58455  -12.705016
 -12.622888 -12.815158 -12.641622 -12.97518  -12.969264 -12.268044
 -12.794858 -12.415828 -12.897054 -12.954996]"
342,"[-10.318374  -9.269096  -9.582876 -10.967626 -11.20879   -8.30734
  -8.4158   -11.03392  -11.106652 -10.859282 -10.65315  -11.120688
 -11.499834 -11.751902 -11.0693   -10.805342  -9.13877   -7.907604
  -7.65948   -6.474308  -8.236928  -7.731864  -7.782846]"
343,"[ -9.943172  -9.562866  -9.28377  -10.189382  -9.957382  -9.679156
  -9.339798  -9.725904 -10.339254  -9.671384 -10.18306   -8.917094
 -10.137878  -9.865568 -10.318664  -9.51432  -10.098786  -9.241314
  -8.938322  -9.845964  -9.800724 -10.807488  -8.70058   -9.913998
  -9.522034  -9.616748 -10.00123  -10.285662 -10.36924   -9.608976
  -9.586936  -9.204368  -9.95019   -8.909438  -9.90437  -10.356596
  -9.350354 -10.362976  -8.99986   -8.82209   -9.782976  -8.615726
 -10.179812  -9.90495   -9.728746 -10.034348  -9.334984  -9.810526
  -9.996242  -9.367406 -10.33966  -11.10787  -11.0983   -10.68621
 -10.568412 -10.317098 -10.281196  -9.931456  -9.787442 -10.824366
  -9.144454  -8.228054  -9.395768  -7.985556  -9.82346   -7.144672
  -7.56842   -8.782244  -9.10281   -9.540768  -8.350376  -7.710694
  -8.604996  -8.137168  -8.908974  -9.052176  -9.429988  -8.149928
  -8.95288   -9.656768  -7.022408  -7.26073   -7.760458  -9.479404
 -10.14739  -10.11607   -9.602712 -10.042352  -9.442864  -8.983736
  -9.349716  -9.39716   -8.026098  -7.25319   -8.07331   -8.66752
  -6.360918  -7.496558  -8.234086  -9.077754  -8.169648  -7.168278
  -7.432178  -7.698224]"
344,"[ -9.541696  -9.97629   -9.402902  -9.613848 -10.023966  -9.638034
  -9.88001  -10.119202  -9.815862  -9.88465   -8.989942  -8.437724
  -9.735474  -9.619126  -9.814644 -10.346562  -9.40093  -10.533554
  -9.88291  -10.187062  -9.438456  -9.019     -8.397008  -8.872956
  -9.738548 -10.024256  -9.84086   -9.61698   -8.18641   -9.652418
 -10.268552  -9.51896  -10.454616 -10.215888 -10.103368 -10.421846
 -10.038524 -10.07286   -9.339102  -9.643776 -10.099946  -9.466876
  -7.328416  -7.236544  -7.760574  -8.895982  -8.143432  -8.82383
  -7.45532   -7.489888  -7.427306]"
345,"[ -9.664308  -9.692496  -9.797418  -8.187222  -8.97463   -9.790632
 -10.658718 -10.306426 -10.708366  -9.05206   -9.855708  -9.970548
  -9.7875    -7.950118  -8.7522    -5.870238]"
346,[-8.158048 -7.70211  -8.277818]
347,"[ -9.715522  -8.549722  -7.437282  -8.513182  -8.171852  -8.482616
  -7.742942  -9.290788  -9.184416  -9.75676  -10.616726  -9.44878
  -8.787522  -8.995162  -9.094052  -6.918182]"
348,"[-6.48875  -7.414546 -7.103898 -7.375164 -8.45843  -7.82246  -8.222486
 -8.168372 -8.581912 -8.385524 -7.695788 -6.150378 -6.25472  -8.757884
 -9.384168 -5.81537 ]"
349,"[ -9.216896  -8.876146  -9.440602  -8.394688  -9.139756  -7.790908
  -7.248608  -6.756884  -8.847784  -9.135638  -8.847088  -9.728746
  -8.990812  -9.222928  -9.840802 -10.755404 -10.764394 -10.705988
 -10.13666  -10.457052 -10.146172 -11.152646  -9.94178   -9.21475
  -7.217868  -7.627     -9.048754  -6.529582  -6.817842  -9.176006
  -8.40478   -8.930898  -9.440196  -8.999976  -8.529538  -8.267494
  -7.782904  -8.663866  -7.190666  -7.51071   -7.471966  -8.803298
  -8.495144  -8.249224  -7.543364  -7.188752  -9.05206   -8.676394
  -8.900506 -10.233926  -6.61316   -5.45519   -5.42271   -6.80398
  -8.643566  -5.575424  -6.412538  -8.228982  -6.908496  -9.603872
 -10.47219   -9.561126  -9.682288  -9.320194  -9.863538  -8.88966
  -8.869708  -8.330192  -7.827332  -9.208834  -8.732074  -9.98238
 -10.685398  -9.87276  -10.158758  -9.795098  -9.482304  -8.933682
  -9.088194  -9.629508 -11.725976 -12.619756 -12.516516 -12.797584
 -12.46478  -12.979588 -12.792306 -12.545284 -12.850306 -13.276142
 -12.992522 -12.40069  -12.49436  -13.050232 -11.793488 -13.228292
 -11.180602 -12.850828 -12.376214 -12.04689  -12.797932 -11.830318
 -12.978718 -12.9804   -12.679554 -12.759478 -12.261896 -11.37061
 -12.773746 -12.991362 -13.179572 -12.474988 -12.866952 -12.83047
 -11.737402 -12.42563  -10.621482 -10.278528  -9.24839   -6.509688
  -6.889182  -9.096662  -9.131056  -9.542334  -9.173396  -9.363288
  -9.412646  -9.450114  -9.543204  -9.961558  -9.465194  -9.857622
 -10.66504  -10.365006 -10.42724  -10.510006  -9.919566  -8.986404
  -7.654318  -7.919842 -10.251036  -9.519598  -9.51867  -10.943208
  -9.573132  -8.169764  -8.537194  -9.595926  -9.407194  -8.83166
 -10.61922   -9.609962  -9.604104  -9.972056  -9.558342  -9.982032
 -10.551418  -9.642848  -8.87371   -9.657986  -9.351456  -7.503112
  -9.437006  -9.56971  -10.195066 -10.831674 -10.417728 -10.195994
  -9.467398  -9.009314  -6.835126  -6.92897   -8.76496  -10.475496
  -8.497406  -6.654688  -7.559198  -8.707482  -7.70066   -7.063472
  -8.254038 -11.010894 -10.78423  -10.897272  -9.816964 -10.364774
  -9.346236  -8.81339  -10.274468 -10.182944 -10.54121   -9.868468
  -9.471458  -9.787268 -10.610172  -9.198104 -10.208406 -11.003006
 -10.013352 -10.765148 -10.514356 -10.052386 -11.122428  -9.021726
  -9.041504  -8.197314  -9.38469   -8.633474  -8.351942  -6.896316
  -8.957288  -9.50185  -11.479302 -10.053546 -12.109588 -10.427414
 -10.956316 -10.992334 -10.139618 -10.734292 -11.005732 -11.73746
 -11.28825   -9.673762  -7.971056  -8.729986  -9.229656 -10.180972
  -8.929332  -9.125604  -8.89604   -9.555558 -11.314118 -10.834864
 -12.28092   -9.76024   -9.021146  -9.14979   -9.112728  -9.645516
  -8.858862  -6.24138 ]"
350,"[ -9.576206 -10.14159  -10.25759  -10.292796 -10.448874  -9.501038
  -9.93366   -9.635888  -9.745276  -9.900136  -9.210284 -10.218324
  -9.889812  -9.820212  -9.941316  -9.871658  -9.862668  -9.901876
 -10.298306  -9.781816  -9.847124 -10.133122  -9.90147   -9.000324
  -9.560546  -9.375178 -10.167806 -10.255444  -9.308362  -9.570812
 -10.23671  -10.190542  -9.58827   -9.694062  -9.895438 -10.116128
  -9.521222  -9.946304 -10.012134  -8.88821   -9.975014  -9.552368
 -10.01718   -9.625854  -9.226524  -9.844688  -9.356966 -10.33009
  -9.960282 -10.124016 -10.324638 -10.272438  -9.43457   -9.215214
 -10.303642  -9.207326  -9.07758   -9.79794   -9.811744  -9.616284
  -9.469254 -10.046702  -9.634554 -10.124132  -9.793242  -9.602016
  -9.72428   -9.442864  -9.05641   -9.362012  -9.633394  -6.085534
  -5.774016  -7.198844  -8.340922  -9.286786 -10.000882 -10.094552
  -9.31538   -9.96527   -8.65273   -9.315032  -9.116614  -8.067336
  -8.590554  -9.344844  -7.54377   -8.588582  -6.938076  -7.261716
  -9.427262  -8.952532  -9.21649   -7.220014  -5.392434  -5.07065
  -5.727732  -8.925446  -9.250942  -7.630132  -6.57981   -8.396486
  -7.83203   -8.889602  -8.685326  -8.542994  -8.385408  -9.034718
  -8.54108   -7.829768  -9.125488  -8.552564  -8.192326  -8.296494
  -8.388192  -8.503554  -7.83957   -8.148014  -8.537484  -8.321202
  -8.94331   -8.903     -8.753882  -8.11101   -8.466086  -9.100548
  -8.679062  -7.786674  -9.525456  -9.15878   -7.154416  -8.872782
  -8.56602   -9.304128  -8.264246  -8.771688  -8.420672  -8.01966
  -8.251486  -9.1205    -6.950082  -9.261904  -9.500864  -8.468232
  -8.082358  -7.145716  -8.156598  -8.170054  -8.362672  -8.841172
  -8.030854  -8.349216  -8.138038  -7.644226  -7.937938  -8.813158
  -8.29806   -8.568804  -8.430474  -8.666824  -7.784528  -8.315228
  -8.550882  -8.506048  -8.537774  -8.62199   -8.452804  -8.663982
  -7.815152  -8.472872  -8.216454  -8.34852   -8.712064  -8.19424
  -8.65911   -8.704408  -8.557784  -8.255604  -8.37433   -9.002818
  -8.654412  -8.178696  -9.062674  -8.586204  -8.723432  -8.608824
  -8.492012  -8.27254   -8.432504  -8.20555   -8.68985   -8.108632
  -8.602734  -8.613058  -8.937916  -8.871216  -6.725622  -9.094574
  -7.774958  -8.059216  -8.725346  -9.180936  -9.852924  -9.948218
  -9.843992  -8.418352  -9.490366  -8.1896    -8.28356   -8.570544
  -8.76264   -9.343394  -8.710034  -9.13674   -7.459148  -7.818168
  -7.968968  -8.166632  -9.131462  -8.489054  -8.883048  -7.94658
  -7.730124  -7.671196  -9.339624 -10.014222  -9.547902  -8.792278
  -7.096764  -8.021458  -8.666012  -9.33162   -8.659864  -8.171446
  -9.124502  -9.918406  -9.656304  -9.958484  -8.607664  -8.956186
  -8.062812  -8.544212  -8.650004  -7.93788   -8.104978  -9.03495
  -8.261404  -8.283444  -9.58711   -8.975152  -9.095966  -8.901666
  -9.322688  -9.07555   -9.50127   -8.796512  -8.709976  -9.334868
  -8.641362  -9.161448  -8.77279   -8.207464  -8.437956  -8.323058
  -8.612826  -8.838156 -10.28949   -9.867598 -10.262926 -12.162658
 -11.66786  -11.676502 -11.126604 -10.359902  -8.524376  -9.122066]"
351,"[ -9.4685   -10.24309  -10.518822  -8.658298  -9.906168  -8.695012
  -8.044426  -8.676626  -7.704314  -5.96762 ]"
352,"[-10.021356  -9.276346  -9.761168  -8.871216  -9.193754  -8.278862
  -6.92926   -8.702958  -8.536382  -9.804668  -8.300612  -9.49083
  -9.474474  -7.885622 -10.044266  -8.118376  -9.573654 -10.202954
  -7.954584  -9.687276  -8.664562  -8.0765    -9.613094  -8.985012
  -8.258272  -9.307434  -8.805154  -8.833748  -9.096952  -8.632546
  -9.202164  -8.975094  -8.112982  -7.94948  -11.046622 -11.637642
 -10.673044 -11.199858 -11.295384 -10.383972 -10.062652 -11.036414
 -10.418888 -10.432924 -10.555594 -10.490286 -10.481586 -10.150928
 -10.984156 -10.720082 -10.47915  -11.126314 -10.0862   -10.770948
 -10.973368  -9.854026 -10.450266 -10.685862 -10.60704  -10.064334
  -9.283654 -10.665272 -10.210088 -10.053256 -11.38366   -9.11209
  -8.216744  -8.506802  -8.195632  -9.026134  -8.889776  -6.467
  -6.176246  -8.128236 -10.224472 -10.494346  -9.46038  -10.32806
  -9.23563   -7.779192 -10.138458  -9.204542  -7.80477   -8.72378
 -10.564816 -10.063348  -8.950908  -9.77358   -9.021726  -9.140684
 -10.520678 -10.263042 -10.019558  -9.641978  -9.832624  -9.678228
  -8.091116  -6.953736  -9.84579  -10.949356  -9.818704  -9.68252
 -10.822452 -10.476308  -9.694352  -7.698746  -9.313292  -7.355734
 -10.22511   -9.21765   -9.527428  -9.846196 -10.036552  -9.452666
 -10.547648  -9.367     -8.601284  -6.82834   -8.030274  -8.546068
  -7.809004  -7.480144  -7.869382  -8.79802   -8.469218  -6.350536
  -5.88816   -6.600748  -7.107262  -5.711086]"
353,"[ -8.479368  -7.630538  -7.499864  -9.29276   -7.717132  -5.808874
  -7.59046   -7.438036  -5.915246  -5.995286  -7.486176  -9.750844
  -9.267066  -7.138698  -8.51701   -8.522578 -11.090818 -10.231722
 -10.000998  -9.970896 -10.50438  -10.806734  -9.828912 -10.706394
 -10.604604 -10.701696 -10.635054 -11.148528 -10.569166 -10.3965
 -10.51946  -11.03392  -10.111778 -10.38084  -10.503452  -9.2568
  -7.874602  -8.854802  -8.447178  -8.607432  -8.239654 -10.03864
  -9.117368  -8.344344  -9.153328  -8.044484  -9.076246  -9.16052
  -8.627442  -8.85138   -9.203962  -9.304708  -8.726274 -10.300684
 -10.653788  -7.465354  -8.032536  -9.705952  -9.297052 -10.134572
  -9.991138 -10.380202  -9.845036  -8.69565   -7.869962  -8.710904
  -7.56204   -6.001666  -6.745342  -7.979234]"
354,"[ -9.164116  -9.145904  -8.692576  -9.434686  -9.829144  -9.614486
  -9.208602  -9.348266  -9.339914  -9.774682  -9.532242  -9.405106
  -9.368914  -9.309174  -9.589314  -9.468674  -8.762988  -9.23128
  -9.348962  -9.051654  -9.535664  -9.338696  -9.696614  -9.437354
  -9.618952  -9.488162  -9.199264  -9.397624  -9.59494   -9.349716
  -9.122182  -9.30233   -9.54738   -9.352848  -8.91141   -8.904508
  -9.419432  -9.286438  -9.327154  -9.210516  -9.4192    -9.326922
  -9.341248  -9.52998   -9.595114  -9.48068   -9.279478  -9.371234
  -9.375932  -9.525862  -9.460264  -9.419838  -9.553296  -9.347396
  -9.332606  -9.123574  -9.60277   -9.50823   -9.376628  -8.945862
  -8.78787   -9.223566  -9.283422  -8.98043   -9.350122  -9.413168
  -9.30842   -9.388808  -9.523716  -9.200946  -9.576554  -9.529052
  -9.527602  -8.98565   -9.43544   -9.322282  -9.114236  -8.76119
  -9.599348  -9.388402  -8.959782  -9.343742  -9.600682  -9.129432
  -9.010068  -9.37338   -9.054612  -9.213184  -8.817856  -9.221478
  -9.456494  -9.482768  -9.37193   -9.229424  -9.559502  -8.97956
  -9.144976  -9.452028  -9.799158  -9.18836   -9.012852  -9.501212
  -9.375758  -9.246592  -9.548598  -9.539202  -9.408586  -9.41282
  -9.416648  -9.566926  -9.097938  -9.312886  -9.414908  -9.367406
  -9.386894  -9.473662  -9.205006  -9.379876  -9.404062  -9.363984
  -9.570232  -9.421288  -9.40441   -9.397914  -9.447446  -9.512406
  -9.321296  -9.361606  -9.482246  -9.26463   -9.444314  -9.55956
  -9.318802  -9.490714  -9.119746  -9.302388  -9.287308  -9.438804
  -9.12804   -9.423956  -9.238124  -9.437064  -9.314974  -9.408354
  -9.29769   -9.14718   -9.407194  -9.730486  -9.175252  -9.366478
  -9.47575   -8.886876  -8.717052  -9.854316 -10.373822 -10.06938
  -9.685072  -8.277296  -9.846544  -7.883998  -6.514676  -7.237646
 -10.598862 -10.45827   -9.166958 -10.907306 -10.948022 -12.349302
 -13.043388 -12.609722 -12.538034 -13.379498 -13.037356 -13.001802
 -12.250818 -12.93748  -13.403916 -12.925242 -12.516574 -12.295826
 -12.65154  -12.91602  -13.042982 -12.788014 -12.737264 -10.816072
 -10.549562 -10.884454  -9.862726 -10.371502 -11.05596  -10.545908
 -10.475496  -9.616922 -10.238044  -8.182408  -7.309508  -7.780062]"
355,"[ -9.814702  -6.664142  -7.747698  -7.221406  -8.903232  -7.96369
  -8.652556  -9.435324 -10.682788  -9.912548 -10.451426 -10.08823
 -10.643754 -10.261012 -10.62647   -9.689886  -9.914868 -10.713296
  -9.750264  -9.936908  -9.335042  -8.784506  -9.02915  -10.356248
  -8.38129   -7.060166  -6.806068  -7.249362  -8.78787   -9.260164
  -8.869708  -9.335564  -8.131136  -8.855846  -8.457908 -10.154002
  -9.835118  -7.974652  -6.313822  -6.763148  -7.13951   -9.259468
  -9.729674  -9.40354   -8.3375    -8.209262  -5.260774]"
356,"[ -9.966662  -9.677938  -8.94244   -9.764358  -9.453884  -9.746552
  -9.858492 -10.164906  -9.284582 -10.060448  -9.6541    -9.549874
  -9.221768  -8.275034  -9.390142  -9.32988   -8.922952 -10.568412
 -10.555478 -10.28021  -10.633952 -10.490228 -10.475844 -10.642652
 -10.70506  -10.414654  -9.831522  -9.242474 -10.168444  -9.668948
  -9.622722  -9.762212  -9.674342  -9.625622  -9.367406  -9.93482
  -9.759892  -9.666164  -9.484682  -9.273736  -9.85188   -9.52012
  -9.84202  -10.350796 -10.77379  -10.840548 -10.868736 -10.2312
  -9.54796   -8.292434  -9.32263   -9.134942  -8.386568  -7.936662
  -8.684572]"
357,"[ -9.629508  -9.573364  -6.840288  -7.336072  -8.719662  -9.118876
  -8.952358  -9.417692  -8.242148  -8.447062  -9.627652  -8.886354
  -9.245722 -10.218672  -9.666802  -9.007748  -9.246128  -9.26869
  -9.360504  -9.36671   -9.162202  -9.206282  -9.533634  -9.206804
  -9.24926   -9.344264  -9.033152  -8.934088  -9.264804  -9.258714
  -9.078218  -9.72979  -10.280442  -9.559096  -9.435672  -9.81505
  -9.301982  -9.282204  -9.078856  -9.483232  -9.2046    -9.120732
  -8.344576  -7.984976  -8.967032  -9.31944   -8.733292  -9.480506
  -8.842622  -9.713086  -8.819074  -9.25767   -9.25274   -9.422448
  -8.238958  -9.562982  -9.069518  -9.215504  -8.790132  -9.288468
  -9.353486  -9.739186  -9.175948  -9.186156  -9.294094  -9.648358
  -9.081002  -9.340552  -9.306216  -9.814122  -9.61524   -9.222464
  -9.49924   -9.968866 -10.013758  -9.911562  -9.200076  -8.691648
  -8.910482  -9.711984  -9.685536  -9.622606  -7.060804]"
358,"[ -9.647894  -9.312248  -9.362592  -9.790574  -8.86124   -9.30175
  -8.693678  -9.50214   -8.971556  -8.77192   -7.522368 -10.595556
  -9.599464  -9.816674  -9.454232  -6.930536  -6.043484  -8.43842
  -9.346874  -8.192384  -8.707366  -8.021226  -8.97057   -8.452978
  -8.302352  -8.73944   -7.264732  -8.50744   -8.37781   -9.39339
  -8.522114  -8.59067   -9.64395   -9.165508  -8.001564  -8.349854
  -9.321586  -8.99754   -8.569326  -8.60314   -8.765192  -8.273758
  -8.92968   -9.53549   -8.784912  -7.37006   -5.305202]"
359,"[-10.18248   -9.636526  -9.583108 -10.03951  -10.291346  -8.094422
 -10.149594  -8.963494  -8.83137   -9.059658  -9.958194  -9.056062
  -9.63786   -9.30175   -9.141786  -9.910982  -9.681824 -10.234274
  -9.644124  -9.312422  -9.903616  -9.761922  -9.760878  -9.945492
  -9.78025  -10.125176  -9.812904  -9.647836  -9.942476  -9.841904
  -9.604162  -9.560314 -10.157018  -9.905356  -9.163884 -10.343778
  -9.9122    -9.600102  -9.275012 -10.021182 -10.327886  -9.934356
  -9.777756  -9.930818  -9.64627   -9.32379   -9.08541   -8.79976
  -7.537042  -7.047     -6.560786  -8.072034  -8.109908  -9.617444
  -9.343046  -9.61872   -9.166262  -9.625796  -8.763626  -6.320318
  -7.387518  -6.617974  -8.513472  -7.921814  -8.354088  -8.295044
  -7.342452  -9.08512   -9.707112  -9.301576  -8.049008  -8.35432
  -8.959202  -8.816058  -8.924344  -8.82441   -9.582702  -8.929564
  -9.057918  -9.24288   -9.604452  -9.40528   -8.575706  -8.648844
  -9.24491   -6.351522]"
360,"[ -8.05388   -8.957056  -8.645364  -8.671406  -7.4298    -8.619264
  -7.936836  -8.199866  -9.882098  -9.091036  -8.597688 -10.914904
  -8.450426 -10.447656  -9.895902  -9.668136  -7.29321   -7.654724
  -7.630132 -10.918036 -10.472306  -9.555268  -9.22635   -8.756376
  -8.37259   -9.344554  -9.177398  -8.618046  -8.858804  -8.599428
  -9.744058  -9.511362  -8.987622  -9.988934  -9.145324  -8.984548
  -9.454174  -9.47256   -9.386894  -7.618532  -8.572806  -9.84724
  -8.866808  -9.106116  -8.878698 -10.070714  -8.998584  -8.546764
  -9.440312  -6.8962    -5.279856  -6.982968 -10.894082  -8.85428 ]"
361,"[ -5.222088  -5.566434  -6.065234  -9.809366  -9.622258 -10.54353
 -11.044882 -13.246678 -11.206992 -10.563076 -13.446546 -12.129888
 -12.020384 -12.982778 -13.096574 -13.287104 -13.151558 -13.1428
 -13.10162  -13.219128 -13.393012 -12.990608 -12.925068 -12.846188
 -12.79045  -13.115656 -13.620488 -13.313784 -13.028192 -13.496368
 -12.21973  -13.164318 -13.147266 -13.330372 -13.07175  -13.38785
 -13.209326 -13.159968 -12.41142  -12.599514 -12.960506 -12.74898
 -12.512862 -12.538382 -11.583992 -13.043272 -11.72325  -11.101142
 -11.86245  -12.56019  -13.247838 -12.34733  -12.36879  -13.028598
 -12.658616 -12.55932  -13.016186 -13.058932 -13.560342 -13.476938
 -13.553904 -13.129344 -12.890732 -13.474966 -13.387212 -13.23473
 -13.447068 -13.57026  -12.859006 -12.774036 -12.484558 -12.106804
 -12.237478 -13.210428 -12.593366 -12.613666 -13.770708 -13.179166
 -12.59267  -13.750118 -12.9166   -13.016186 -13.473516 -12.808662
 -12.939046 -13.571652 -13.46006  -13.174874 -13.010908 -13.38524
 -13.25358  -11.736532 -12.553926 -13.709344 -13.155212 -12.986258
 -13.428566 -11.991268 -13.267094 -10.773616 -11.637526 -12.875652
 -12.871418 -13.648386 -13.070242 -11.505634 -11.043084  -9.445938
  -8.948878 -10.136834  -9.483522  -8.015252  -8.963088 -10.485356
 -11.165696 -12.169212 -13.311928 -13.31796  -13.741882 -13.550598
 -12.677002 -12.741672 -12.030592 -12.359568 -13.109334 -13.456232
 -13.271154 -12.823452 -12.870026 -13.225392 -13.243024 -12.969148
 -12.355508 -13.05145  -13.42468  -12.823626 -13.286756 -13.157938
 -12.483224 -13.061948 -12.951226 -13.068618 -13.669034 -13.55083
 -13.250912 -13.504256 -11.813382 -12.368732 -12.74086  -12.505264
 -10.457052 -11.16964  -13.224058 -12.800078 -12.522954 -12.254298
 -12.583158 -12.239682 -12.12374  -12.39895  -12.619524 -13.146744
 -11.629754 -11.322528 -11.868192 -12.35603  -12.313052 -12.497376
 -12.790218 -13.375322 -11.107986 -11.434178 -10.128076 -10.327248
 -10.57369   -9.615588  -8.873652  -8.545488  -8.580752  -8.686602
  -9.183198  -9.242706  -8.33402   -8.403214  -9.206282  -9.516582
  -8.483776  -8.776444  -9.163362  -9.902166  -9.957788  -9.811686
  -9.751946  -9.396638  -9.564142  -8.738222  -7.945594  -9.0538
  -8.32097   -8.535918  -8.387438  -8.85776   -8.44103   -8.784564
  -8.466318  -8.792104  -7.87031   -8.250036  -9.513566  -9.330982
  -8.431402  -9.516698 -10.143968  -9.631248  -8.01386   -9.691626
 -10.231026  -9.9499    -8.900506  -9.306448  -9.09788   -9.23302
  -9.488684  -9.298502  -9.30871   -8.880844  -9.353718  -8.986636
  -9.60306   -9.10803   -9.253958  -8.7783    -9.205876  -9.078566
  -9.147876  -8.91315   -9.16516   -8.055794  -8.961986  -8.869592
  -8.604184  -8.207638  -9.033036  -7.935096  -8.899984  -7.986948
  -6.94173  -10.697926 -10.135384 -10.945528 -10.904696 -10.929288
 -10.49104  -10.657616 -10.3646   -10.575372 -10.100758 -10.573864
  -9.368044 -11.214648 -10.32342   -9.739592 -10.836894 -10.918732
 -10.09896  -10.76973  -10.597644 -10.212002  -9.141728 -10.611042
 -10.473408  -9.893756 -10.607678  -9.436426 -10.619684 -10.184568
 -10.050124  -7.909576  -6.070396  -6.860298  -9.42471   -5.957006]"
362,"[ -8.391324  -8.86066   -9.09034   -8.766004  -9.93076  -10.087534
 -10.347606  -9.743768  -9.611644 -10.305788  -9.859072  -8.834618
  -8.372996  -9.222174  -6.725042  -6.16279   -6.720692  -7.661452
  -6.151886  -6.788552  -9.648184  -8.703074 -10.184278  -9.889696
  -9.535896  -9.526036 -10.165312 -10.000534  -9.247172  -8.952184
  -9.230874  -8.487198  -9.974318  -9.39368  -10.089158  -9.664018
 -10.106964  -9.230642  -9.450984  -8.84065   -9.888478 -10.578504
 -10.778256 -10.765148 -10.49423  -10.529436 -10.356422 -10.531698
  -9.466122  -5.551702]"
363,"[-8.822322 -8.058926 -8.915992 -7.640398 -6.460446 -8.35722  -9.206746
 -8.976196 -7.596608 -8.209668 -9.123574 -8.721344 -8.209204 -8.420324
 -9.24288  -8.522694 -7.4414   -7.43589  -7.62671  -9.294848 -8.79309 ]"
364,"[ -9.61814   -9.241372  -8.436738  -9.987542  -9.456204  -9.426624
 -10.045194  -9.991892  -9.500342  -9.590706  -9.54564   -9.52186
  -9.869106  -9.695512  -8.894822  -9.427668  -9.793474  -9.247114
  -8.683006  -8.607084  -9.924438  -9.904486  -9.438978  -9.578236
  -9.892944  -9.272808  -9.927686  -9.53172   -9.777814  -9.972752
  -9.263238  -9.250594  -9.17734   -9.136914  -8.173418  -8.948762
  -9.276346  -9.22925   -9.198684  -9.845152  -9.948392  -9.5265
  -9.0654   -10.071468  -9.273794  -9.493034  -9.330692  -9.173918
  -9.436368  -8.886006  -9.671326  -9.423492  -8.82151   -9.649866
  -9.38121   -9.146658  -9.544828  -9.387532  -9.506838  -9.853504
  -9.383472  -9.560662  -9.492454 -10.000882  -9.687102  -9.653752
  -9.875312  -9.83361   -9.16342   -9.19735   -9.47517   -9.4279
  -9.234354  -9.34438   -9.639368  -9.122472  -9.431902  -9.500168
  -9.520816  -9.448606 -10.075934  -9.920668 -10.006508  -9.80867
  -9.59929  -10.064566  -9.261034  -9.824678  -9.364158 -10.081908
  -9.503938  -9.832566  -9.381384  -9.66976   -9.626898  -9.633162
  -9.19329   -8.575068  -9.327154 -10.773326  -9.839004 -10.478744
 -10.039626  -9.754266  -9.708562 -10.017586  -9.650562  -9.210342
  -9.216258  -9.808148  -9.073114  -8.531104  -9.171308  -9.836452
  -9.529806  -9.66831   -9.86522   -9.120094  -9.567564  -9.784948
  -9.397624  -9.264804 -10.175288  -9.685942  -9.66048   -9.306506
  -9.518844  -9.865742  -9.43022   -9.762502  -9.687218  -9.242126
  -9.51403   -9.441588  -9.045738  -9.718364  -9.42587   -9.394724
  -9.508636  -9.842426  -9.582586  -9.416996  -9.812498  -9.573654
  -9.315032  -9.495064  -9.564316  -9.946304  -9.826534  -9.923568
  -9.66048   -9.788312  -9.49692   -9.65381   -9.503706  -9.834596
  -9.624926  -9.811512  -9.398784  -9.10542   -9.347396  -9.343104
  -9.486886  -9.212082  -9.301286  -9.225538  -9.074912  -9.464962
  -9.891204  -9.821372  -9.922814  -9.30871   -9.43776   -9.828854
  -9.699572  -9.16081   -9.197756  -9.97078   -9.418156  -9.224726
  -9.498544  -9.82839   -9.729036  -9.151762  -9.23447   -9.53491
  -9.665932 -10.085156  -9.849734  -9.694526  -9.422564  -9.412298
  -9.48677   -9.200946  -9.218346  -9.797998  -9.081176  -9.06134
  -9.761632  -9.809134  -9.666106  -9.57986   -9.467572  -9.086338
  -9.837902  -9.641456  -9.799448 -10.013294  -9.333128  -9.89973
  -9.696498  -9.59001   -9.198916  -9.594592  -9.489612  -9.387416
  -9.765402  -9.279594  -9.180472  -9.536244  -9.625216  -9.832334
  -9.785238  -9.134884  -9.90524   -9.382486  -8.979444  -9.163942
  -9.209646  -9.651432  -9.908894  -9.760878  -9.48213   -9.184068
  -9.640122  -9.551788  -8.657022  -9.083728  -9.381964  -9.441008
  -9.337884  -9.511942  -9.14283   -9.867946  -9.766156  -9.808264
  -9.294674  -9.48648   -9.827636  -9.425174  -9.730718  -9.420302
  -9.338348  -9.513682  -9.480622  -9.450636  -9.568492  -9.712506
  -9.587922  -9.791386  -9.594882  -9.815514 -10.124364  -9.667962
  -9.48967   -9.091326  -9.3815    -9.985918  -9.67817   -9.422158
  -9.4076    -9.767896  -9.601088  -9.769114  -9.440544  -9.866786
  -9.622954  -9.59523   -9.306854  -8.714268  -9.446402  -9.72863
  -9.361896  -9.758442  -9.363056  -9.734024 -10.12274   -9.845384
  -9.433932  -9.898106  -9.43051   -9.253784  -9.157156  -9.769868
  -9.836626  -9.242996  -9.619996  -9.500632  -9.524122  -9.839758
  -9.415662  -9.333244  -9.01929   -9.483638  -9.386198  -9.45023
  -9.408122  -9.67556   -9.401104  -9.149442  -9.684608  -9.493788
  -9.566404  -9.70427   -9.387822  -9.375932  -9.183952  -9.52389
  -9.493672  -9.247404  -9.332548  -9.473894  -9.706648  -9.38585
  -9.258888  -8.767512  -9.714826  -9.522498  -9.23534   -9.571334
  -9.701254  -9.714536  -9.06888   -9.354066  -9.272576  -9.440138
  -9.127054  -9.187838  -9.876298  -8.916572  -9.489264  -9.517104
  -9.718944  -9.242822  -9.410848  -9.865626 -10.156554  -8.942324
  -9.326284  -9.934182  -9.221072  -8.864488  -9.417692  -9.457074
  -9.171598  -9.68223   -9.388692  -9.423028  -9.742202  -9.54767
  -9.534968  -9.74893   -9.724338  -9.775088  -9.023524  -9.603466
  -9.561416  -9.523948  -9.340494  -9.66976   -9.665584  -8.94128
  -9.771144  -9.403134  -9.537114  -9.471284  -9.753512  -9.990152
  -9.512986  -9.297632  -9.62075   -8.793438  -9.600856  -9.13993
  -8.879452  -9.394318  -9.715174  -9.433236  -9.295486  -9.734778
  -9.26608   -9.746262  -9.406034  -9.859014  -9.969968  -9.748292
  -9.885172  -9.77851   -9.343336  -8.999396]"
365,"[ -9.241488  -8.885426  -8.786884  -9.41949   -8.93954   -9.026598
  -9.07004   -9.714942 -10.257358  -8.827136  -8.271322  -9.505446
  -8.830384  -8.910424  -9.88523   -8.30473   -9.50446   -8.572052
  -8.808808  -9.354356  -8.697912  -9.44965   -8.924054  -9.342176
  -9.463918  -8.69275   -9.154836  -8.704234  -9.310566  -8.729232
  -8.455704  -9.58537   -9.867946  -7.921118  -6.671334  -8.127482
  -9.17676   -7.761386 -10.030172  -8.809272  -9.665758  -8.722156
  -9.4134    -8.938844  -8.988376  -9.627826  -9.082336  -9.441124
  -8.675698  -9.5555    -8.80933   -9.082394  -9.201816  -8.761886
  -8.860834  -8.70319   -8.738976  -8.705568  -9.21678   -9.497616
  -8.234434  -8.643392  -9.383936  -9.439732  -8.624948  -9.781758
  -9.367348  -8.689676  -9.23302   -8.744428  -9.513334  -8.574314
  -9.203382  -9.588038  -8.695708  -9.22287   -9.427436  -9.016216
  -9.246766  -8.870926  -9.375758  -9.097184  -8.954446  -9.554862
  -8.435752  -8.997366  -8.889718  -9.061456  -8.84065   -9.88958
  -8.734162  -7.90453   -9.406266  -9.09295   -8.66462   -8.916224
  -9.587342  -8.692286  -8.579708  -9.798346  -8.750866  -9.244388
  -9.803798  -8.785376  -8.97434   -8.804922  -7.929006  -8.322072
  -8.406868  -8.983504  -9.583224  -9.169046  -8.887282  -9.714072
  -9.987426  -8.01589   -9.864524  -9.418504  -8.671812  -9.26405
  -8.848828  -9.330518  -8.912802  -8.662184  -9.53346  -10.032028
  -9.443444  -8.714036  -9.447098  -8.583536  -9.005776  -9.573132
  -7.70646   -9.00276   -9.398378  -8.202882  -8.816638  -9.206166
  -8.41058   -9.526268  -8.828528  -8.813332  -9.381732  -8.687124
  -9.179196  -9.90495   -8.4564    -9.847298  -7.939794  -8.93983
  -9.851184  -8.737642  -8.542588  -8.508716  -8.87864   -9.731936
  -8.80527   -9.685304  -9.36671   -8.571008  -9.122936 -10.159918
  -8.045006  -8.395964  -8.048428  -8.426182  -8.342198  -9.03814
  -8.906654  -8.994466  -9.199728  -9.283422  -9.733908  -8.826266
  -8.3085    -9.610252  -9.035646  -9.61147   -9.000324  -8.956186
  -9.135116  -8.489286  -9.171946  -9.147528  -9.53317   -9.133492
  -9.280116 -10.082314 -10.199706  -8.286228 -10.040554 -10.335774
  -8.614044  -9.807626 -10.379274  -8.724302  -9.46415  -10.008248
  -9.023524 -10.335252  -9.709084 -10.269538 -10.301322 -10.576648
 -10.077674 -10.1674    -8.009336  -6.595586  -7.428582  -9.637976
  -9.314858  -9.363984  -9.54796   -9.218636  -8.659632  -7.431656
  -5.964488  -7.362636  -8.1258    -7.040272]"
366,"[ -8.352696  -8.054924  -8.89256  -11.759094  -9.763372  -7.54812
  -9.064298  -7.937126  -8.674712  -8.676568  -7.915666  -8.093842
  -7.400162  -8.68463   -8.964248  -8.234782  -8.116926  -8.150334
  -8.383842  -7.541856  -8.150798  -8.911236  -8.89981   -9.300822
  -8.872666  -8.513298  -7.937242  -9.19503   -8.58777   -7.581702
  -8.164138  -7.098098  -9.54274   -9.519482  -7.964676  -8.662126
  -9.979016  -8.350434  -6.76802   -6.349956  -7.5458    -5.709868
  -6.195618  -6.635084  -9.452086  -7.207486  -8.209494  -8.512892
  -8.04924   -7.464252  -6.60475   -8.337326  -8.0504    -8.02575
  -9.041852  -8.261694  -9.029614  -6.371822  -5.973826]"
367,"[-12.622772 -10.587784  -9.393274  -7.902384  -7.435368  -6.934944
  -7.618706  -8.340748 -10.35445   -7.516742  -8.997192  -7.443372
  -8.215004  -7.19461   -7.547424  -8.273642  -8.253342  -8.473916
  -8.213902  -8.182234  -7.437804  -7.994836  -7.562446  -5.857478
  -5.555182  -8.515792  -8.769252  -8.223878  -7.475678  -8.077602
  -8.03416   -8.579476  -8.333034  -9.467862 -10.132426  -8.705394
  -9.461134  -8.65244   -7.451202  -7.536288  -8.228634  -7.788994
  -7.035574  -7.968968  -8.285822  -8.577678  -8.768788  -8.841868
  -8.19192   -7.035516  -7.549106  -7.64875   -7.584022  -7.08267
  -8.372822  -9.248042  -8.84094   -8.960304  -6.976008  -8.098018
  -7.68529   -7.286946  -8.317838 -10.727158  -9.48677   -8.32735
  -7.436064  -9.911968 -11.284596 -10.338848  -9.894684 -10.27615
  -8.976486 -10.149884 -10.182538  -9.02132   -8.90561   -9.401916
  -8.186758  -8.39521   -8.596934  -8.3375   -11.16993   -9.240212
  -9.489844 -11.452854 -10.081908  -9.128272 -11.499312  -8.727782
  -9.489612  -9.503996  -9.173338 -11.085656 -10.113286  -9.441008
  -7.312292]"
368,"[ -9.041852  -9.802464  -9.046956 -10.030172  -7.951742  -8.785318
  -8.732654  -7.933646  -8.182814  -9.037502  -8.650932  -8.045238
  -9.637106  -9.30059  -11.064718 -11.645414 -12.036914 -10.89066
 -10.335426 -12.234056 -11.101374 -11.71513  -10.609418 -12.656354
 -11.304954 -11.29463  -10.676756 -12.617378 -10.44928   -9.51316
 -11.458422 -11.140002 -11.813788 -11.746508 -11.685144 -11.064892
 -10.987288 -10.773732 -12.49697  -10.64996  -11.459814 -11.006486
 -12.063478 -10.9185   -10.656804 -10.962986 -10.47567  -11.859492
 -10.691662 -11.512072 -11.23141  -11.130142 -11.883272 -11.463468
 -11.728006 -10.834922 -11.834146 -11.659102 -10.901912 -11.429654
 -11.33929  -11.662698 -10.666896 -11.6667   -11.304548 -11.733458
 -10.785564 -10.411696  -8.77279   -9.178732  -8.446366 -11.400944
 -10.348418 -12.04283  -11.754454 -11.894814 -10.611274 -11.848414
 -10.458328 -11.934602 -11.544146 -11.868888 -11.575524 -11.531154
 -11.130838 -12.037784 -11.107    -11.82069  -11.338768 -12.099438
 -11.161636 -11.440036 -10.693054  -8.769194  -9.434628  -9.366768
  -9.144454 -10.224414  -8.829804  -7.814166  -7.792764  -7.710984
  -7.033312  -8.218542  -9.21736   -8.943252  -7.715624  -7.939504
  -9.594592  -9.541232  -9.491178  -9.699108  -9.220956 -10.556928
 -10.142228  -9.745798  -8.860544  -8.754172  -8.893894  -9.192362
  -9.681476 -10.365006  -8.977994 -10.247962  -8.682426  -8.665954
  -8.091058  -8.360294  -9.064878  -9.215968  -9.87044   -9.729268
  -9.775552  -9.235282 -10.247962  -8.134442  -9.180936 -10.651004
 -10.541384 -10.246918 -10.484602  -7.573872]"
369,"[ -8.001564  -8.047616  -8.443292 -10.258402 -10.692242  -9.938706
 -10.42811  -10.944136  -9.844398 -10.503104  -8.110314  -7.873558
  -9.396058 -10.573342 -10.4806    -8.406636  -8.224458  -9.064588
  -9.034428 -10.71579   -9.122066 -11.957454 -11.001556 -10.5705
 -10.398298 -10.552172 -10.241176 -10.252428  -9.979422  -9.574292
  -9.398958  -9.47517   -9.735532 -10.453746 -11.205716  -8.38709
  -8.805792 -10.192282  -5.514466]"
370,"[ -9.318164  -7.906096  -7.346744  -9.351224 -10.428226 -10.210146
  -8.751852  -8.293362  -8.176782  -8.066466  -8.349274  -9.410442
  -9.08686   -9.745856  -9.437528  -8.612362  -9.195842  -8.02285
  -9.322804 -10.94083  -10.468188 -11.190462 -11.94336  -11.464048
 -10.689284  -9.907154  -9.36932  -11.345902  -8.93316   -9.712796
  -8.63417  -10.905624 -10.498348  -9.812266  -8.949806  -8.06026
  -9.595868  -9.412936  -9.891378  -9.913418  -9.787616  -9.914172
  -8.438768  -8.739034 -10.040728  -6.777996  -6.341952  -5.875864
  -5.140888  -7.850474  -9.09701   -7.65977   -8.327408  -8.565266
  -8.505236  -9.310914  -9.540014  -9.368566  -9.020798  -9.036748
  -9.06656   -9.662684 -10.004188  -9.353196  -8.966162  -8.418584
  -9.668078  -9.857738  -9.778626  -9.641456  -8.93142   -9.416416
 -10.097046  -9.1089   -10.089506  -7.956614  -7.293094  -9.007632
  -9.402148  -8.903348  -9.772478  -9.39397   -9.662278 -10.053372
  -9.679214  -9.776596  -9.323268  -9.45777   -9.975884  -7.80419
  -8.544734  -8.072788  -8.206536  -8.708178  -8.52629   -9.411486
  -6.961856  -7.99211   -9.612978  -9.69209   -9.862552  -8.360584
  -8.610564  -8.952938  -9.020624  -8.520722  -7.639296  -8.408144
  -7.634018  -7.978944  -8.594324  -9.3322    -9.49344   -8.300032
  -9.53955   -9.435904  -8.861936  -9.092428  -8.831834  -9.73153
  -9.957208  -9.825606  -6.714312  -6.156062]"
371,"[-9.474068 -7.906096 -8.386916 -7.785224 -8.024706 -8.696578 -9.548366
 -9.05815  -7.491106]"
372,"[-10.670086 -10.94605  -10.616378 -10.590278 -10.952894  -8.608766
  -5.75273 ]"
373,[-5.46447]
374,"[-10.41419  -10.52642  -10.04009  -10.256314 -10.237116 -10.258112
 -10.42231  -10.074948  -9.659204 -10.520794 -10.729536  -9.750496
 -10.331888  -9.930354  -9.903152  -8.655166 -10.074542  -9.637512
 -10.34981  -10.300626 -10.044034  -9.190564 -10.369356  -9.40992
  -9.597608  -9.354066  -8.53557  -10.512326 -10.316112  -9.749452
 -10.470798  -9.918     -8.995104 -10.032956  -9.790864  -8.385988
  -7.249188  -8.206246  -6.96348   -5.68922   -6.795744  -8.861182
  -8.181538 -10.35242   -9.643312  -9.66454   -9.104666 -10.030752
  -9.020044  -7.100186  -7.3225    -9.930818 -10.944426 -10.55571
 -10.112068 -10.603328 -10.43623  -10.466216 -11.150384 -10.420396
 -10.555478 -10.274758 -10.368428 -10.499856 -10.674262 -10.68418
 -11.055786  -9.706068  -9.474648  -8.494274  -8.698492  -8.127946
  -9.837264 -10.095422  -6.040062]"
375,"[ -7.17199   -8.088158  -9.504518 -10.438318 -11.503082 -11.585674
 -12.140386 -10.900578 -11.315858 -12.4294   -12.252674 -12.245366
 -11.450476 -10.942512 -10.722866 -10.725418 -11.494208 -11.471762
 -12.75536  -10.830398 -12.042714 -11.729282 -10.80598  -11.488814
 -11.529472 -10.047978 -10.150638 -12.133426 -10.361352 -10.998308
 -11.862102 -11.414458 -10.820712 -11.554354 -12.423774 -10.788232
 -11.907458  -9.951698 -11.875964 -11.676966  -9.676952 -12.101062
 -11.808278 -12.015454 -11.415792  -9.412646  -9.817138 -12.12316
 -10.263448 -10.210842 -10.58645   -9.846486 -11.521294  -9.895554
 -11.999388 -10.343024 -11.430756  -9.78257  -10.937814 -11.371538
 -12.26381  -11.854214 -11.868598 -11.645472 -12.177216 -11.10584
 -11.22155  -11.007472 -10.69027  -10.323072 -10.369878 -10.43304
 -11.091108 -11.253914 -11.736648 -11.750162 -11.759732 -12.082154
 -11.784498 -12.165326 -10.764046 -11.03305  -11.608236 -10.325044
  -9.363578  -6.667506  -7.435716  -7.84305   -7.585066  -5.653376
  -7.948958  -7.995474  -8.158744  -8.26529   -7.842238  -7.778322
  -7.778554 -11.206296  -9.641688 -10.310486 -10.48408  -10.282704
  -9.852344  -9.351224  -8.56544   -9.167074  -7.543712  -7.594056
  -7.726934  -8.196966  -8.352116  -7.872224 -10.46204  -10.45856
  -9.263412  -9.577656  -9.885984  -9.629856  -8.055678  -7.311712
  -8.037002 -10.291926  -8.68347   -7.85581   -7.764692  -7.825534
  -7.888     -8.301366  -9.507186  -9.76981 ]"
376,"[-10.017934 -10.143156 -10.554898 -10.24802   -9.50939   -8.706148
  -9.130766  -7.426726  -6.149218  -6.165458  -8.231824  -8.72291
 -10.834342  -9.472908 -10.030056  -8.408086  -7.67543   -8.865416
  -8.503206  -8.865358  -9.961094 -10.57282   -9.820734 -10.31153
 -10.41129   -9.881344  -9.738606  -9.93453   -9.85739  -10.355726
 -11.773246 -11.905138 -12.183828 -11.22967  -10.75378  -11.08699
 -10.956258 -11.063732 -10.365702 -11.611774 -11.4057   -10.938046
 -12.392454 -11.478142 -11.560154  -9.772826 -10.776342  -9.791328
 -10.402764 -10.335252  -9.641978 -10.178362 -10.15348  -10.455428
 -10.189556  -9.422274 -10.02385  -10.020138 -10.060564  -9.454464
  -8.435694  -7.053844  -5.736432 -10.525202 -10.663358 -10.337514
  -9.747132 -10.02791  -10.429734  -9.920552  -9.693424  -9.294268
  -9.9064    -9.981162  -9.681302  -9.388344 -10.46494  -10.69839
 -10.684354 -10.131846 -10.690328 -10.448874 -10.247266 -10.35648
 -10.488256 -11.78937  -10.683426 -10.819262 -10.04183   -9.809018
  -9.587458  -9.670746 -10.03661  -10.930564  -9.91481   -9.921712
 -10.157134 -10.087708 -10.645726 -10.299698 -10.340066 -10.533786
  -9.685304  -9.92119   -8.95027   -9.735242 -10.093682  -9.672892
  -8.751272  -9.131346  -9.452202  -9.77039  -10.053894  -9.822938
 -10.184394 -10.153654  -9.167248 -10.002448  -8.249572 -10.57398
  -9.557762 -10.291636 -10.342386 -10.03255  -10.240538 -10.737366
 -11.27607  -11.479418 -11.284074 -11.574074 -10.368602 -11.08467
 -10.505598 -11.457726 -11.28013  -10.39331  -10.336354 -11.851778
 -11.957918 -11.819646 -11.057816 -10.76596  -12.021022 -10.727622
 -10.640854 -10.452064  -8.974978  -9.97629   -9.965386  -9.607932
  -9.661176 -10.24454  -10.381942 -10.256082 -10.194776 -10.676408
 -10.38809  -10.212292  -8.14436   -9.122646  -7.708548  -7.672008
  -8.924054 -10.65866  -10.128192  -9.269908  -7.613138  -7.238864
  -7.053322  -7.779192 -11.926134 -10.135326 -12.008494 -10.889152
 -10.186772 -10.840432 -10.439884 -10.453282 -11.968648 -10.070656
 -11.875326 -10.783592 -10.49075  -10.673914 -11.91204  -11.917434
 -12.214046 -11.350368 -11.420026 -11.344336 -11.923292 -11.392418
 -11.195914 -11.395434 -12.396398  -9.75328   -9.500342 -12.417162
 -10.731914 -11.400828 -11.44601   -9.839352 -10.732842 -10.06503
 -10.529146 -10.35097  -11.18559  -10.072918 -10.54034  -11.689204
 -11.684912 -10.849306 -11.313712 -11.50082  -12.138124 -10.90661
 -11.027482 -10.738526  -9.825316 -11.870686 -11.871788 -10.575024
 -11.603132 -10.596832  -9.59436   -9.910228  -7.871586  -8.536962
  -8.66868   -9.981626 -10.004884 -10.33444  -10.252196 -10.305382
  -9.591054  -9.494078  -8.872318 -10.28688   -9.341654 -10.424804
 -10.98578  -10.46813   -9.376976  -9.358822  -8.734742 -10.428458
 -10.873724  -9.444662 -10.11346   -9.591286  -9.883258  -9.370306
 -10.414306  -8.755274  -9.425638  -9.220086  -9.390606  -9.63728
  -9.384748  -9.38092   -9.853852  -9.083438  -9.414676  -9.28377
  -9.40383   -9.159766  -9.818588  -9.543088  -9.367522  -9.217534
  -9.384226  -9.540826  -9.468674  -9.124038  -9.278318  -8.398226
  -9.178674  -9.076362  -9.028686  -8.198126  -9.098228  -9.80577
  -9.529748  -9.481956  -9.370596  -8.597514  -8.764554 -11.070576
 -10.393658 -10.005406 -10.13608  -12.134876  -9.913476  -8.006088
  -8.26239   -8.717632  -9.070678  -9.835292  -9.235514  -9.750322
  -8.846856  -8.732886  -8.999802  -6.448324  -8.814434 -11.669194
 -10.640506 -11.07336  -11.496006 -11.550178  -9.27768   -7.560184
  -8.87922   -9.298966  -8.87255   -9.152458  -8.934726  -8.593918
  -8.544444  -8.235536  -8.41696   -7.713884  -6.73902 ]"
377,"[-10.06851  -10.068452  -9.144628 -10.895242 -10.511688 -10.428864
  -9.453652  -8.312618 -10.57688   -9.56217   -9.078276 -10.373068
  -8.282922  -9.467572 -10.738004  -9.8136    -9.637048  -9.493092
  -9.10542  -11.159258 -11.5101    -9.990848  -9.005138 -10.142982
  -9.267878  -9.638266 -10.229634  -9.508172  -9.507534 -11.103462
  -9.151356  -8.16872   -8.110082  -9.606656 -10.908408  -9.981742
  -9.555848 -10.564584 -10.018108  -9.281914  -9.886216  -9.8629
  -9.373786  -9.607874 -10.144316  -8.73219  -10.523578  -9.955294
 -10.253588  -8.750402  -8.328568  -8.943832 -12.186438  -9.66019
  -9.010706 -10.811432  -9.81273  -10.072918  -9.532068 -10.704712
 -10.538484  -9.896366  -9.604974  -9.437876 -10.232998  -9.139988
 -10.055518  -9.686754  -9.600044 -10.102208  -8.81136  -10.911134
  -8.943368 -10.387278 -10.49423   -9.065632  -9.142134  -9.77445
  -8.971266  -9.915796 -10.098148  -8.929564 -10.11259  -10.726636
  -9.274084  -9.85188   -9.940446 -10.37214   -9.785818  -9.087556
  -9.933312 -10.732262  -9.049798  -9.54042   -9.365028  -9.919276
 -10.166066  -9.59204   -9.520352 -10.49713   -9.323616  -8.546068
  -9.665468  -9.300822  -9.880764  -9.89683   -9.266196  -9.833088
  -9.62452   -8.98942  -10.100932  -9.33249   -9.646038  -8.874696
  -9.963936  -8.883106  -9.466644  -9.873166 -10.33038   -9.035646
 -10.133354 -10.123204  -9.586472  -9.698644  -9.38556   -9.92989
  -9.712332  -8.975094 -10.714398 -10.515168  -9.11383  -10.531408
 -10.851162  -9.468094  -9.023756  -9.328024  -9.569536 -10.691024
  -9.214286  -9.491178 -10.585812 -10.29848   -9.280638  -9.094632
  -9.716044  -9.778046  -9.499936  -9.645632  -9.543668  -8.673494
  -9.597318  -9.392404  -9.12543  -10.623164  -8.641826  -9.89393
 -11.017274 -10.471088 -10.83324  -10.203998  -9.311784  -9.720974
  -9.801304  -9.211502 -10.138168  -9.17473  -10.21322   -8.796222
 -10.088404  -8.357974  -9.378194 -10.991348  -9.589778 -10.04821
 -10.515516 -10.28108  -10.296508  -9.661002 -10.308746 -10.567484
 -10.944484  -9.645342  -9.114294  -9.256336 -10.44116  -10.049602
  -9.469022  -9.964168  -8.955664 -10.138748  -8.969178 -10.868388
  -9.75705   -9.475808  -9.176818 -11.2259   -10.06213   -9.873746
  -9.936966  -9.600856  -9.50852  -10.281022 -10.316344  -9.825258
  -9.346352 -10.355204  -9.721728  -9.546046  -9.448838 -10.298248
  -9.547264  -9.678518 -10.244018  -9.246766 -10.67548   -9.11963
  -8.73306  -10.041308  -9.441298 -10.176158  -9.870208  -9.19242
 -10.485414 -10.253936  -9.651722 -11.217432 -11.244054  -9.570348
  -9.43718   -9.264282 -10.020834  -9.988354  -8.754578 -10.023154
 -10.431822  -8.558654  -9.527428  -9.232788  -9.601494 -10.227894
 -10.431416 -10.68273  -10.021356  -9.063718 -10.163282  -9.607062
  -9.35772  -10.244366  -9.05786   -9.786514  -8.758754  -9.589546
 -10.25324   -9.553644  -9.712564  -9.848922 -10.032144  -9.727238
  -8.818494 -10.051922  -9.3467   -10.235782  -9.776132  -9.32147
 -10.251616  -9.027236  -8.650468  -7.55479   -8.761828]"
378,"[ -9.32031   -9.368508  -9.952684  -9.67469  -10.10969   -9.25245
  -8.044426  -9.162376  -9.461714  -7.560706  -9.23737   -7.825998
  -9.5816    -9.779322  -9.521918  -9.547322  -9.514262  -9.330054
  -9.873514  -8.618336  -8.817102  -8.703132  -8.40768   -8.495086
  -8.907582  -8.668274  -8.6681    -8.84297   -9.463744  -9.233832
  -8.76351  -10.73261   -9.410442  -9.506374  -8.888442  -8.861588
  -8.19279   -9.48619   -9.986208  -9.15153   -7.971346  -9.564838
  -9.465078  -9.49025   -9.91365   -9.810468  -9.793706  -9.842252
 -10.058708  -9.112554  -9.812208  -9.891726 -10.004594 -10.021008
  -8.97115   -8.579592  -8.577794  -8.849872  -6.782114  -7.62787
  -9.636352  -9.31103   -9.631248  -8.243482  -9.889348  -8.937916
  -9.094168  -9.287772  -8.452166  -9.343104  -9.633046  -9.961558
  -8.658994  -9.973158  -8.254792  -8.48308   -8.456806  -8.78787
  -9.625854  -9.637222  -9.596738  -9.27478  -10.126626  -9.156866
  -7.953018  -9.054438  -8.215874  -7.63454   -7.523238  -7.66615
  -8.60227   -9.609788  -8.524782  -6.963132  -5.051974]"
379,"[ -7.841252 -10.786782 -11.22155  -10.590278 -11.649068 -10.718864
 -11.676502 -11.723424 -10.913802 -11.237848 -10.78452  -11.39787
 -11.082814 -10.990768 -11.283494 -10.972092 -10.379564  -8.961232
  -9.342292  -8.730624  -8.982054 -10.527696  -6.939758  -5.97197
  -6.611188  -6.650454  -5.482276  -5.898716  -8.244294  -8.762408
  -8.489692 -10.163862  -9.66048   -9.722888  -9.818762 -10.058882
  -7.887768  -7.425682  -8.207348  -8.756782  -9.43225   -9.342872
 -10.258286 -10.106906  -9.95512   -9.37628   -9.07265   -9.205122
  -9.316946  -8.104398  -9.474184  -7.567898  -8.166922  -9.657696
  -9.471748  -9.321122  -9.269618  -7.744566  -8.97376  -10.329684
  -9.997518  -9.889928  -9.31915 ]"
380,"[ -8.034392  -8.887572  -9.998214  -8.70986   -8.957172  -7.394478
  -9.89074  -10.020428  -9.484682  -9.516814 -10.475786  -9.568898
 -10.329104  -7.68645   -7.510594  -5.824302]"
381,"[ -8.489228  -7.4675    -8.082068  -9.624868  -8.31894   -7.99878
  -8.994872  -8.460692  -8.491838  -8.314126  -8.126148  -8.394804
  -8.35287   -8.194994  -8.227358  -8.253458  -8.725288  -7.408746
  -8.927592  -8.214714  -8.86008   -8.26471   -7.923438  -8.481398
  -8.641188  -8.627616  -7.943796  -8.676858  -8.249282  -8.425486
  -8.22585   -8.549896  -8.843376  -9.810468  -8.321666  -8.26355
  -8.604648  -8.501698  -6.587872  -7.741028  -9.271996 -10.11694
  -8.922894 -10.595208  -8.552216 -10.407578  -8.886354  -7.887014
  -8.64026  -10.345228  -9.757398  -9.296936  -7.344714  -9.271242
  -9.255002  -9.341944  -9.222522  -9.331968  -8.141692  -8.438536
  -8.466434  -7.728094  -7.49766   -9.736518 -10.25295  -10.147854
 -10.049602 -11.445024 -10.864328 -11.427392 -11.096618 -10.503394
 -10.903188 -10.156264 -10.573632 -10.28572  -11.537418 -10.320346
  -8.482616  -9.622838 -10.64561  -10.653672 -11.90189  -11.17167
 -11.670238 -11.328328 -10.428284 -10.680874 -10.475612 -10.803602
 -11.811294 -11.025336 -10.452876  -8.86675   -5.232702]"
382,"[ -9.808844 -10.542254  -8.552332  -7.18939   -5.40937   -7.157374
  -6.894808  -8.512486  -6.389976  -8.039844  -7.57712   -9.332026
  -8.293478  -9.013664  -8.448338  -8.427168  -8.164544  -9.390606
  -7.217172  -7.6038    -8.441494  -8.83282   -9.038894  -8.016934
  -7.429278  -6.950952  -6.48469   -6.445772  -8.632604  -8.531104
  -9.75183  -10.398762  -9.815746  -9.989978 -10.035508  -8.467826
  -6.361672  -8.11275   -7.72241   -8.501002  -8.270394  -8.443988
  -8.107994  -8.680512  -7.474982  -8.38593   -8.538818  -6.815174]"
383,"[ -8.017456  -8.347012  -6.667796  -6.011352  -6.348042  -8.871622
  -7.062428  -6.675046  -7.943332  -8.135196  -6.959652  -8.917384
  -9.479288  -9.407194  -9.24984  -11.300604 -11.41469  -10.095074
 -10.290012 -10.11433  -11.46167  -11.283726 -11.225958  -9.343568
  -8.604474  -7.0615    -8.215816  -8.908626 -10.871404 -12.56193
  -7.902732  -5.511972  -5.118094  -6.803632  -5.913912]"
384,"[-7.83522  -7.359214 -7.676648 -8.546474 -9.051596 -7.543364 -7.928194
 -8.18003  -9.017086 -8.988144 -9.714768 -8.505758 -8.221558 -7.352776
 -8.418468 -7.500618 -8.012816 -8.774588 -9.118586 -8.49555  -7.03598
 -8.09013  -7.396566 -9.691626 -9.952046 -9.595926 -8.980894 -8.780098
 -9.487582 -8.444568 -9.480912 -9.28493  -9.413748 -9.57493  -9.391012
 -9.237254 -9.08657  -9.454174 -9.24665  -8.398516 -7.075942 -8.719024
 -7.657392 -8.575416 -9.671326 -9.797882 -6.518562]"
385,"[-10.588538 -10.789856 -10.063696  -9.198858  -9.699514  -9.063718
  -8.933334  -7.98602   -6.904552  -9.201584  -7.23724   -7.212416]"
386,"[ -9.960108  -7.777278  -7.8938    -9.394782 -10.12419   -9.623534
  -9.538854 -10.153422  -9.878096  -8.773834 -10.147042  -9.795156
 -10.301844  -9.829898  -9.893814  -8.924518  -5.877314  -6.239176
  -7.681694  -6.389744]"
387,"[ -9.195494  -8.337616  -8.62373   -7.74503  -10.436926  -8.476642
  -9.281624  -8.380768 -10.302192  -9.835292 -10.112126 -10.227256
 -10.088404 -10.355146 -10.186888  -9.926294 -11.123762 -12.326102
 -11.750858 -10.697868 -11.113612 -11.207108 -10.749082 -10.63285
 -10.411464 -10.297088 -10.221978 -10.477816 -10.700652 -10.313212
 -10.262636 -10.496202 -10.418946 -10.877146  -9.347744 -10.39418
 -10.095016 -10.367442 -10.385596  -9.918812 -12.566222 -13.005398
 -12.992406 -13.200974 -13.551874 -13.258394 -13.136304 -13.168262
 -13.099706 -12.90819  -13.096864 -13.07233  -12.426674 -12.64545
 -12.959578 -12.358234 -12.620626 -13.185894 -13.25329  -13.24633
 -13.444342 -13.091644 -12.795438 -12.148042 -13.079348 -11.838032
 -12.538092 -11.884606 -13.204976 -12.939684 -12.033956 -13.302184
 -12.739642 -12.513964 -12.624976 -12.502654 -12.81191  -13.077318
 -13.401248 -13.121456 -13.087874 -12.786738 -12.668708 -12.680946
 -12.501204 -10.949298 -10.801282 -12.747704 -12.792016 -12.932782
 -13.493816 -11.973926 -11.833566 -11.645994 -12.61036  -12.204998
 -12.243626 -12.937712 -13.32231  -13.005688 -13.322658 -13.182704
 -13.078768 -12.709018 -12.53873  -12.976572 -12.80756  -12.960622
 -12.537686 -11.447576 -12.1684   -14.364976 -14.28366  -14.076194
 -14.054966 -13.474038 -12.972802 -12.95691  -12.73303  -12.336542
 -11.516132 -12.596962 -13.03289  -12.002868 -12.49552  -12.239624
 -12.63298  -12.777226 -12.892008 -12.915266 -12.501726 -12.110168
  -9.251812  -9.349484  -9.138364  -8.461388  -9.607932 -10.515922
 -10.236942 -10.32835   -9.742144 -10.05575  -11.240806 -11.137682
  -9.627768  -9.48851  -10.96838  -10.77089   -9.803566  -8.3839
  -6.189818  -7.004022  -8.294812  -5.876734]"
388,"[ -9.46415   -9.495702 -10.396674  -9.135522  -9.722018  -8.672566
  -7.473242  -9.344206  -9.487292  -8.961058  -7.700718  -8.84065
  -8.319578  -9.835756  -7.058078  -5.951844  -5.958804  -7.69399
  -9.889754  -9.466644  -8.470784  -9.452608  -9.676024  -9.159012
  -8.969062  -9.919972 -10.060506 -10.37185   -9.328256 -10.137936
  -9.626782  -7.518772  -7.229932 -10.537034  -8.215294  -6.893822
  -6.73931   -8.309196  -9.952452  -8.970106  -9.063254 -10.03139
  -7.55305   -5.368538]"
389,"[-10.284676  -9.94584   -9.888942 -10.041598  -9.384516  -7.723744
 -10.186598  -9.2046    -9.283016 -10.820538 -10.583028 -10.74537
  -9.840106  -9.979944  -9.90843   -9.796316 -11.447692 -11.797606
 -11.169466  -8.86037   -8.643392  -9.297922 -11.339754 -10.920472
  -9.616748 -10.991232 -11.200438 -10.25875   -9.60625  -11.20937
 -10.8605   -11.064196 -10.546778 -10.551882 -10.766656  -9.406266
  -7.740158  -8.881424 -10.256952 -10.628268 -10.308398 -10.519692
 -10.929462  -8.657022  -7.697528  -7.35353   -8.052024  -6.54588
  -8.086592 -10.25904  -10.017876  -8.83804  -10.272728  -9.630842
 -10.349926  -8.943658 -10.01689   -8.684804  -8.122784  -6.001666]"
390,"[-10.731218 -10.039104 -11.777828  -9.725788  -9.178558  -9.391998
  -9.12514   -8.633242  -7.151458  -6.127642  -6.475178  -5.400148]"
391,"[ -9.290266 -10.619626  -9.707924  -9.044288  -9.368972  -9.132912
  -9.039938  -8.5289    -9.226582  -8.611144  -8.364122  -7.685986
  -8.99029   -8.904682  -8.054576  -8.396254  -9.096082  -9.251986
  -9.129374  -8.79802   -9.587458  -8.773602  -8.60372   -9.23157
  -9.777524  -9.47604   -8.980894  -9.302852  -9.541174  -8.922488
 -10.018572  -9.095212  -9.508926  -8.765424  -9.492744  -8.486154
 -10.181958  -9.913824  -9.905588  -8.996206  -9.392172  -8.95926
  -9.20982   -9.361432  -8.419164  -9.286438  -8.995858  -9.259932
  -9.124792  -9.129084  -9.983714 -10.122682  -9.864872  -7.699558
  -8.888442  -9.179138  -9.29421   -9.429582  -9.76894   -9.423724
  -9.031934  -9.000556  -9.587632  -9.36004   -9.479462  -9.243054
 -10.064972  -9.292934  -9.2046    -9.135348  -9.143352  -9.304534
  -9.628928  -8.94099   -8.96448   -9.400176  -9.125952  -9.238356
  -9.05061   -9.777988  -9.366652  -9.367406 -10.12013   -9.55289
  -9.278434  -9.427494  -9.497616  -9.082452  -9.186098  -8.710382
  -9.207848  -9.235108  -8.582492 -10.034     -8.984548  -9.315264
  -9.774276  -8.828238  -9.736112  -9.037386  -9.193174  -9.285278
  -9.77648   -9.011634  -9.114816  -9.0596    -9.231802  -8.53586
  -8.985592  -8.873884 -10.05488  -10.494404  -9.534098  -8.732074
  -9.175948  -9.282842  -9.168408  -8.8711    -9.516988  -8.97956
  -9.383124  -9.109538  -8.275498  -8.90677   -9.391534  -9.15878
  -9.125024  -9.174324  -9.643486  -8.900158  -9.6338    -8.999628
  -9.590474  -8.971788  -9.794634  -8.957288  -9.270082  -9.245606
  -9.44675   -8.429314  -9.631248  -9.071258  -9.680316 -10.150986
  -9.232614  -9.3003    -9.308594  -8.992552  -9.107102  -9.2597
  -9.212778  -9.092718  -9.060238  -9.08512   -9.380688  -9.436948
  -9.0509    -9.329126  -9.183198  -9.172816  -9.392114  -9.245954
  -9.309638  -9.260048  -9.459104  -8.548504  -8.811476  -9.087788
  -9.121138  -9.225538  -9.17618   -9.37454   -8.948124  -9.093414
  -9.37396   -9.006182  -9.325936  -9.012272  -8.994466 -10.455544
  -8.932986  -9.564838  -9.250246  -8.876088  -9.89277   -9.78576
  -9.308594 -10.339602 -10.264666  -8.818436  -9.928266  -9.941664
  -8.94302   -9.834074  -9.592098  -8.713978  -8.947486  -9.83651
  -9.133898 -10.063174  -8.854396  -9.25361   -9.452144  -9.08222
  -8.930318  -8.781026  -8.358844 -10.11346   -8.782128  -9.268574
  -9.418736  -9.13123   -9.322862  -8.833864  -9.47546   -8.810258
  -9.557356 -10.445336  -9.613326  -9.624462  -9.63931   -9.727528
  -8.669492  -8.965582  -8.833922  -9.172004  -9.15994   -8.832008
  -8.794772  -8.908742  -8.304556  -9.635772  -8.390164  -8.57588
  -9.171482  -9.36468   -8.884382  -9.607062  -9.23505   -9.363114
  -8.688052  -9.27072   -9.3409    -9.131636  -9.49083   -9.292934
  -9.246418  -9.096546  -9.20924   -9.31335   -8.977356  -9.261092
  -8.439638  -9.385444  -8.673204  -9.254248  -9.106116  -9.775668
  -9.050088  -9.001832  -9.14544   -9.287656  -8.96941   -9.10977
  -9.050262  -9.540594  -9.910576  -9.290266  -9.65265   -8.96245
  -9.676256  -9.104144  -9.471458  -9.137088  -9.821024  -9.090746
  -8.74147   -8.975326  -9.033616  -9.338232  -8.814028  -9.181574
  -9.154662  -9.350528  -8.863676  -9.246766  -9.29508   -9.029904
  -9.386778  -9.648068  -8.96564   -9.640064  -9.086802  -9.283016
  -8.915528  -9.042548  -9.19416   -9.081292  -9.37164   -8.931826
  -9.339508  -9.234122  -9.742608  -9.124676  -9.22693   -9.521512
  -8.896446  -8.82325   -9.163826  -8.442828  -9.139466  -9.545002
  -9.075434  -8.994234  -9.208428  -8.508658  -9.00856   -9.191666
  -9.341944  -9.446808  -8.991392  -8.916398  -9.244388 -10.119666
  -9.342872  -8.680802 -10.206666  -9.375062  -9.64395  -10.144026
 -10.033942 -10.277542  -9.114874  -9.833262 -12.339964 -11.202932
 -11.467238 -11.528602 -11.886346 -11.474314 -11.699934 -11.191854
 -12.364962 -11.69628  -11.281754 -11.687812 -11.748248 -10.058708
  -9.711752  -9.762328  -9.515132  -9.30552   -8.714384  -8.413132
  -9.551266  -9.303142  -9.652534  -9.130708  -9.193638  -9.61118
  -7.670732  -6.738324  -8.125742  -9.136508  -9.124908 -10.149768
  -9.642442  -9.83129   -9.161448  -9.967532  -8.456458  -9.703342
 -10.56644  -10.249934  -8.549954  -9.510898  -8.54108   -5.449506
  -5.355604  -6.514676  -6.24979   -7.019392  -9.090398  -9.273388
  -9.464382  -9.091152  -9.366478  -7.81289   -7.448824  -8.403272
  -9.02306   -8.725984  -8.577446  -9.148398  -7.904994  -9.345192
  -9.038488  -7.826114  -8.348288  -9.56478 ]"
392,"[-8.504134 -8.69246  -8.62054  -8.462606 -8.641246 -8.429082 -8.09332
 -8.70928  -8.20932  -8.75829  -8.339646 -8.160716 -8.891806 -8.697854
 -8.778184 -8.767338 -8.641884 -8.320448 -8.517706 -8.46423  -8.678772
 -8.446946 -8.69971  -8.75104  -8.148014 -8.808228 -8.541544 -8.568166
 -8.15451  -8.009104 -8.424964 -8.303976 -8.15683  -8.279384 -8.421774
 -8.699768 -8.27834  -8.478904 -8.86269  -8.139546 -8.54659  -8.430822
 -8.172548 -8.448222 -8.317026 -7.93179  -8.554942 -8.697332 -8.308326
 -8.36911  -8.97521  -8.524492 -8.446308 -8.861008 -7.76707  -8.266334
 -9.019116 -8.823888 -8.086128 -7.642776 -8.448976 -8.602444 -9.318744
 -8.10666  -8.95578  -8.538702 -9.585718 -9.574234 -8.374562 -6.15148 ]"
393,"[ -7.370002  -9.96237  -10.190136  -9.391012 -10.20539   -9.34612
 -10.077616  -8.441436  -8.874174  -9.649228 -10.346388  -9.270024
  -9.634554  -9.167364]"
394,"[-10.389946  -9.92612   -9.739128  -9.764184 -10.059926 -10.087244
  -9.830652 -10.36257  -10.673566 -10.184336  -9.099852  -9.747828
 -10.254574  -9.308942 -10.840896 -11.216794 -11.230076 -13.268486
 -11.639846 -13.1428   -12.973034 -13.126676 -12.783026 -12.418264
 -12.18812  -12.53351  -12.318446 -11.339058 -11.44456  -11.76298
  -9.477548  -9.759486  -8.621642  -9.421114 -10.000244 -10.35793
 -10.247672  -9.456668  -9.780134  -9.06714   -8.147666  -8.390744
  -6.397284  -6.882454  -8.949632  -7.564534  -8.653542  -9.29769
  -9.463802  -8.53557   -8.345736  -8.35664   -7.519642  -7.746828
  -7.994778  -7.740738  -9.630842  -9.289976  -9.414502  -9.844572
 -10.248426 -10.09809   -9.946594  -9.94207  -10.298944 -10.12941
  -9.881576  -9.69354  -10.076804  -9.942882  -9.359924 -10.368834
  -9.577308  -9.246418  -9.789704  -9.426508 -10.16885   -9.64076
  -9.387706 -10.302714  -9.497268  -9.568724 -10.012424 -10.664692
 -10.88254   -9.570406  -8.73074   -7.290716  -9.667266  -9.82288
  -9.59639   -9.888188  -9.903674  -9.49489  -10.025358  -9.724338
  -9.597898  -9.767606  -9.135986 -10.02936   -9.306796  -9.806988
  -9.570812  -9.213938 -10.08881   -9.664946  -9.210052  -9.70775
 -10.106848  -9.693598  -9.547264 -10.131382  -9.061166  -8.685906
 -10.215192  -9.688146 -10.032144  -9.66628  -10.1413    -9.773174
  -9.95802   -9.531314  -9.535722 -10.466274 -10.1268    -9.206862
  -9.366826  -9.698702  -9.774044 -10.023386  -9.87305  -10.418308
 -10.303816  -9.835872  -9.611064  -9.79185  -10.114852  -9.758558
  -9.354066  -9.860928  -9.58624   -9.689422  -9.413284  -9.078508
  -9.566926  -9.842136 -10.265072  -9.871368  -9.772884  -9.36584
  -9.57609   -7.77345   -8.233854  -6.248862  -9.114642  -8.037234
  -7.330968  -8.201896  -8.956592  -8.79164   -7.059818  -8.500364
  -8.284604  -9.346584  -8.764438  -8.740832 -10.504844 -10.20075
 -10.711208  -9.376802  -9.033442 -10.789102 -10.762422 -10.103136
  -8.340806  -8.346084  -6.693664]"
395,[-7.498414 -5.051916]
396,"[-12.972802 -12.354986 -12.876696 -12.977268 -11.891508 -12.485138
 -12.574516 -12.65328  -12.857672 -12.913178 -12.87078  -12.656354
 -12.610128 -12.764408 -12.697012 -12.829194 -13.078884 -12.786042
 -12.979704 -12.884004 -12.75043  -12.782098 -12.694518 -12.57266
 -12.741092 -12.551664 -12.745152 -12.055648 -12.444944 -12.831804
 -12.359278 -12.64313  -12.875478 -12.751068 -12.451092 -12.572486
 -12.423426 -12.086272 -12.974136 -12.537222 -12.566512 -12.744688
 -12.062202 -12.986606 -12.60891  -12.348548 -12.777516 -12.83917
 -13.096168 -13.06595  -12.731464 -12.914802 -12.878088 -12.46304
 -12.82525  -12.832152 -12.540992 -12.313806 -13.084162 -13.047332
 -12.876174 -12.193804 -12.961318 -12.214452 -12.245366 -12.823568
 -12.793002 -13.066182 -12.990608 -12.737612 -12.316764 -12.704958
 -12.928374 -12.826294 -12.725084 -12.321404 -12.841548 -12.832906
 -12.627238 -12.60137  -13.026568 -12.647248 -12.589364 -12.669694
 -12.929998 -12.431604 -12.905638 -13.277708 -12.62718  -12.562974
 -12.972222 -12.768468 -12.441    -12.056228 -12.058606 -11.980248
 -11.170858 -12.124088 -12.331438 -12.271408 -12.648176 -12.407128
 -12.377374 -12.6991   -12.489778 -12.818116 -13.034746 -12.770614
 -12.718936 -12.85077  -12.325    -13.063746 -13.002208 -13.117106
 -12.871592 -12.858484 -12.45028  -12.899722 -12.22872  -12.425746
 -12.765858 -12.393382 -12.88006  -11.997648 -12.401734 -12.29368
 -11.9335   -12.557    -12.799092 -12.415074 -12.69359  -12.817246
 -12.846884 -12.519532 -12.994204 -12.798048 -12.22147  -12.804776
 -12.905058 -12.699738 -12.69156  -12.865038 -12.540876 -12.594294
 -12.571674 -12.983764 -12.621032 -12.669404 -12.588552 -12.018064
 -12.885744 -12.715282 -12.833022 -12.74956  -12.49436  -12.553868
 -12.709482 -12.507758 -12.743412 -12.603632 -12.391874 -12.74666
 -12.705596 -11.790066 -12.420584 -12.871824 -12.836908 -12.755128
 -11.997996 -12.383058 -12.691966 -12.658036 -12.50567  -12.571442
 -12.879538 -12.804196 -12.11272  -12.417858 -12.704494 -12.459734
 -12.719748 -12.89659  -12.849262 -12.873448 -12.949312 -12.637098
 -12.818928 -12.952734 -12.988288 -12.695678 -12.477714 -12.953836
 -12.880582 -13.164492 -12.787608 -12.519648 -12.658732 -12.996524
 -12.767366 -12.983532 -12.734712 -12.305918 -12.54047  -12.617842
 -12.73912  -12.589248 -12.705016 -12.683266 -12.321288 -12.65821
 -12.943396 -12.327784 -12.93429  -12.983706 -12.553636 -12.673522
 -12.209986 -12.216018 -12.29223  -11.949392 -12.695968 -12.730768
 -10.522882 -12.872404 -12.862486 -12.881568 -12.712556 -12.166138
 -12.714412 -12.812896 -12.342864 -12.869852 -11.963602 -12.914048
 -13.045302 -12.528812 -12.466984 -12.421106 -11.895684 -12.73332
 -12.822582 -12.713832 -12.334454 -12.363222 -11.896844 -11.640426
 -10.492606 -12.273148 -12.951052 -13.0558   -13.075288 -12.586696
 -12.525216 -12.481368 -13.099184 -12.943222 -12.824612 -12.74289
 -12.821306 -12.210972 -11.37061  -12.020094 -12.594004 -12.58774
 -12.947456 -12.61036  -12.544066 -13.079116 -12.598238 -12.66836
 -12.57991  -13.014388 -12.963406 -12.840736 -12.714354 -12.347562
 -12.502364 -13.30955  -12.465998 -12.668592 -12.450338 -11.570362
 -12.354812 -12.602588 -12.68402  -12.792654 -12.578518 -12.708786
 -12.505032 -12.590118 -12.847232 -12.64632  -12.749966 -12.737728
 -12.540702 -12.642144 -12.74115  -12.688718 -12.717022 -12.588436
 -12.261896 -12.718878 -12.854656 -12.701188 -12.381318 -12.83627
 -12.648524 -12.691618 -12.615348 -12.872404 -12.554564 -13.077608
 -12.713948 -12.70229  -12.857382 -12.486008 -12.464432 -12.52278
 -12.98881  -12.706408 -12.489082 -12.96561  -12.896996 -12.712846
 -12.560364 -12.50654  -12.414552 -12.652816 -12.854656 -12.672246
 -12.408346 -12.610766 -12.320012 -12.84758  -12.981734 -12.660414
 -13.034572 -12.543892 -12.409622 -13.027032 -12.827802 -12.857382
 -12.639244 -12.053096 -12.92356  -12.428878 -12.603864 -12.713484
 -12.78958  -12.721488 -12.741846 -12.608446 -12.7281   -12.681004
 -12.368848 -12.31601  -11.844064 -12.83018  -12.721952 -12.871592
 -12.269436 -12.474524 -12.21799  -12.636344 -12.559784 -12.606416
 -12.270596 -11.924394 -12.436128 -12.548242 -12.240494 -12.467738
 -12.829252 -12.846478 -12.82235  -12.810228 -12.382594 -12.005884
 -11.677836 -12.466694 -12.90587  -12.968858 -12.560132 -12.54105
 -12.799614 -12.425398 -12.74695  -12.79596  -12.79132  -12.634662
 -12.890732 -12.802224 -12.901752 -12.791494 -12.644058 -12.335962
 -12.76261  -13.034166 -12.3163   -12.488212]"
397,"[ -6.808156  -8.720126  -8.736192  -8.288258  -7.865612  -7.135276
  -8.703074  -9.612804  -7.926918  -8.340864  -9.861914  -8.345214
  -8.616132  -8.714732  -8.78932   -8.283966  -8.767628  -9.505098
  -7.958238  -8.712238  -8.904334  -8.809098  -8.319984  -8.92649
  -8.340864  -8.223066  -5.802726  -5.12488   -6.606606  -7.760516
  -7.247042  -9.460206  -7.691786  -8.963726  -8.700406  -8.160194
  -8.258504  -7.785514  -8.936814  -8.082822  -8.375896  -8.378448
  -8.212104  -8.725984  -7.90801   -8.821568  -8.25108   -8.537426
  -7.967576  -8.173302  -8.77337   -7.57944   -8.202418  -8.424732
  -8.16205   -8.777662  -8.582086 -10.60878  -11.2549    -9.55869
  -9.49344   -9.278028  -9.672602  -9.802174  -9.359982  -9.258424
  -9.321934  -9.400234  -9.208428  -8.93374   -8.412146  -7.869672
  -6.347404  -7.397958  -6.578824  -9.010126  -8.307746  -9.920494
  -9.142946  -9.117658  -9.590822  -8.896388  -8.959492  -9.239226
  -9.600972  -8.862342  -9.442864  -8.95636   -9.786166  -8.756666
  -8.500596  -8.738338  -8.896156  -8.866402 -10.022806  -9.466006
  -8.00458   -8.727376  -8.990986  -8.149522  -8.834966  -8.611608
  -8.27283   -7.912244  -8.741006  -8.007422  -9.15646   -8.7696
  -8.454312  -8.860428  -8.893604  -8.507904  -8.986114  -6.81819
  -7.882084  -7.173208  -7.696252  -8.757072  -8.266856  -7.67659
  -8.587538  -9.026308  -6.660662]"
398,"[-5.998592 -7.240372 -9.108088 -7.563258 -8.776792 -9.820212 -8.472118
 -6.940512 -7.671486 -8.685616 -5.826216]"
399,"[ -8.870346  -8.308036  -7.82333   -8.268306  -7.367276  -7.622708
  -7.825708  -8.069888  -8.412088  -7.758776  -7.263282  -7.395638
  -7.507752  -8.229968 -10.417032  -9.35772   -9.72805   -9.939692
 -10.106094 -10.243032  -9.537172 -10.298422 -10.962754  -9.567506
  -9.673936  -9.823924 -10.071294  -8.931594  -7.322326  -7.97094
  -8.261868  -7.850416  -8.645074 -10.72826   -9.934588  -9.088368
  -9.970026 -10.122856  -9.15356   -9.764474  -9.133956 -10.034812
  -9.312074 -10.026228 -10.53541   -9.554108  -9.331446 -10.522766
 -10.72217  -10.041888  -9.61582   -8.52861  -10.057316  -9.19561
 -10.641086  -9.651026  -9.985976  -9.525398  -9.77996  -10.18828
  -9.691278 -10.353754  -8.41522   -9.696498  -9.357488  -9.209936
  -9.190912 -10.56412   -9.713318  -9.889058 -10.055634  -9.24433
  -9.924786 -10.268726  -9.535664  -9.538158  -9.507882  -9.32524
  -8.47206   -9.592794  -8.817566  -9.182096 -10.0949    -9.83187
  -9.625332  -9.360794  -9.706474 -10.290186 -10.25382  -10.101164
  -9.128156  -9.233194 -10.007088  -9.250536  -8.833168 -10.039394
  -9.26811   -9.972346  -9.851764  -9.685246  -9.275534 -10.137646
  -9.763488  -9.526268  -9.643544  -9.799448  -9.307086  -9.672022
 -10.258344  -8.85196  -10.117752 -10.442552  -9.266428 -10.264608
 -10.202548 -10.987868  -9.946884  -9.563272  -9.788834  -9.477838
  -9.84695   -8.61938  -10.702508  -9.873282  -9.74951   -9.402322
 -10.61429   -9.264456 -10.297784 -11.236166  -9.19532   -9.818066
 -10.266812 -10.191412  -9.427378  -9.192768  -9.563272  -7.921988
  -8.497638 -10.0195   -10.70158   -9.447562 -10.90226   -7.69979
 -10.055866 -10.4748   -11.191448 -10.807952 -10.36518  -11.35205
 -10.97476  -11.35582  -11.802826 -10.760392  -9.990558  -8.878582
  -8.605692  -8.553724  -9.360504 -10.949298  -8.500364  -6.532656
  -8.804632  -5.566956  -5.953352  -6.40378   -6.791568  -8.074528
  -7.981844  -8.616538  -6.416714  -6.407202  -8.210016  -7.435426
  -8.022676  -9.12456   -9.120442  -9.334462  -8.200736  -8.489692
  -8.637418  -8.51092   -8.435578 -10.191702 -10.180798  -9.56797
  -8.309138  -9.19677   -9.256974  -8.46771   -9.12949   -9.303548
  -9.406498  -8.946558  -9.257148  -9.131114  -8.849756  -9.360794
  -9.262484  -8.67593   -7.788298  -9.241662  -8.073078  -8.50251
  -8.740542  -9.747654  -8.092682  -8.224748  -8.684224  -8.50657
  -8.613754  -8.614102  -8.798832  -8.49033   -8.64287   -8.09274
  -8.436042  -8.50773   -9.312538  -8.063624  -9.14515   -8.421368
  -8.425544  -8.498102  -8.335702  -9.060296  -8.174056  -8.886934
  -8.720822  -8.817218  -8.211118  -8.157236  -7.896294  -9.101592
  -9.50504   -9.40934   -7.478868  -8.58719   -9.03292   -8.505932
  -8.698956  -8.446482  -8.670884  -8.722968  -8.356176  -8.943484
  -8.624658  -8.530698  -8.422528  -9.346816  -8.534526  -8.98014
  -9.452434  -8.581332  -8.372416  -8.659284  -8.419106  -8.559176
  -8.717284  -8.259896  -8.586088  -8.191688  -8.63098   -8.489286
  -8.855382  -8.469972  -8.414698  -8.435056  -8.363426 -10.511282
  -9.937952  -9.175426 -10.203012 -10.027272 -10.390584  -9.607874
  -9.98557   -9.50098   -9.314162  -9.805016  -9.25593  -10.023328
 -10.050066  -8.930028  -8.506396  -9.60741  -10.679366  -9.92206
 -10.376954  -9.475286  -8.721692  -9.410906  -8.668912  -9.815978
  -9.920552  -9.51403   -7.691554  -7.879822  -8.62982   -8.484588
  -8.667868  -8.839374  -8.808228  -8.434708  -8.462722  -8.377346
  -8.990174  -8.564802  -8.29197   -8.624484  -8.17887   -9.924322
  -9.11963   -8.52571   -9.087556  -6.98581   -6.688676  -6.777764
  -9.376222  -9.557878 -10.171518  -9.10687   -8.110314  -9.811976
  -8.483312  -8.316156 -10.019674  -8.033348  -9.826128 -10.394122
  -9.8165    -9.3467    -9.629972  -9.602538  -9.039938  -8.03503
  -7.637498  -8.931768  -7.770028 -10.04067   -7.995416  -7.792706
  -6.37449   -7.519468  -6.654862  -8.86675   -9.929078 -10.142576
  -9.745276  -9.235514  -9.675966 -11.594026  -9.540768  -9.570058
 -11.10236  -11.50836  -11.002948 -10.150406 -11.665482 -10.254864
  -8.47496   -9.11789   -9.399016  -8.212626  -8.221848  -8.40768
  -8.16002  -10.461924  -6.822018  -8.7667    -9.591518  -9.323442
  -9.963878  -9.831232  -8.7       -9.2481    -8.91083  -10.603444
  -6.476918]"
400,[-8.179102 -7.273142 -6.955186 -6.658748 -7.23985  -5.488598]
401,"[ -9.403366 -10.145592  -9.79214   -9.03234   -9.912258 -10.305672
  -9.456204  -9.782628  -9.354994  -9.88929  -10.885614  -9.771318
 -10.240422 -11.241386 -11.178108  -9.737098  -9.926642  -9.214286
  -7.52028   -8.60372  -10.21786   -8.027722  -9.070214  -9.701544
  -9.363056 -10.71898   -9.509622 -10.43217  -10.014976  -9.319614
  -9.056526  -9.540246 -10.01138   -9.896424  -9.235688  -9.25593
  -9.170612  -9.448664  -9.032862  -8.344518  -8.64287   -9.607932
  -9.377498  -8.492418  -9.2452    -9.362244 -10.165892  -9.29653
  -9.041968  -7.610586  -6.260056  -6.886978  -9.756296 -10.106326
  -8.959318  -8.365688  -8.062464  -9.08367   -8.27312   -9.111684
  -9.79069   -9.798926  -9.782686  -9.914346  -9.278086  -9.012156
  -8.663866  -8.89633   -9.33017   -9.588328  -7.732502  -7.071244
  -6.507136  -6.989232  -9.893814  -5.72576 ]"
402,"[ -9.96527   -9.867366  -9.570986  -8.724592  -9.625738  -9.39658
  -8.642058  -9.778046 -10.112648  -9.407716 -10.42289  -10.369994
  -9.746146  -9.94903  -10.41941   -9.925598 -10.370632  -9.876762
  -9.879372 -10.522766  -9.940156 -10.178594 -10.50699  -10.346852
 -10.727448 -10.045948 -10.70854  -10.430372 -10.175868  -8.34417
  -8.797672  -7.462628  -9.54245   -9.857912  -9.29334   -9.232208
  -7.692482  -9.100026  -9.338812  -8.269872  -8.556856  -7.106798
  -9.078914  -9.387126  -8.565498 -10.205448 -10.173316  -8.689444
  -8.66723   -8.730624  -9.335274  -8.070294  -8.263898  -8.41667
  -8.550476  -9.370654  -9.041214  -8.37549   -8.585392  -8.11739
  -9.068706  -9.971882  -9.274548  -9.345018  -8.374968  -8.342952
 -10.09751   -9.409398  -9.41601   -9.46183   -9.802174  -9.383298
  -9.746784  -9.02422   -8.713514  -8.604996  -8.06055   -8.127424
  -7.997678  -7.018058  -9.53114   -8.933044  -9.240618  -9.153038
  -9.408064  -9.682752  -9.346294  -8.645828  -9.206688  -8.690952
  -9.002354  -6.656718  -6.349492  -5.435876]"
403,"[ -9.308536  -9.304534 -10.037422 -10.392962 -10.637142 -10.42608
 -10.915832  -8.345968  -6.8092    -9.25071   -9.924496  -6.504004
  -6.151364  -5.616314]"
404,"[ -8.145056 -10.513776  -7.094386  -5.626522  -7.25609   -9.052292
  -9.09701   -8.613638  -7.411762  -9.958716  -8.533772  -9.228264
  -9.135928  -9.69557   -9.106696  -9.545292  -9.83825   -9.71239
  -8.992262  -8.367138  -8.484124  -7.852272  -9.084656  -7.363158
  -9.550686  -9.694468  -7.33961   -8.48308   -9.912896  -9.730022
 -10.221108 -10.857136 -11.02957   -8.986868  -9.090514 -10.253472
 -11.350136  -9.72428  -10.287344 -11.072606  -9.869454 -10.533554
 -10.830282 -10.561046 -10.750996 -10.870186 -10.43681  -10.576068
  -9.901354  -9.206572 -10.344068 -10.8634    -9.758674 -10.273714
  -9.483058 -10.137646 -10.39824  -10.550374 -10.390932 -10.09403
 -10.73667   -9.282842 -10.916296  -9.424536 -10.325624 -11.37235
 -10.939496  -8.123712  -6.910816  -7.899484  -8.059738 -10.093972
  -9.430858  -9.438398 -10.479846 -10.346968 -11.047202 -10.80279
 -11.032412 -11.02551  -11.046274 -11.179152  -9.423608  -8.881772
  -8.697158 -10.839504  -9.87015  -11.225494 -10.434026  -9.858724
  -9.464788 -11.453434 -11.799114 -10.761378 -10.633488 -11.175556
 -10.965132 -10.882192 -10.670666  -9.213764 -10.766946 -11.05886
 -10.979922 -10.633546  -9.654274 -10.713818 -10.62676   -9.42732
  -9.379122  -9.343452  -8.875392  -8.673146  -8.968598  -7.840324
  -9.373438  -9.323558  -8.750576  -9.064066  -8.907292  -9.057802
  -8.834212  -8.82731   -8.907176  -8.786884  -9.23969   -9.147702
  -9.016332  -8.581622  -9.060354  -9.437586  -9.05148   -9.011402
  -8.95607   -8.950734  -8.523622  -8.355828  -9.497326  -8.658124
  -9.430104  -8.834734  -8.267668  -8.449962  -8.386104  -8.761248
  -8.725172  -8.785666  -8.754984  -8.578548  -8.271148  -8.46104
  -8.747444  -8.490736  -8.649192  -8.381116  -8.560452  -8.7899
  -8.02604   -8.980198  -8.883106  -8.66491   -9.095038  -8.867678
  -9.531082  -7.679838  -8.143026  -8.600182  -8.341444  -9.655202
  -9.31915   -9.557008  -8.873826  -9.291368  -8.983562  -8.96448
  -9.641224 -10.68447   -9.595636  -9.577656  -7.5835    -8.934842
  -7.874892  -9.36062   -8.329728  -9.537984  -7.866192  -5.821054
  -7.524166  -7.026236  -7.468022  -6.879148  -8.520316  -8.985012
  -7.758254  -9.665004  -6.405636  -6.960464  -8.247484  -6.983142
  -6.066452  -8.964364  -6.529292  -8.051676  -8.313372  -7.670674
  -8.81919   -8.738686]"
405,"[ -9.48996   -7.324646  -8.619902  -7.881852  -6.333948  -5.739622
  -8.99551   -9.652186  -9.286496  -8.448802  -9.506838  -9.32872
  -7.686334  -7.302432 -10.076398  -9.923974  -7.288454  -7.283176
  -9.145092 -12.08546   -9.205992  -7.019682  -6.956926  -9.071258
 -10.077326  -9.102404  -8.538818  -8.404838  -8.65157   -8.59995
 -10.237406  -9.757514  -8.95056   -8.797324  -8.445148  -7.76359
  -8.317548  -7.80593   -9.03002   -8.37694   -9.559444  -9.60451
  -9.539956  -8.652034  -8.952474  -8.171272  -8.139546  -8.230084
  -8.397298  -8.26384   -8.862864  -8.60546   -8.853932  -9.10687
  -7.9547    -7.968678  -7.77258   -8.760784  -9.942882  -9.35772
  -9.676952  -9.76865   -9.553296  -7.369944  -7.378818  -7.768056
  -9.591808  -9.0393    -9.415662  -9.00189   -8.592468  -9.478534
  -9.910286  -9.420244  -8.394572  -8.87371   -9.314858  -7.297038
  -8.687704  -8.652672  -9.01842   -8.20526   -6.547214  -7.282944
  -7.81434   -7.778786  -7.850474]"
406,"[ -8.930028  -9.165682  -8.74785   -9.355284  -9.20083   -9.3612
  -9.70456  -10.425964  -9.921422  -9.33684  -10.641144 -10.809982
  -9.480042 -11.071504  -9.514204 -10.761088 -11.11338  -10.134514
 -10.873086 -11.176426 -11.28071  -11.388996 -11.339812 -11.131128
 -10.752852 -10.99564  -10.344648  -9.188244  -8.61126   -9.727818
  -8.631676  -9.745102  -7.851924  -9.77793   -7.055236  -8.315054
  -7.984686  -8.23455   -8.982402  -7.953134  -8.776328  -9.87044
  -8.93664   -7.431134  -9.089006 -10.258866  -8.754288  -8.711542
  -9.25158   -9.706474  -8.817972  -9.946478 -10.300626  -9.84869
 -10.092464 -10.259852  -9.290788 -10.325102  -9.091326  -8.66288
  -8.88125   -9.61002   -8.108342  -7.985962  -8.000346  -8.89691
  -8.867794  -8.851496  -9.118818 -10.305556 -10.836488 -11.400944
 -10.725128 -10.115954 -11.114946 -10.313676 -11.04117  -11.382906
 -11.544088 -11.151428 -11.300372  -9.921886 -10.949936 -10.283342
 -10.995118 -11.395608 -10.632966 -11.462772 -10.852032 -10.943266
 -10.031042 -10.80424  -10.391164  -9.492338 -10.946108 -11.290338
 -10.57978  -10.747342 -11.155488 -11.522454 -10.888862  -9.972114
 -10.65576   -9.863712 -10.529552 -11.201134 -11.237732  -9.54622
  -8.749126  -9.023408  -8.780272  -8.762814  -9.499646  -9.376338
  -8.818146  -9.577482  -8.925852  -9.617676  -9.010706  -9.127344
 -10.057954  -8.950154  -9.172062 -10.871404  -7.883302  -6.116796
  -6.009264  -8.345794  -7.24043   -7.354574  -8.681034  -7.350746
  -8.54398   -8.443872  -6.937206  -8.67042   -9.813136  -9.60074
  -9.508056  -9.776538 -10.858644 -10.531234 -10.811838  -9.405802
  -9.898918 -10.049138 -11.205774  -9.417054 -11.197248  -9.838076
 -10.258634 -11.048768 -10.962928 -10.941352 -11.226712 -10.007668
  -9.719234  -8.361976  -9.508114  -9.860754 -10.68389  -11.320382
 -10.21467   -9.129896 -10.846696  -9.086048  -9.769288 -10.78655
  -9.988006 -11.325892  -9.169742 -10.418598 -10.525956  -9.743072
 -10.981314  -8.539746  -8.58748   -8.730566  -9.320426  -9.952742
  -9.25651   -9.296994  -7.66731   -8.698724  -8.945108  -8.212684
  -7.07281   -8.539804  -6.56038   -9.31857   -7.545626  -9.191956
  -9.87914   -9.529864  -8.762002  -8.85254   -9.171308  -8.042222
  -7.586864  -7.599218  -9.125082  -7.443024  -9.779322  -7.289962
  -8.79744   -9.70833   -8.178174  -6.471582]"
407,[-8.098714 -7.453928 -7.230918 -7.585066 -7.628914 -8.28298  -5.484886]
408,"[ -9.508404  -9.530154 -10.650482  -9.510144  -9.882214  -8.789204
  -6.841506  -7.001586  -5.784572  -7.840266  -6.972934  -9.608918
 -11.503314  -9.496804  -8.278746  -8.743906  -8.92475   -6.93593
  -6.07028   -9.892944  -9.578352  -8.823192  -9.329532  -8.663808
  -8.260534  -9.584964  -8.448976  -9.382544  -8.080792 -10.649438
 -10.273192  -7.196582  -9.43892   -8.71508   -9.118122  -9.937024
  -9.73965   -9.06917   -9.183836  -7.61134   -6.562236  -7.382182
  -6.279486  -5.075812  -5.284844  -6.689836  -9.020624  -9.873398
 -10.74827  -10.994538 -10.81845  -11.23257  -11.371074 -11.361156
  -9.800028 -10.585812 -10.388264  -9.985686  -9.808322  -9.181516
 -10.758362 -11.235412 -10.787536 -11.652258 -10.705814 -10.939322
 -10.830572 -11.118252 -10.49133   -9.596158  -9.963182 -10.535004
 -10.33647  -11.28709  -10.417612  -9.717378 -10.93677  -10.680816
 -10.166356  -9.304186 -10.099714 -10.351608 -10.682034 -10.124886
  -7.804944  -8.662184 -10.07083   -9.03901   -9.532184  -9.833378
 -10.007494 -10.104702  -9.25535   -9.386662 -10.467492  -9.84724
  -9.61669   -9.021146  -8.089028  -8.642348  -8.65447  -10.389772
  -8.294406  -8.235536  -9.643022  -8.190064 -11.485682 -11.726904
 -10.353812  -9.970664 -12.306846 -12.284516 -11.36974  -10.910438
 -11.208674 -11.729688 -11.514102 -12.005362 -11.601508  -9.630552
  -7.693004  -9.291832 -10.111488  -9.919044 -12.268798 -10.643696
 -12.614362 -11.617342  -9.667034 -12.020268 -12.100772 -11.625752
 -11.78705  -11.10932  -12.763538  -9.925598  -7.292282  -8.126786
 -10.3646    -9.425232 -10.430372 -10.43333   -9.925308  -9.785818
 -10.352478  -9.799796 -10.14188   -9.57522   -9.717146 -10.113634
 -10.498696  -9.948218  -9.967822 -10.102382  -9.897526 -10.133354
 -10.087302 -10.093972 -10.092406 -10.903072  -8.434476  -6.534802
  -6.364804  -8.267378  -9.394086  -8.819712  -9.234934  -9.95396
  -9.368972  -8.800456  -9.218056  -8.699884 -10.085968  -8.980024
 -10.518938 -10.521722 -10.0514    -8.305948  -8.23136   -8.051212
  -7.705416  -9.783904  -8.94476   -9.12717   -8.998874  -8.5695
  -8.838678  -9.333766  -9.383008  -8.706438  -9.631654  -8.435984
 -11.370088 -11.92393  -11.474546 -12.071018 -12.138066 -10.373184
 -11.891972 -11.336274 -11.540956 -12.179478 -11.40744  -11.364694
 -10.87471  -11.423564 -11.756774 -11.605336 -11.269632 -11.268878
 -11.474952 -11.982568 -12.395528 -11.787224 -10.645204 -11.4463
 -10.472132 -10.534192 -10.977602 -10.903652 -10.659762 -10.85441
 -10.211886 -10.004072 -11.279898 -10.972266 -11.510564 -11.33494
  -9.827462 -10.474336  -9.96179   -9.31422   -9.475112  -9.088832
  -8.938438  -9.43921   -9.216722  -8.806604  -9.403772  -9.399538
  -8.766816  -8.576692  -7.906386]"
409,"[-9.57377  -9.223334 -9.189404 -9.121776 -9.030658 -9.13964  -9.436658
 -8.998816 -9.700906 -9.953438 -9.695222 -9.347222 -9.505562 -9.460496
 -8.994118 -9.356328 -9.291658 -9.473604 -9.49373  -9.350586 -9.340146
 -9.522498 -9.511304 -9.387474 -9.244098 -9.484856 -9.309522 -9.332142
 -9.01987  -9.244388 -9.31857  -9.468732 -9.474416 -9.272576 -9.312654
 -9.73936  -9.423724 -9.053162 -8.998004 -9.548076 -9.30987  -9.342582
 -9.18111  -9.022248 -9.302446 -9.520468 -9.5729   -9.501792 -8.918022
 -8.471248 -8.950096 -9.088716 -9.051248 -9.14921  -9.24114  -9.077464
 -9.337072 -9.285742 -9.502488 -9.04394  -9.324312 -9.13703  -9.555036
 -8.94534  -9.431844 -9.16023  -9.248622 -9.00102  -9.635946 -9.74371
 -9.343684 -8.831718 -9.045216 -9.538738 -9.487466 -9.463628 -9.422274
 -9.38237  -9.248912 -9.309232 -9.373612 -9.238066 -9.227046 -9.41601
 -9.413748 -9.17763  -9.254654 -9.211618 -9.282784 -9.32698  -9.141264
 -9.465252 -9.343568 -9.61959  -9.285568 -8.858398 -8.684224 -9.364796
 -9.353428 -9.38875  -9.171424 -9.51374  -9.37425  -9.800202 -9.303374
 -9.222232 -9.092022 -9.126532 -9.334984 -9.658102 -8.801326 -9.298618
 -9.602944 -9.019058 -9.661234 -9.290324 -9.336782 -9.1321   -9.713376
 -9.355226 -9.142366 -8.68985  -9.195088 -9.400176 -9.482536 -9.531778
 -9.39629  -9.256568 -9.26463  -9.207848 -9.435846 -9.312248 -9.473256
 -9.554108 -9.15965  -8.98652  -9.221362 -9.089702 -9.288178 -9.025032
 -9.44936  -9.774566 -9.27565  -8.40768  -9.38469  -9.327734 -9.236326
 -9.197002 -9.388286 -9.19329  -8.919994 -9.357662 -9.298676 -8.97985
 -8.8653   -9.357024 -9.490424 -9.282146 -9.379122 -9.460322 -9.408992
 -9.490656 -9.237312 -9.276984 -9.54506  -9.244272 -9.22519  -9.76662
 -9.304998 -9.296414 -9.379238 -9.628754 -9.421346 -9.26347  -9.129374
 -9.47198  -9.287366 -9.672544 -9.72428  -8.660792 -9.649808 -9.661988
 -9.363578 -9.279188 -9.439848 -9.468616 -9.328372 -9.365318 -9.241894
 -9.468616 -9.738548 -9.191608 -9.16255  -9.538448 -9.212314 -9.590706
 -9.200482 -9.561068 -9.37686  -9.188592 -9.109596 -9.478592 -9.216142
 -9.28116  -9.190332 -9.500864 -9.419026 -9.381558 -9.13471  -8.915238
 -9.286032 -9.320368 -9.90118  -9.369146 -9.39078  -9.514784 -9.57783
 -9.3148   -9.120384 -9.18314  -8.98449  -9.505214 -9.701892 -9.01581
 -9.012272 -9.213416 -8.941744 -8.768846 -9.202048 -9.324892 -8.823946
 -9.418098 -9.159418 -9.625564 -9.558226 -9.396986 -9.243808 -9.195784
 -9.45893  -9.46386  -8.927418 -9.01494  -9.369262 -9.413052 -9.219912
 -9.542044 -9.206978 -9.031122 -9.34322  -9.519888 -9.544712 -9.485784
 -9.274838 -9.243402 -9.419664 -9.280464 -9.27101  -9.32872  -9.545582
 -8.86965  -8.741238 -9.446692 -9.608512 -9.148746 -9.457654 -9.453652
 -9.176934 -9.405976 -9.296878 -9.00247  -9.531488 -9.457132 -9.013838
 -9.310624 -9.37251  -9.472734 -9.48126  -9.385096 -9.293572 -9.53491
 -9.045448 -9.13529  -9.700558 -9.503126 -9.227626 -9.442342 -9.077928
 -9.415024 -9.249724 -9.51084  -9.584674 -9.18343  -9.617038 -9.406962
 -9.129316 -9.410442 -9.593548 -9.334926 -9.470878 -9.425406 -9.196828
 -9.437354 -9.601436 -9.499298 -9.232788 -9.421578 -9.474996 -9.41224
 -9.410674 -9.167074 -9.462642 -9.316308 -9.45284  -9.357314 -9.053858
 -9.306216 -9.593142 -9.134072 -9.033616 -9.137494 -9.749626 -9.270198
 -9.306448 -9.602248 -9.44211  -9.46618  -9.344496 -9.355342 -9.448084
 -9.340784 -9.56478  -9.219564 -9.457944 -9.520816 -9.094458 -9.327444
 -9.004036 -9.277506 -9.400756 -9.31161  -9.525398 -9.259932 -9.366246
 -9.329938 -9.376222 -9.549584 -9.211734 -9.637686 -8.840244 -9.258192
 -8.908916 -9.193406 -9.567042 -9.207094 -9.1582   -9.5961   -9.331098
 -9.50388  -9.243402 -9.409282 -9.354472 -9.295138 -9.14312  -9.29711
 -8.638578 -8.805966 -9.39542  -9.178906 -8.81513  -9.13326  -9.34757
 -9.515364 -9.053684 -9.306448 -9.613906 -9.408122 -9.43312  -9.166726
 -9.33771  -9.536418 -9.100084 -8.998758 -9.052002 -9.382544 -9.544828
 -9.322224 -9.379586 -9.301286 -9.197234 -9.370596 -9.355922 -9.28348
 -9.273156 -9.345192 -9.387126 -9.196654 -8.638926 -9.300358 -9.501444
 -9.30813 ]"
410,"[ -8.907292  -8.94969   -7.79926   -9.670282  -9.946826 -10.649264
 -12.54685  -12.178144 -12.805066 -12.291128 -12.627412 -13.563242
 -11.791458 -13.097386 -12.529508 -12.672652 -12.885628 -12.369312
 -12.66575  -13.550772 -13.020072 -12.731754 -13.406004 -12.998786
 -12.196994 -12.883656 -13.103302 -13.587544 -12.964218 -12.731174
 -13.083814 -13.19703  -12.523418 -11.300894 -10.75929  -13.296094
 -13.018506 -13.158518 -12.829832 -12.988984 -12.974948 -13.51139
 -13.123196 -12.81017  -13.115134 -12.832268 -13.19935  -13.170292
 -13.487494 -10.539586 -11.51184  -11.763502 -10.689806 -11.291092
 -13.151732 -13.180964 -13.070126 -12.666388 -12.394716 -12.427022
 -12.93371  -12.908596 -12.95343  -12.768062 -12.760232 -13.159562
 -12.88209  -13.398522 -11.767794 -12.725316 -10.67316  -12.123566
  -7.256786  -6.804154  -5.958108  -5.702212  -6.680904  -8.033348
  -7.050016  -9.418446  -9.217244  -7.978074  -9.431554  -9.66454
  -8.662242  -9.295022  -9.31915   -7.98631   -8.106776  -8.62866
 -10.480426  -7.915608  -8.761828 -10.016368  -7.697238  -7.906096
  -6.136052  -7.202556  -9.5932    -6.010598]"
411,"[ -8.875392  -9.85304   -8.120522  -9.571914  -9.657348  -9.549526
  -9.4772    -9.162898  -8.921444  -9.074448  -9.44907   -9.399248
  -9.560952  -8.719604  -9.425986  -9.472502  -9.19677   -9.141438
  -9.191144  -8.659342  -9.205006  -9.26579   -9.446634  -9.240038
  -9.404526  -9.541116 -10.380956 -10.102962 -10.208696  -9.496224
  -9.459452 -10.43594  -12.557986 -12.922516 -12.724968 -12.821538
 -12.871128 -12.34443  -12.654382 -13.083466 -13.3429   -11.979668
 -13.248476 -13.180442 -13.00157  -11.955366 -13.035964 -12.438854
 -12.142648 -10.516386 -10.931028  -8.507324  -8.637128  -9.703922
  -7.205456  -9.431438  -7.771188  -6.414568  -8.55007   -9.253726
  -8.367196  -7.289788  -8.426588  -7.646952  -9.174498  -8.28298
  -6.994916  -6.356626  -6.509862  -7.642718  -8.76293   -9.55608
  -9.582876 -10.057664 -10.42231   -9.33307   -9.238588  -8.841404
  -9.737504  -9.525166 -10.367964 -10.62618   -9.544016  -8.50831
 -10.287808 -11.081016 -12.529856 -13.603378 -12.994784 -13.031208
 -12.82525  -12.197458 -12.20349  -12.392512 -13.30868  -12.357074
 -13.23937  -12.812142 -13.251956 -13.177426 -13.593112 -13.347424
 -12.305396 -13.259264 -13.62362  -13.210602 -12.786042 -13.097966
 -12.532292 -12.758202 -13.348758 -13.762762 -13.481984 -13.30665
 -12.755998 -13.56707  -12.114866 -11.424608 -11.491714 -11.563982
 -12.01006  -13.05029  -12.534322 -11.797664 -12.742194 -12.627992
 -11.42281  -14.319504 -12.815564 -12.616276 -13.050986 -11.903978
  -9.541348 -11.2723   -11.668208 -11.50024  -13.473342 -12.53844
 -13.170002 -13.225972 -12.361888 -12.962246 -13.654592 -13.09031
 -12.881104 -13.333968 -11.393172 -11.552498 -10.528276 -10.49916
 -11.605452 -12.394716 -13.152718 -12.598354 -11.911692 -13.067458
 -13.24662  -12.964972 -12.93632  -12.715978 -12.250122 -12.582636
 -12.714006 -12.96503  -12.504046 -12.91167  -12.714006 -12.982082
 -11.066284 -10.416278  -9.053974  -9.085932  -8.134094  -9.401974
  -8.83253   -8.04692   -9.478418  -8.773602  -7.783774  -7.846704
  -9.026076  -9.044288  -8.181828  -9.603988  -8.635968  -8.83398
  -8.758638  -9.169974  -8.756202  -8.605344  -8.694954  -9.070388
  -9.662684  -9.303896  -8.810316  -8.537194  -8.59821   -7.620678
  -6.018776]"
412,"[-7.863582 -8.92997  -8.514748 -7.082786 -9.014534 -7.077044 -5.858522
 -6.141678]"
413,"[ -9.245084  -9.674806  -9.939808  -9.57232   -9.09005   -9.69586
  -9.771028  -9.402438 -10.062536  -9.71355   -8.92243   -9.735358
  -9.884128  -9.807684  -9.736402  -9.428016  -8.716704  -9.24839
  -8.535628  -9.723178  -9.136682  -9.59668   -9.664076  -9.40441
 -10.218962  -9.216084  -8.990696 -10.021704  -9.079204  -9.428944
  -9.365086  -9.662278  -9.184938  -9.209878  -9.214692  -9.907444
  -9.945434  -7.981264  -9.035936  -9.678576  -9.281392  -9.682636
  -9.75415   -8.833864  -9.743942 -10.353     -9.728688  -9.079668
  -9.336666  -8.531626  -9.277564  -9.481028  -9.1669    -8.93606
  -9.445416  -9.723758  -9.07526   -9.33945   -8.910714  -9.218868
  -8.94592   -9.163362  -9.176122  -9.247694  -9.108784  -9.608802
  -8.948298  -9.711984  -9.87305   -9.380746  -9.600972  -9.613442
  -9.621214  -9.460264  -9.405396  -9.13268   -8.917152  -9.674632
  -9.150312  -9.742376  -9.153676 -10.216468  -9.813136 -10.132368
  -9.135522  -9.484624  -9.766678  -9.977102  -9.8136    -9.798288
  -9.524354  -9.605844 -10.119086  -9.664656  -9.746726  -9.027178
  -9.206282  -9.692264  -9.65149   -9.493324  -9.769172  -9.246824
  -9.838946  -9.595752  -9.911794  -8.583014  -9.649402  -8.544966
 -10.17465   -9.802    -10.12216   -9.667556  -9.68861   -9.800608
  -9.765228  -9.576612  -9.578468  -9.395652  -9.485784  -9.827056
 -10.057838  -9.765054  -9.786166  -9.447098  -9.600914 -10.101802
  -9.887898  -9.660886  -9.328024  -9.868062  -9.851706  -9.50707
  -9.830942  -9.448954  -9.781816  -9.960978  -9.7788    -9.48329
  -9.690176  -9.18662   -8.600066  -9.047362  -9.50098   -9.547438
  -9.030658  -8.94273   -8.957868 -10.82831   -9.168466  -9.423434
  -9.099562  -9.159708  -9.572842  -9.07729   -9.794286  -9.755716
 -10.091594 -10.027678  -8.127772  -8.66433   -7.630364  -7.429452
  -6.060652  -8.435752  -8.790944  -8.180494  -9.591344  -9.025554
  -8.194298  -8.290404  -5.44417   -5.09849   -8.277702  -7.58321
  -9.104492  -8.481978  -8.700812  -8.822264  -8.354088  -7.664004
  -8.051676  -8.61793   -8.124524  -9.035588  -8.117332  -8.55558
  -9.065168  -7.896004  -8.39811   -9.051712  -8.50976   -9.111568
  -8.313894  -9.056642  -8.24093   -7.978886  -9.175252 -10.927374
 -11.039256 -11.055902 -10.326668 -10.608026 -11.085656 -11.351238
 -11.308782 -11.105724 -10.922966 -10.51569  -10.662488 -11.297414
 -10.24396   -9.670224 -10.509368 -10.416336 -10.657036 -10.140546
 -11.146846 -10.464244 -11.013214 -10.4052    -9.399596  -9.0306
  -8.977878  -9.19706   -9.219216  -8.711252  -8.393702  -6.796324
  -6.197764  -8.62315  -10.805516 -10.065378 -10.18335  -11.149456
 -10.661386 -10.61226   -9.007632  -8.790654  -8.73538   -9.983772
  -8.608998  -9.067314  -9.983946 -10.237928 -10.725708  -9.633684
  -8.662822  -9.340378  -6.89852   -6.664954  -6.733858  -7.714232
  -9.724106  -9.39542   -8.59966   -7.560184  -7.502996 -10.245236
  -9.772014  -8.5666   -10.081502  -8.445902  -7.767592  -9.687682
  -6.969396  -5.148834]"
414,"[ -9.059774  -8.031376  -8.774298  -9.299894  -7.59626   -7.537332
  -8.530292  -8.763278  -8.540268  -8.719198  -8.462548  -8.111184
  -7.344366  -7.451666  -9.249144  -8.506686  -9.37251   -8.836706
  -8.601284  -9.06859   -8.512022  -9.632466  -9.5497    -8.92243
  -8.227822  -9.519308  -8.165588  -9.082684  -8.799702  -8.90967
  -8.548794  -9.907966  -9.049798  -9.637048 -10.131382  -9.947406
  -9.725556  -9.99485   -9.609266  -9.09933  -10.142866  -9.163246
  -9.121776  -9.707634  -9.335796  -8.948762  -9.218288  -8.969004
  -9.361838  -9.446286  -9.433468  -8.945456  -9.459452  -9.049566
  -9.71326   -7.586632  -8.310008  -9.906458  -9.775088  -9.351514
  -9.339218  -9.356792  -9.656826  -9.466354  -9.433004  -9.81157
  -9.40528   -9.321122  -8.997772  -9.935864  -9.584964  -9.170728
  -9.372916  -8.41087   -8.710266  -9.147006  -9.499936  -8.42131
  -8.650352  -7.654782  -9.869048  -9.418214  -8.268132  -9.136798
  -9.41137   -9.51461   -9.78808   -9.665932  -8.964074  -9.155358
  -9.477606  -8.573096  -9.58856   -9.288584  -8.894068  -9.488046
  -9.64598   -9.166262 -10.63227   -9.599232  -9.46357   -9.030194
  -8.90126   -9.475808  -9.341132  -8.87255   -8.529248  -9.495412
  -8.91808   -8.971266  -9.531372  -9.400582  -9.057106  -9.063196
  -9.28783   -9.255582  -9.362708 -10.018978  -9.478244  -9.214344
  -9.295602  -9.031992  -9.898454 -10.023676  -9.33336   -9.342234
  -9.455334  -8.98043   -9.004268  -9.412472  -9.023466  -7.362926
  -9.449186  -8.726158  -8.840998  -9.058788  -9.454     -7.140554
  -8.98536   -8.609636  -9.215272  -9.118238  -9.959934 -10.172098
 -10.138632  -9.964226  -9.506432  -9.696788  -9.83564   -9.17995
  -9.928382 -10.409028  -9.587632  -9.267066  -7.964038  -9.070446
  -8.896446  -9.6309    -9.343046  -9.895554  -9.649112  -9.441008
  -9.517162  -9.85449   -9.06453   -9.178036  -8.272018  -9.663554
  -9.866612  -8.828528  -9.940852  -8.898476  -9.530502  -9.139176
  -8.512312  -9.33104   -9.461018  -9.009894  -9.37802   -9.818356
  -9.787094  -9.909996  -8.982344  -9.227336  -9.778394  -9.649344
  -9.706184  -8.703132  -9.623824  -9.423202  -9.540536  -9.59465
  -9.625332  -9.174208  -9.874326  -9.78866  -10.152262  -9.63351
  -9.063486  -9.237486  -9.375004  -8.349622  -9.054496  -9.546278
  -9.144222  -9.725672  -7.769796  -8.459068  -9.042084  -7.103956
  -8.172606  -9.278144  -9.404526  -9.30697   -9.427784  -9.387532
  -8.956766  -9.328952  -9.291774  -9.3148    -9.320774  -9.22229
  -9.080944  -9.28058   -9.218056 -10.635344  -9.72776   -9.260106
  -9.147006  -9.444662  -8.44306   -9.378658  -9.729268  -8.611666
  -8.980546  -8.58313   -9.257496  -9.28783   -9.42616   -9.079784
  -9.0132    -9.197466  -9.270836  -9.10281   -9.63148   -9.578642
  -7.609194  -7.323544  -8.112982  -8.73509   -8.870346  -9.631248
  -8.992436  -8.964654  -8.807474  -9.07381   -8.031028  -7.273896
  -8.358322  -9.108494  -9.13993   -9.893756  -9.680606  -9.736518
  -8.965524  -9.48184   -8.871854  -8.231476  -9.721844 -10.304454
  -9.224668  -9.966256  -9.097068  -9.678228  -9.553818  -9.77097
  -9.530502  -8.999686  -9.65961   -8.799818 -10.029186  -9.65033
  -9.751366  -8.506338  -9.660248  -9.255756  -8.708758  -9.382138
  -9.308014  -9.175948  -9.283248  -8.738222  -9.453014  -9.460032
 -10.580012  -9.776422  -9.350992  -9.297748  -8.989014  -9.511536
  -9.314452  -9.970664  -9.658624  -9.44617   -9.22113   -9.885404
  -9.59059   -9.208196  -9.569942  -9.440834 -10.29471   -9.363056
  -8.8508    -9.567564  -9.49547   -8.96941   -8.54775   -9.292644
  -8.770238  -9.16719   -9.273504  -9.168292  -9.645574  -9.427958
  -9.240676  -9.130418  -9.255292  -9.747132  -9.359112  -9.263122
  -9.466818  -9.18198   -9.402032  -8.937916  -9.337478  -9.168466
  -9.138828  -9.051248  -9.68571   -9.655898  -9.202164  -8.952126
  -9.588096  -9.363636  -9.032224  -9.217128  -9.531546  -9.140742
  -8.453848  -9.780482 -10.544226 -10.521258  -9.330692  -9.457422
 -10.089738  -9.777756  -9.580266  -9.79823   -9.887028 -10.40143
  -9.7295    -9.182444  -9.16632   -9.721728  -9.719582  -8.942904
  -9.364564  -8.89604   -9.093646  -9.918174  -9.098924  -9.242184
  -9.211096  -9.53085   -9.363752  -9.439326  -9.150776  -9.262542
  -9.387184  -9.135812  -9.060934  -9.049044  -9.481144  -9.50881
  -8.97347   -9.77648   -9.117078  -9.460554  -8.239828  -9.32234
  -9.896192 -10.020776  -9.883664  -9.966024  -9.519482  -9.31915
  -7.794098  -9.245954  -9.285974  -9.42761 ]"
415,"[ -9.718654  -9.707518  -9.66396  -11.134666 -11.074868 -11.03131
 -11.656898 -11.8871   -11.647908 -11.998982 -11.058744 -11.600696
 -10.74624  -11.785774 -11.585674 -10.844376 -10.488604 -10.156728
 -10.427414 -11.037632 -11.250782 -10.89559  -11.182632 -10.513718
 -10.518184  -9.941258 -10.41506   -9.548946 -10.51047   -9.162608
  -7.081452  -8.443408  -8.620018  -6.22427 ]"
416,"[-10.896866 -11.394332 -11.455232  -9.862378 -11.517988 -11.627492
 -11.330648 -10.692184 -11.261686 -11.35669  -11.185532 -11.12701
 -10.590336 -10.621772  -9.149964  -7.513552  -6.499306  -5.994648
  -7.540812  -9.425754  -7.86393   -8.596354  -8.067104  -8.386452
  -9.231628  -9.777756 -10.171634  -9.62858   -9.589372  -9.202802
  -9.825606  -8.85921   -9.577018  -9.377324  -9.967822  -9.700326
  -9.6512    -9.943984  -9.784542 -10.310196  -9.289802  -9.840396
  -9.16197  -10.281718  -9.251928  -9.624404  -9.897062  -9.522788
  -9.884128  -9.885926  -9.724744  -9.693888  -9.921364 -10.116824
  -9.470646  -8.47206   -7.947508  -7.702806  -7.882316  -7.87379
  -8.550418  -9.66512   -8.33431   -8.417482  -8.983214  -8.139778
  -8.583884  -8.273236  -9.107798  -8.522636  -9.142598  -8.117042
  -8.397762 -10.126278  -8.960014  -6.871898  -6.606432  -6.85734 ]"
417,"[ -9.658102 -10.008074 -11.393926 -10.622932 -10.341052  -9.173048
  -8.383552  -8.30618   -7.676532  -9.641804 -10.146752  -8.544444
  -9.527776  -9.027004  -8.92678   -8.31314   -7.324414  -9.71645
 -10.221862 -10.323884 -11.259946  -9.582818  -9.611354  -8.626224
 -11.086526  -8.96448   -9.873282  -7.946928  -9.040634  -9.156054
  -9.842658  -9.839236 -11.572102 -11.083626 -11.796098  -9.743362
 -10.36982  -10.65141  -10.255502 -10.738526 -10.170184 -10.84107
  -9.583688 -10.730232  -9.79649   -8.445438  -9.430858 -10.270466
 -10.79467  -11.36742  -10.987578 -10.145592  -8.866982  -9.076942
  -8.647452 -10.790784  -9.553238  -8.91344   -8.456458  -8.362614
 -11.904036  -9.720452 -10.150232 -10.5038   -11.186228 -10.405258
 -11.051088 -11.517582 -10.034232 -11.153922 -10.217222  -9.984874
  -8.958796 -11.270734 -10.875522 -10.826396 -11.405526 -11.26273
 -11.021972  -9.750322 -10.05082   -9.943462 -11.070808  -9.832798
  -9.036864  -9.765286 -11.654868 -10.60414   -9.938068  -9.908836
 -11.172366 -10.083242  -9.608106  -9.915854  -9.170612 -10.241582
 -11.210356 -10.979284 -10.349984 -10.34923  -10.351376 -10.072048
  -7.429974  -8.733292  -7.987876  -8.593454  -9.35714   -9.075086
 -11.418518 -11.055786 -10.928244 -10.932362 -10.076398  -9.736576
 -10.391164  -9.990906  -9.830478 -10.607968 -10.194486 -10.173838
 -10.021298  -9.733154 -10.444118  -9.952046  -8.27892   -9.673994
  -9.328372  -9.927396  -8.461736 -10.135036 -10.143388  -8.782708
  -7.322384  -6.80224   -7.282538  -9.052988  -9.838946 -10.621134
  -9.763372  -9.825896  -6.558292  -5.36616   -6.187556  -7.00553
  -7.887652  -6.547272  -9.144106  -7.58263   -6.70828 ]"
418,"[ -8.205956 -10.30022   -8.223414  -7.702632  -9.381036  -9.269618
  -8.160136  -8.411218  -7.755528  -8.75945   -9.117658  -9.325124
  -8.174056  -9.757514  -9.841614  -9.982786  -7.84885   -7.677054
  -6.985346]"
419,"[ -9.970722  -9.711462  -8.953518  -9.759254  -9.730834  -9.432018
  -9.783034  -9.707054  -9.713144  -9.239806  -9.660248  -9.926932
 -10.001172 -10.096408  -9.582586  -9.362244  -9.21504   -9.502082
  -9.37251   -9.729848  -9.313292  -9.406904  -9.682172  -9.179196
  -9.804494  -9.835582  -9.671732  -9.433178  -9.715464  -9.721728
  -9.532474  -8.746226  -9.384864  -9.40702   -9.317642  -9.650098
  -9.293166  -9.964052  -9.57319   -9.770448  -9.647894  -9.459046
  -9.51229   -9.76227   -9.988528  -9.658102  -9.461308  -9.81882
  -9.611818  -9.484508  -9.14544   -8.18322   -9.341538  -9.886332
 -10.216642  -9.300706  -9.043998  -9.42326   -9.029672  -9.698992
  -9.525688  -9.768592  -9.513566  -9.145208  -9.7875    -9.88987
  -9.478534  -9.882852  -9.692612  -9.597608  -9.284698  -9.342292
  -9.91278   -9.627594  -8.957056  -9.996358  -9.62539   -9.7846
  -9.555094  -9.50939   -9.857738  -9.681128  -9.70369   -9.762386
  -9.277332  -9.360272  -8.321028  -9.397044  -9.777814  -9.507186
  -9.292296  -9.6686    -9.629392  -9.34235   -9.123632  -8.766932
  -9.762328  -9.572958  -9.511652  -9.48706   -9.413168  -8.694084
  -9.180936  -9.699398  -9.876936  -9.66483   -9.4395    -9.746726
  -9.292992  -9.10078   -9.733618  -9.158142  -9.773464  -9.801072
  -9.490134  -9.16255   -9.234876  -9.46241   -9.744812 -10.016658
  -9.861798  -9.323442  -9.263644  -9.702298  -9.159418  -9.536476
  -9.376802  -9.753106  -9.77358   -9.867076  -9.79417   -8.92707
  -9.345366  -9.739824  -9.567506  -9.791328  -9.572726  -9.322398
  -9.742666  -9.89132   -9.495296  -9.844746  -9.926874  -9.509332
  -9.386372  -9.698702  -9.84927   -8.460054  -9.098808  -9.381036
  -9.608396  -9.581194  -9.439906  -9.757804  -9.702936  -9.297748
  -8.996554  -9.760472  -9.695512  -8.897142  -9.982728  -9.349426
  -9.561126  -9.237022  -9.757166  -9.267762  -9.297516  -9.50562
  -9.533924  -9.485436  -9.667904  -9.079958  -9.305694 -10.549562
 -10.398762  -9.999374 -10.275628  -9.877748  -9.794866 -10.456762
 -10.460416 -10.25092  -10.336296 -10.174128 -10.518126 -10.406302
 -10.681164  -9.8745   -10.32835  -10.525376 -10.40839  -10.169372
 -10.348476 -10.515342 -10.622932 -10.642536  -9.630378  -9.848052
 -11.066168  -7.963806  -8.601052  -8.769426  -9.338986 -10.95185
  -8.960014 -10.37417   -7.908242 -10.262056  -8.149812  -7.799086
  -9.45574   -9.085468  -8.548678 -10.059172  -9.485552  -9.533924
  -8.904856  -9.699514  -9.046028  -9.727122  -9.507186  -9.543494
 -10.11868   -9.208834  -9.601146  -9.285104  -9.58363   -9.406034
  -9.793996 -10.021994  -9.724802  -9.513392  -9.569594  -9.013084
  -9.230468  -9.77184   -9.300358  -9.519598  -9.608164  -9.610658
  -9.065574  -9.948102  -9.789762  -9.65149   -9.13877   -9.605148
  -9.669238  -9.804842  -9.44762   -9.438398  -9.411254  -9.675618
 -10.049892  -9.016042  -9.285104  -9.37135   -9.040576  -9.780076
  -9.908662  -9.635192  -9.630842  -9.763836 -10.249876  -9.815746
  -9.377034  -9.492222  -9.769868  -9.575916  -9.530444  -9.947522
  -9.505156  -9.900484  -9.513392  -9.52099   -9.819632  -9.505968
  -9.34844   -9.380224  -9.736112  -9.725034  -9.820734  -9.985976
 -10.000476  -9.410326  -9.04684   -9.98064   -9.599928  -9.315322
  -9.418214  -9.647314  -9.40499   -9.868352  -8.854744  -8.799122
  -8.807996  -9.66251   -8.426994  -8.394978  -6.372692  -7.25667
 -10.292448 -10.487154 -10.293028 -10.20307  -10.350564 -10.15261
  -9.81447   -8.937742  -8.717806  -9.598768  -9.522614  -9.378774
  -9.61698   -9.705256  -9.649866  -9.720046  -9.849734  -9.816674
  -9.302794  -9.556718  -8.680512  -5.961472  -7.29118   -7.885854
  -8.064436]"
420,"[ -8.419686  -8.942382  -8.984142  -9.730892  -7.968504  -8.240524
  -8.785782  -9.343452  -7.853606  -8.60111  -11.99817  -11.70846
 -12.055706 -11.311798 -10.142402  -8.497     -8.620888  -8.023778
 -10.063406 -11.330648 -10.806328 -11.37786  -11.301242 -11.019014
 -11.40222  -11.475242 -12.136268 -11.732472 -11.757122 -11.135014
 -11.455116 -11.69483  -10.77031  -11.104332 -11.454942 -11.53417
 -12.060404 -10.960028 -10.971512 -11.65974  -11.38975  -11.620474
 -11.219404 -11.882692 -11.344916 -11.3854   -11.933732 -11.600638
 -11.789718 -11.600986 -10.706858 -11.675806 -10.964958 -11.51793
  -9.17531   -8.751562  -7.329576  -8.375316  -6.608346  -6.149914
  -8.21309   -7.804306  -8.692518  -6.027128  -7.075536  -8.64519
  -9.604394  -8.793148  -9.69093   -8.718328  -8.327118  -8.324276
  -8.222486  -7.415242  -6.836228]"
421,"[ -8.891168  -9.504692  -9.786224  -9.131172  -9.36932   -9.690234
  -9.33684   -8.935248  -9.127518  -9.218578  -8.966684 -10.025242
  -8.591714  -8.94708  -10.033362  -9.662916  -9.416474  -7.776408
  -7.294022  -9.374714  -9.54448   -9.200192  -9.453594  -9.98586
  -8.74176   -8.825106 -10.143272  -8.990116  -8.803472  -9.835292
  -8.513936  -9.246824 -10.1703    -8.780852  -6.907104  -8.210828
  -9.852344  -9.459278  -9.129664  -8.880032  -8.787464  -9.049566
  -8.880786  -9.043418  -8.79193   -8.606968  -9.085178  -8.347766
  -8.422992  -9.60799   -9.054902  -8.664562  -9.422158  -8.927476
  -8.631096  -9.135696  -8.884904  -8.888964  -8.999918  -8.443582
  -8.487024  -9.66338   -8.553492  -7.948378  -9.216258  -8.146506
  -9.26985   -9.829086  -9.046086  -8.737062  -9.147586  -9.389968
  -8.588408  -9.56768   -8.574198  -8.80846   -9.698296  -8.27283
 -10.171692  -8.30618   -8.863966  -9.574118  -8.693504  -8.240698
  -9.349426  -8.695186  -8.70145   -9.1408    -8.59966   -9.554166
  -8.66259   -8.372648  -9.487814  -9.625738  -9.103158  -8.7696
  -8.922198  -9.118644  -9.013664  -8.77308   -8.659342  -9.477838
  -8.709918  -9.506838  -8.336108  -8.932812  -9.402612  -8.632662
  -8.730334  -9.018304  -8.58342   -9.127344  -9.136566  -8.724244
  -9.16255   -9.457422  -7.940258  -9.991196  -9.028106  -8.580984
  -9.862436  -9.145092  -8.877654  -9.274548  -9.215504  -8.291216
  -9.484218  -9.236384  -8.620424  -9.190738  -8.605054  -8.892328
  -9.587516  -8.369806  -9.238936  -9.47894   -8.617524  -9.25854
  -9.164116  -8.385814  -8.863212  -9.768998  -7.972564  -8.81977
  -8.976022  -8.123944  -9.2481    -9.312074  -8.553608  -9.000266
  -9.664888  -9.003456  -8.285706 -10.060158  -8.270162  -9.836046
  -8.235072  -8.78323   -9.27565   -8.670014  -9.76372   -8.568108
  -9.17647   -9.170786  -8.385002  -8.915412  -8.950096  -8.935306
  -8.958506  -8.330076  -9.562982  -8.930724  -8.748256  -8.818204
  -9.76662   -9.213068  -8.558422  -8.958564  -8.945804  -8.827542
  -9.043186  -9.242416  -8.855324  -9.232672  -8.685848  -8.993016
  -9.88581   -8.649076  -9.056584  -9.479868  -9.151066  -9.56333
  -8.226836  -9.243054  -9.258308  -7.766954  -9.05786   -8.748952
  -8.33982   -9.380514  -9.051364  -8.531394  -9.76952   -8.649598
  -8.811186  -9.144396  -8.860544  -9.853562  -8.214366  -9.006588
  -9.672312  -8.724824  -9.055772  -9.494774  -8.523622  -9.963182
  -9.310102  -8.755506  -9.631538  -9.088078  -8.569616  -9.441704
  -8.59531   -8.88618   -8.996902  -8.35577   -9.6628    -8.28936
  -9.005428  -8.271786  -9.406208  -8.829224  -8.466202  -9.23389
  -9.331156  -9.101534  -9.37918   -9.167364  -9.619532  -8.61851
  -9.143816  -9.425638  -9.661118  -8.851728  -9.514378  -9.50446
  -8.698724 -10.191064  -8.391904  -8.95404   -9.027758  -8.990174
  -9.034718  -9.398958  -8.473568  -8.97173   -9.296008  -8.426472
  -9.354472  -6.980184  -6.801022  -8.136878  -5.956368  -8.38216
  -9.08483   -8.720242  -8.937452  -9.404004  -9.287018 -10.56035
  -8.77308   -8.788566  -7.912012  -9.698528  -9.884476 -10.845478
 -10.959332 -10.475728 -10.773036 -10.421382 -10.011264  -8.458488
 -10.245062 -10.372604 -10.69665   -9.370132  -8.361454  -9.387822
 -11.503952 -11.154792 -11.726904 -11.089774 -10.682904 -10.04299
  -8.541602  -7.410718  -7.949364  -7.637208  -8.40362   -8.715776
  -8.664098  -8.684282  -9.096778  -8.723026  -9.75328   -8.618104
  -9.211328 -10.532336 -10.11781  -10.362222 -10.048152  -9.806292
 -10.965422 -10.885498 -11.248462  -9.58247   -9.756644 -10.64822
 -11.600348 -10.975978  -9.354762 -10.756448  -8.800746  -5.23537 ]"
422,"[ -9.437644  -9.594418  -8.535106  -9.646792  -8.674538  -8.91837
  -9.798868  -8.671464  -9.165856  -9.460264  -8.478266 -10.001346
  -8.800166  -9.181632  -8.888094  -8.799064  -9.499588  -9.61118
  -9.695686  -8.821626  -9.651316  -9.493266  -9.136276  -7.891886
  -7.884694  -8.138502  -7.460772  -7.674038  -7.220014  -8.018268
 -10.184916  -9.569014 -10.144258 -10.019094 -10.226328 -10.15986
  -8.355654  -9.16951  -10.224298 -10.450614 -10.406708  -9.158316
  -8.414814  -9.966488  -9.060296 -11.65249  -11.644022 -11.888492
 -11.584804 -11.671862 -11.433946 -11.863784 -11.838032 -11.869062
 -11.092674 -11.521932  -9.39136  -10.949878 -10.963508  -9.77619
  -8.77569   -6.726318  -6.882338  -7.759182  -7.379514  -7.259686]"
423,"[ -9.961094  -9.506374 -11.205542  -8.90735  -10.44493  -10.291404
 -11.85926  -11.623026 -11.684506  -9.871484  -9.638324  -9.692264
  -7.69283   -9.187838  -7.170772  -7.72386   -7.975174  -6.51108
  -7.57799   -7.760864  -8.723606  -8.184206  -9.544538 -10.283516
 -11.275722 -10.85325   -9.536186 -11.97932  -10.300394 -10.66359
 -10.637548 -11.778234  -8.916282  -8.689792 -10.201272 -10.341748
 -10.974586 -10.353058 -10.688704 -10.384262 -10.683368 -10.5589
 -11.377396 -10.220992 -11.495368 -11.437716 -11.357096 -10.009292
 -10.627746 -11.062514 -11.37003  -11.725976 -11.176542 -11.066632
 -10.69346  -11.219346 -11.2462   -11.099634  -8.812346  -9.067778
  -8.896504 -10.047862  -9.512174  -9.951582 -10.595034 -11.148528
 -10.781098  -9.525978  -9.195958  -9.191666 -10.192224 -10.224472
  -9.54854   -9.72863   -9.470936 -11.01855   -8.026388  -7.000716
  -7.166364  -6.572386]"
424,"[ -9.83796  -10.540514 -10.774776 -10.15029   -9.855302 -10.487328
 -10.8692   -10.043396 -10.937756  -9.275476  -8.338834  -8.57936
 -10.634184  -8.33518  -10.267044 -10.263042 -10.112764 -11.496412
 -10.40665  -10.70651  -10.51308  -10.523752 -10.517894 -10.042062
  -9.483986  -9.39397  -10.087998  -7.39819   -6.991552  -9.774218
  -8.76815   -8.154742  -8.362614  -6.367414]"
425,"[ -9.602654  -9.525166  -9.687798  -8.475134  -9.72109   -9.488162
  -9.556718  -9.520468  -9.308478 -10.106964 -10.26136   -9.595346
  -9.15791   -9.662278  -9.552252 -10.456414 -10.10911   -9.042722
 -10.008654  -9.529806  -8.905088  -9.636004  -9.097416 -10.39447
 -10.937524 -11.663684 -11.207804 -10.758188  -9.652128 -10.149652
 -10.355726  -8.951836  -9.76256   -9.902862  -9.401974  -9.961964
  -9.097358  -9.671326  -9.570174  -9.22142   -9.586298  -9.611702
  -9.456378  -9.539898  -8.883164  -9.915042  -8.834386 -10.23671
  -8.936582  -8.640376 -10.365528  -9.580614  -9.169858  -9.857216
  -9.942244  -9.80403   -9.128156 -10.719444  -9.920204  -9.236326
 -11.162738 -10.808126  -8.84877   -7.176224  -8.794656 -10.705466
 -10.909742 -10.68969  -10.628964 -11.125096  -9.441588  -8.355944
  -7.837192  -8.002724  -7.928774 -10.28862   -8.078994 -10.027388
  -9.199438  -9.433932  -9.137784  -9.481144  -9.68107  -10.182306
  -9.47459   -9.091384  -9.212024  -9.586588  -9.616516  -9.29305
  -9.625042  -9.730428  -8.695128  -9.059542  -8.70087   -9.281334
  -8.825686 -10.171692  -9.477258  -9.17096   -9.703574  -9.53781
  -9.773522  -9.556254 -10.030578  -9.200598  -8.809272  -9.904254
  -9.66773   -7.756166  -9.039706  -9.67933   -8.09709   -6.710658
  -6.6816    -9.104608  -7.18823   -6.94376   -7.892988  -8.658124
  -8.323     -8.121218  -8.41725   -8.781316  -9.558864  -8.888848
  -9.428828  -9.618604  -9.43776   -7.978886  -9.38701   -9.397856
  -9.641746  -8.842274  -5.35775 ]"
426,"[-12.137602 -11.405526  -8.00139   -9.061398  -7.965546  -6.109604
  -7.536462  -8.083866  -9.454696  -9.752758  -8.833574 -10.12332
  -8.459764  -8.964132  -9.629334  -8.597166  -8.09361 ]"
427,"[ -8.403446  -7.824606  -6.72191   -9.03727   -9.97948  -11.886288
 -10.977428 -10.73174  -11.558704 -12.255284 -10.794554 -10.053778
 -11.238602 -11.623316 -10.628674 -11.269922 -11.800912 -12.356726
 -11.617516 -11.678474 -11.479244 -12.14201  -12.821306 -11.866046
 -12.044164 -12.86382  -12.801006 -11.920044 -11.26969  -11.758572
 -11.588458 -12.12229  -12.469362 -11.391606 -11.373858 -10.527058
 -11.305012 -12.660646 -11.271198 -12.593714 -12.134528 -12.77914
 -12.936436 -11.474024 -11.974042 -10.58964  -10.053952 -11.683288
 -11.521236 -10.778662 -11.236688 -11.48226  -10.437332 -12.695562
 -12.273786 -11.716    -11.165116 -12.819276 -11.50633  -12.4874
 -11.652084 -11.263426 -11.458016 -11.978044 -11.877182 -11.541652
 -12.6991   -11.703878 -10.388264  -8.673378  -8.013744  -8.41957
  -9.967822 -10.09142   -9.344438  -8.829978  -8.14407   -9.863016
  -8.40043   -8.439348  -9.150196  -9.116672  -9.769288  -8.58748
  -9.543842  -8.581506  -8.482732  -8.885136 -10.634184 -11.013446
 -11.129968  -9.845674  -8.947892  -8.938844  -9.865452 -11.502154
  -8.049704  -7.622302  -9.985396  -9.860116 -10.270524 -10.734814
 -10.933058 -10.01631  -10.057316 -11.276418  -8.544386  -8.694258
 -10.456994 -10.629428 -10.557914  -9.594128  -9.036806  -9.665642
 -10.262172  -9.922988 -10.549794 -10.52642  -10.37852   -8.530698
  -7.774842  -8.14523   -8.255546  -8.753418  -9.675096  -8.503206
  -5.885956  -6.244976  -7.552586  -7.124952  -7.277956  -6.175434
  -8.044774  -8.319578  -8.079864  -8.760842  -9.019058  -9.42152
  -9.452028  -9.810004  -9.823866  -8.914774  -9.592504  -9.289628
 -10.148782  -8.743732  -6.363006  -6.126888  -8.007422  -7.986542
  -9.178732  -8.072904  -7.480318  -8.756144  -8.054286  -7.230106
  -8.66085   -6.737106]"
428,"[ -9.837148  -9.324254  -9.011402  -9.898628  -8.81745   -8.639448
 -11.211864  -6.776836  -5.601118  -6.05027   -5.898658  -5.434716
  -7.260266]"
429,"[ -7.638252  -8.556624  -9.22606   -9.045738  -9.06888   -8.39405
  -8.081082  -8.22469   -8.450252  -7.440936  -9.212778  -9.027178
  -8.348926  -8.864952  -8.466898  -9.796838  -9.69905   -9.238066
  -9.822242  -9.940504  -8.289824  -9.465252  -9.370828  -7.254002
  -6.441712  -7.247158  -8.133224  -9.382544 -10.722982  -7.749438
  -7.144962  -5.44011   -5.64804   -6.98581   -9.982786 -12.008784
 -10.099018  -9.994676 -11.169176 -10.266116 -11.059498 -11.322122
 -11.260468 -11.820516 -10.69694  -10.95794   -9.625332  -9.936386
 -10.194834 -12.511528  -9.717668 -11.00115  -11.138726 -12.627702
 -11.584572 -10.924184 -11.217838 -11.13194  -10.964668 -10.915658
 -11.16616  -11.096792 -10.21931  -11.106072 -10.204346 -11.077536
 -10.438782 -11.361446 -10.41796  -11.359764 -11.214532 -10.40085
 -11.84563   -9.977624 -10.415872 -11.976478 -11.253566 -10.477468
 -11.237442 -11.577786 -11.273402  -9.347222 -10.107138 -10.333454
 -10.525492 -12.491808 -10.938568 -10.36692   -7.741434  -7.210502
  -6.414626  -7.105638  -7.869324  -7.434324 -10.188222  -9.67469
  -8.908916 -10.195762]"
430,"[-10.429966  -8.257924  -6.794758  -9.042664  -8.141228  -7.932428
  -7.59597   -6.500292  -9.678112  -8.805328 -10.601066 -10.229692
 -10.19002  -10.784056  -9.768882  -9.582064  -9.60103   -9.713666
 -10.304164 -11.270096  -9.90408   -9.999722  -9.483696  -9.728746
 -10.218904 -10.623744 -10.405142 -10.909568  -9.202048  -9.142308
  -7.90337   -8.209958 -10.008132 -10.684122  -9.825548 -10.048906
  -9.881286  -9.422912 -10.072454  -8.615958  -9.578062  -9.308072
  -9.073172  -9.247694  -9.432018 -10.515632 -10.468014  -9.621562
  -9.9673   -10.08765  -10.496724 -10.236188 -10.038814  -8.946616
  -8.39579  -10.124248  -7.273374  -6.681368 -10.68012   -9.487872
  -9.923104  -9.722134  -9.085758  -8.7986    -9.483522  -9.475634
 -10.037828 -10.218846  -9.715812 -10.80366   -9.984584 -10.023734
  -9.432946  -8.661314  -7.401728  -8.382218 -10.618002  -7.04932
  -5.5129  ]"
431,"[ -9.122994  -9.524528  -9.4308    -9.566172  -8.496362  -8.768904
  -8.656964  -7.383342  -9.413632  -9.985512 -10.086954 -10.79989
 -10.907016 -11.1302   -12.204708 -11.757992 -11.591126 -10.095132
  -8.537948  -8.280022  -8.641884  -7.950582  -6.25878 ]"
432,"[ -7.674676  -7.748974  -7.731632  -8.275846  -9.42007   -8.882758
  -8.114084  -7.196234  -7.033834  -8.18786   -8.598616  -9.450752
  -9.781004  -9.899092 -10.634996  -8.34997   -7.636338  -8.91576
  -8.813912  -8.9668    -8.825222  -8.659168  -9.691104 -10.164964
 -10.125814 -10.188222  -9.91916   -8.796338  -9.239748  -9.604278
 -10.62502  -10.347084  -9.761516  -9.033732  -8.899694 -10.054996
  -9.463048  -9.377498  -9.374134  -8.867736  -9.278898  -9.40325
  -9.179486  -9.10252   -8.852018  -8.56892   -9.229192  -8.863328
  -8.872608  -9.199438  -9.239342  -9.311378  -8.77366   -9.42413
  -9.412994  -9.149094  -9.014476  -9.139234  -8.58835   -9.447678
  -9.273388  -9.021668  -9.88291   -9.279942  -9.6077    -9.951872
  -9.248274  -9.14863   -9.324544  -9.459104  -9.49112   -8.575822
 -10.087186 -10.204114  -9.203034  -8.678656  -9.322804  -9.086918
  -9.04075   -9.753396  -9.43776   -8.84326   -9.346874  -9.361548
  -8.630458  -8.951662  -9.200018  -9.12195   -9.082336  -9.433816
  -9.37599   -9.074274  -8.93113   -9.310566  -8.671174  -8.926084
  -9.751308  -9.15733   -9.042954  -9.334404  -9.17531   -9.777176
 -10.246454  -8.798484  -9.569014 -10.696766  -8.893082  -9.260802
  -9.063138  -9.632872  -9.046666  -9.365666  -8.565788  -8.761132
  -9.551092  -9.099214  -9.597376  -9.349078  -9.025148  -8.458256
  -9.715696  -9.042954  -8.429662  -8.933218  -9.197234  -8.759566
  -9.32669   -8.721866  -9.182502 -10.267682  -9.714188  -9.028106
  -9.64163   -9.429176  -9.288236  -9.120732 -10.216584  -9.820966
  -9.371466  -9.51171   -9.222116 -10.418076  -9.245084  -9.600624
 -10.09084   -8.695592  -7.47968   -7.957368  -8.97347   -9.334636
  -9.155764  -9.178268  -9.319556  -9.276462  -9.155358  -9.259294
  -9.027874  -9.27913   -8.837866  -9.257554  -9.485842  -9.434918
  -8.99928   -9.405802  -9.634206  -8.901202  -9.61553   -8.826904
  -9.353022  -9.537868  -8.997772  -9.925772 -10.380608  -9.130244
  -8.701798  -9.495238  -9.048348  -9.22809   -8.299742  -8.289244
  -9.28116   -9.104666  -8.711484  -9.021088  -9.155416  -9.105478
  -8.731204  -9.542914  -9.294442  -8.97376   -8.891052  -8.988318
  -9.59784   -9.18865   -8.71682   -9.50997   -9.821314  -9.321934
  -9.73124   -9.570232  -8.619496 -10.34285   -9.50185   -9.208486
  -9.334114  -9.28435   -9.644646  -8.625006 -10.04241   -8.867272
  -9.279536  -9.327908  -8.830906  -9.166262  -9.203208  -9.258772
  -9.038836  -9.011866  -9.222754 -10.686848  -8.040192  -8.339994
 -10.27992   -9.455682  -8.822554 -10.197212  -9.456842  -8.814318
  -9.261614  -9.574524  -8.17162   -8.677322  -9.107682  -8.75249
  -8.683296  -9.360098  -8.929448  -8.76583   -8.428618  -6.91766
  -7.739462  -8.865474  -9.199032  -8.761538  -8.159208  -8.465796
  -8.711426  -9.657986  -9.893524  -9.985744  -8.857644  -9.96701
  -9.086048  -9.595346 -10.07547   -9.7005   -10.296392  -9.04162
 -10.19756   -9.527486  -9.813542  -9.559502  -8.519156  -9.739534
 -10.146578  -7.606004  -8.235246  -8.964248  -7.663946  -9.283596
  -9.367464  -9.15008   -9.41282   -9.952858  -9.83651   -8.723954
  -9.777524  -9.274084  -8.432794  -8.810258  -9.096488  -8.831776
  -9.1698    -8.29719   -8.604184  -9.158432  -8.486676  -8.996496
  -8.746458  -9.590184  -9.16081   -9.408412  -9.016042  -8.26616
  -8.98101   -9.223218  -8.487256  -7.869498  -6.250022  -5.746118
  -9.223682  -9.535432  -7.85552   -8.63765   -9.237254  -7.961544
  -8.912686  -8.187222  -8.773776  -8.89662   -9.075666  -9.200134
  -8.334948  -9.425928  -9.480274  -8.891864  -8.906944  -8.975732
  -9.69064   -9.017666  -9.130302  -9.46589   -9.277564  -8.740948
  -9.65584   -8.399154  -9.660654  -9.187838  -9.698876  -8.551578
  -9.724686  -8.731552  -9.187084  -9.4221    -9.299778  -9.120848
  -9.078856 -10.467608  -8.948356  -9.588502  -9.7353    -9.099678
 -10.208058 -10.551708  -8.646292  -9.179776  -9.380572  -9.16226
  -9.421404  -9.137842  -9.530676  -9.085004  -9.76981   -9.762676
  -8.859848  -9.459278  -8.958622  -8.78816   -9.185344  -9.396812
  -8.854164  -6.900202  -7.504678  -7.098794  -5.661496  -5.467254
  -8.707134  -7.567376  -7.632162  -8.290752  -8.619844  -7.025598
  -6.18309   -9.019406  -9.38005   -9.199728  -7.517438  -9.581136
 -10.030984  -9.56246   -9.201816  -9.832102  -9.040924  -9.578468
 -10.485008  -9.165914  -8.63823   -7.984106  -6.13553   -7.965372
  -8.52745   -8.214656  -9.038256  -8.333614  -8.63359   -9.058498
  -7.580774  -8.672392  -8.79599   -9.399886]"
433,"[ -6.843478  -5.387504  -7.534606  -7.484378  -8.368994  -9.772652
  -7.396044  -9.228728  -8.744428  -8.73248   -8.538528  -9.138654
  -9.405744  -7.987006  -8.65418  -10.013642 -10.413784 -10.382928
  -9.794576  -7.7894    -8.76612   -9.470588  -9.731936  -9.206572
  -9.603582  -9.31219   -9.926294  -8.623962  -8.26007   -8.175796
  -8.658066  -7.68558   -9.399886  -8.206942  -7.825418  -7.63367
  -7.024554  -9.0248    -8.702088  -6.938366  -7.25986   -8.045122
  -7.570914 -10.864676  -7.054308  -5.609818  -6.21383   -8.071628
  -9.057396  -8.61648   -9.43689   -9.114004  -9.091384  -9.580672
  -9.7701   -10.278064 -12.13998  -10.960956 -11.458074 -10.33647
 -10.007262 -11.190462  -9.192536  -8.760378  -8.640144  -8.667462
  -5.84408   -6.360976  -7.568942  -7.447432  -6.135762  -7.587908
  -5.670892  -5.181082  -6.114418  -9.400176  -9.124676  -9.536708
  -7.664352  -9.455276  -9.57551   -9.652128  -9.509274  -9.438746
  -9.822068  -9.698122  -9.707402  -8.904218  -9.121718  -7.71748
  -7.482232  -9.664076  -6.228214]"
434,"[-10.505192 -10.58674   -9.406324  -9.20315  -10.781736  -9.921132
 -10.998714 -10.9823   -11.38569  -10.955968 -10.513312 -11.197712
 -10.116592 -10.904232  -9.458234  -9.311378  -9.052698 -10.971164
 -11.081596 -11.459466  -9.93743  -10.295058 -10.273888 -10.148492
  -9.328024 -10.438724 -10.710628 -10.977776 -11.220506 -10.782316
 -11.062282 -10.702044 -10.194718  -9.907908 -10.174302  -9.937952
  -9.817892 -10.06793  -10.976094 -10.073846 -10.23526  -10.534018
 -10.005812 -10.977196 -11.028642  -9.753338 -10.849132 -11.210994
 -10.904232 -10.870882 -10.964494 -11.25548  -11.19574  -11.02725
 -11.125038  -9.945318  -9.306506  -8.535048  -9.281682 -10.19814
 -11.527152 -10.88515  -10.517314 -10.05749  -11.521294  -9.056004
  -9.945434  -8.314532  -9.156518  -5.548918]"
435,"[-10.266812  -9.265442  -9.48242  -11.372292 -10.776574 -11.479534
 -11.116164 -11.042562 -10.547242 -10.46929   -9.267646  -9.35569
  -9.510608  -8.356176  -8.976776  -8.641246  -7.668702  -6.583058
  -8.382102  -8.560974  -7.403816  -9.031006  -9.222754  -9.822938
  -8.961174  -9.534446  -8.282284  -8.723954  -6.626964  -8.705916
  -8.462722  -8.571878  -8.03329   -7.367044  -6.518678  -7.642428
  -9.19735   -8.072034  -6.955882  -6.99596   -5.74896   -5.644328
  -6.56937   -8.150566  -6.649932  -5.580702  -5.51      -7.835684
  -8.247948  -7.834872  -7.557806  -8.027084 -10.502872  -8.632256
  -8.811998  -9.652882 -10.185786  -9.9731    -8.391266 -10.134572
 -10.735278  -9.948856 -10.058418 -10.626238 -10.086606  -9.597608
  -8.837634  -9.64656   -6.811404  -6.29213   -8.904914  -8.339066
  -8.760262  -8.696346 -11.427044  -9.159128 -10.942048  -8.984664
  -8.619844  -8.933566  -7.975464  -7.092008  -8.963958  -8.022676
 -10.134572 -10.12245  -10.776806 -10.532452  -9.949146  -9.375294
 -10.47915  -10.284154 -10.78452   -9.72486  -10.174998 -10.420222
 -10.70477  -10.561046 -10.004594 -10.76045  -10.491272 -10.333106
 -10.551592 -10.436694 -10.378288 -10.4487   -10.187004 -10.422716
 -10.341516 -10.291694 -10.57659  -10.348302 -10.28137  -10.210494
 -10.534482 -10.45914   -9.710244 -10.58268  -10.494694 -10.053836
 -10.382232  -9.705256 -10.523578 -10.656398 -10.23961  -10.207884
  -9.538448 -10.344126 -10.469812 -10.45856  -10.250804 -10.203592
 -10.377012 -10.268668 -10.276092  -9.135232 -10.097916 -10.29848
 -10.726462 -10.49481  -10.481876  -9.546742 -10.128308 -10.164674
 -10.07141   -9.804146 -10.355088 -10.353522  -9.597956  -9.67237
 -10.192108  -9.600218 -10.438434  -9.966662  -9.68571   -9.462642
  -9.726658 -10.328176 -10.797048 -10.50699   -9.974666  -8.914194
  -9.068358 -11.121558  -8.645654  -9.47662  -10.567368  -8.973934
 -10.916006  -9.774914  -9.704792  -9.516524  -9.618372 -10.02965
  -8.799876  -6.587988  -6.394906  -8.719372  -8.122552  -8.115534
  -8.289824  -7.93788  -10.655296 -10.339196 -10.588712 -10.406476
  -9.653752 -10.492664 -10.44899  -10.219368 -10.241466 -10.431068
 -10.643174  -9.76981   -9.5323    -9.435498  -9.997286 -10.496492
 -10.446148 -10.709584 -10.295116 -10.381826 -10.021994 -10.007784
  -9.901238 -10.249412 -10.778778 -10.715442 -10.00761   -9.98296
 -10.145128 -10.288272 -10.207478  -9.609034  -9.788834  -9.385676
 -10.406998  -8.992262  -9.022248 -10.190368 -10.587146 -10.711034
  -8.40681  -10.568876 -10.278122 -10.32255  -10.316982 -10.573632
  -9.782686 -10.163514 -10.554492 -10.292042 -10.6633   -10.118564
  -9.76314  -10.357292 -10.796642 -10.05169  -10.367036 -10.398646
 -10.069032 -10.438434  -9.372452 -10.377708 -10.450498  -9.951988
 -10.424572  -9.810294 -10.00268  -10.441044 -10.594744 -10.166298
 -10.264782 -10.02472  -10.525782 -10.161716  -9.94265  -10.488024
 -10.456588 -10.180624  -9.72573  -10.103542 -10.232128 -10.206376
 -10.612086 -10.316344 -10.24773  -10.599094 -10.608026 -10.682672
  -9.965386 -10.451426 -10.370516 -10.334382 -10.555072 -10.911366
 -10.50177   -9.959354 -10.082488 -10.811838 -10.352594 -10.318142
  -9.988122 -10.151798 -10.384552 -10.709294 -10.492084 -10.58935
 -10.3124   -10.354334 -10.582448  -9.527138 -10.07402   -9.970606
 -10.769266 -10.604952 -10.266928  -9.868468  -9.97484  -10.501712
  -9.553122 -10.691024 -10.364658 -10.544574  -9.976812 -10.138574
 -10.754302  -9.795968 -10.313502  -9.93018  -10.490518  -9.740694
 -10.361178 -10.25208  -10.327074 -10.335716 -10.386002 -10.467434
 -10.603154 -10.560292 -10.34372  -10.449164 -10.350332 -10.346736
 -10.344126 -10.819378 -10.587436  -9.812266 -10.179     -9.457538
 -10.622758 -10.075702 -10.671826 -10.1935   -10.48524   -9.948682
 -10.129468  -9.845616 -10.453746  -9.81998  -10.51598  -10.217976
 -10.672174 -10.556116 -10.308688 -10.355436 -10.722576 -10.542138
 -10.407172 -10.37765  -10.365006 -10.018804 -10.456008 -10.227314
 -10.702044 -10.184626  -9.865162 -10.47596  -10.68998  -10.196574
 -10.706626  -9.213996  -9.892074 -10.176912  -9.781758 -10.453456
 -10.274526 -10.250166 -10.56499   -9.957846  -9.801188  -9.532068
  -9.358416 -10.030694 -10.013236 -10.149884  -9.40151  -10.4197
  -9.937488 -10.170416  -9.64337   -9.686174 -10.173142 -10.53715
 -10.234216 -10.458444 -10.590278 -10.096234 -10.645378 -10.5038
  -9.744232 -10.058998  -9.965212  -9.739128  -9.8571   -10.527986
 -10.39012  -10.29906  -10.501074 -10.398646]"
436,"[ -6.564962  -8.8218    -8.322826  -7.491802  -7.47069   -6.859196
  -8.097728  -7.953772  -9.33771   -7.851808 -10.134282  -9.457132
  -9.100316  -8.864952  -9.873282  -9.989166  -9.992414 -10.0862
  -9.750612  -9.559038  -9.081988  -8.831428  -9.053916  -8.255372
  -9.538622  -9.199496  -9.121718  -9.467108  -9.31132   -8.936234
  -9.517742  -8.878176  -8.807358  -9.263876  -8.80382   -8.806488
  -9.677648  -8.765018  -8.770992  -8.535976  -9.127344  -9.375062
  -9.21997   -9.581832  -9.050378  -9.487408  -9.407542  -8.971904
 -10.101686  -9.454754  -8.44944   -7.36832   -9.531314  -8.295218]"
437,"[ -9.12804   -8.883628  -8.619496  -8.930898  -9.744232  -8.766932
  -9.423144  -8.680048  -7.853084  -8.661488  -8.42682   -8.346258
  -8.340458  -8.781026  -8.848248  -8.538528  -8.38013   -8.586552
  -8.265464  -8.324972  -9.264456  -8.90039   -8.80585   -8.696926
  -8.284488  -8.503264  -9.053742  -9.15008   -9.219448  -8.182872
  -9.25274   -9.147296  -8.435114  -8.575358  -8.635446  -8.731262
  -9.350528  -8.268944  -9.062558  -8.762118  -9.046318  -8.86182
  -9.055888  -9.537926  -9.395768  -8.951894  -8.515444  -9.546684
  -9.021204  -9.057918  -8.763974  -8.697216  -9.197002  -7.881098
  -8.847494  -8.983214  -7.878952  -7.94165   -8.200562  -8.206478
 -10.2515    -8.406172  -9.150312 -10.560756  -8.794772  -9.269154
  -9.231918 -11.04146   -9.742318 -10.54063   -9.97455   -9.490888
  -9.272112  -7.50433   -8.855498  -7.11718   -8.752084  -6.067322
  -6.38928   -9.617096  -8.885832  -8.89633   -5.757312  -6.113896
  -9.056932  -9.068474 -10.017818  -7.679026  -6.816334  -7.495166
  -8.989246  -7.212068  -6.484052  -8.670768  -9.660074 -10.57021
  -9.882098  -9.685362  -9.320484  -7.459206  -8.793206  -8.680048
  -6.76367   -7.65919   -7.48896   -7.956846  -8.41348   -9.25158
  -9.28957   -7.685406  -8.747038  -7.969084  -9.159128  -9.477838
  -8.659748  -7.412516  -9.356502  -9.426218  -9.977508  -9.603408
  -9.293456  -9.624984  -9.45023   -9.477026  -5.3534  ]"
438,"[-10.157192  -8.378042  -9.85043   -8.397936  -7.830928  -8.179566
  -8.78294   -8.153582  -8.564164  -9.035472  -8.62315   -5.235892]"
439,"[-7.702574 -8.790596 -8.4216   -9.156634 -9.0567   -8.163848 -7.420868
 -8.323638 -8.023952 -7.431656 -8.516372 -7.41211  -8.662416 -7.817008
 -8.412668 -8.01009  -8.36911  -8.448976 -8.431344 -6.156236]"
440,"[ -8.563468  -8.224284  -9.13935   -7.86103   -8.165472  -8.074528
  -8.696404 -10.448178 -10.402764  -9.94497   -9.622606 -10.26803
 -11.283958  -8.737178  -6.653818]"
441,"[-10.773384 -10.161426 -10.060738 -10.423296  -9.101998  -8.740716
  -9.461366  -7.572654  -7.171294  -6.619946  -6.602488  -8.085548
  -8.639332  -9.77503   -8.8334    -9.477432 -10.76248   -9.73066
  -9.684724 -10.009176 -10.108936  -9.276578  -9.891784  -9.678228
 -10.28601   -7.338276  -6.666462  -7.422434  -9.915796  -9.957962
 -10.477294 -10.450208 -10.187294 -10.377476  -9.989456 -10.386582
 -10.79032  -10.330612  -8.963726  -9.817486  -9.934936  -9.758094
  -9.960456 -10.951328  -9.426624  -9.717204 -10.967046 -11.111988
 -10.30573   -9.472676 -10.545444  -9.17763   -8.877596  -7.207428
  -8.378564  -6.982504  -8.77018   -8.560916  -8.601284  -5.63354
  -7.631466  -9.268342  -7.141482  -7.984454  -8.307514  -8.421194
  -7.009416  -6.563454  -7.76997   -6.962784  -8.13044   -8.86037
  -9.363752  -7.760748  -7.426088  -8.430126  -8.906248  -9.247172
  -8.848886  -6.683282  -7.445634  -8.114142  -8.64345  -10.035218
  -8.063508 -10.55107   -7.688828]"
442,"[ -9.100606  -9.286728  -9.280696  -9.393274  -9.162376  -9.308362
  -9.325356  -9.647836  -9.108958  -8.575068  -9.100722  -9.24288
  -8.34417  -10.234912  -8.828876  -9.275302  -9.078276  -8.930086
  -8.921096  -8.80469   -8.865822  -9.595694  -9.406266  -8.63243
  -8.941918  -9.039184  -9.597028  -9.33423   -9.634786  -9.033674
  -9.037792  -8.544096  -8.65969   -8.42769   -8.878176  -8.636258
  -9.090398  -9.060702  -8.017282  -8.060144 -10.047572  -9.495934
  -8.85979   -9.213416  -9.025554  -8.856832  -8.86588   -9.279942
  -8.084214  -8.969004  -9.252276  -8.690024  -9.88726   -9.791096
  -9.250014  -9.445648  -8.647104  -8.728768 -10.203244 -10.2776
  -9.923858  -9.027932  -8.483718  -8.601342  -9.605728  -9.712448
  -9.465832  -9.287656  -9.156634  -9.416938 -10.53251   -8.358844
  -6.854904  -9.260918  -9.880242  -9.897178  -9.090688  -8.843492
  -8.669608  -9.014186  -9.53375   -9.299894  -9.436368  -9.498312
  -7.88278   -9.867366  -8.633996  -7.14212   -5.767984  -9.05322
  -7.718002  -8.923068  -9.325008  -9.319208  -9.279362 -10.097278
  -8.224226  -9.96498   -9.770042  -9.90553  -10.333918  -9.520526
  -9.269444 -10.395514 -11.65597  -10.11665   -8.941048 -10.604372
  -9.266892  -8.454892  -9.727064  -9.723468  -9.821546  -9.276694
  -9.583108 -10.006392  -8.197662  -6.808736  -7.842876  -9.435208
  -8.405476  -9.944506 -10.41854  -10.397892 -10.98926  -10.800122
 -11.112742 -10.842926  -8.53354   -8.70812   -8.03851 ]"
443,"[-10.550432 -10.55919  -11.349324 -10.712194 -10.50293  -11.208152
  -9.97803   -9.114874 -10.42695   -9.6135    -9.499356  -9.001368
 -10.25382   -9.26521  -10.039742  -8.836764  -8.310762  -8.867214
  -8.599138  -8.751678  -9.151762  -9.344438  -7.688016  -9.13703
  -8.647336  -9.046202  -9.072186  -7.896874  -9.387126 -10.671652
  -9.439384  -7.68964   -6.782752  -7.6096    -7.048392  -9.885346
  -9.412182  -8.564744  -8.619438  -9.85188   -7.794388  -9.618256
  -9.923684  -9.828564  -9.778626  -7.750772  -5.932878]"
444,"[ -8.439232  -8.533192  -8.675176  -7.757094  -7.534142  -8.94244
  -9.970896  -9.180646  -8.36215   -7.935212  -7.785514  -8.545952
  -9.143178  -8.485342  -7.724266  -8.430822  -8.336456  -8.64983
  -8.296494  -8.251834  -8.725752  -8.459706  -8.57153   -8.701508
  -8.012816  -8.134732  -9.09846  -10.721822  -8.418816 -10.17523
  -8.747444  -9.287482  -8.577562  -7.843398  -9.08338   -9.15008
 -10.282472 -10.052618 -10.58906   -9.782454  -8.563526  -8.669492
  -9.382776  -8.698898  -8.550186  -8.799354  -9.53839   -7.426436
  -7.60206 ]"
445,"[ -9.006298  -9.21649   -9.427668  -8.111242  -8.329032  -8.5376
  -8.41522   -9.080364  -9.167944  -8.679294  -9.297458  -8.672856
 -10.041076 -10.332932 -10.201968 -10.783708 -10.043918  -8.574314
  -8.32068   -9.44037   -6.117666]"
446,"[-6.768252 -8.692344 -7.85639  -9.08164  -9.94874  -8.701856 -8.724592
 -9.206224 -7.637208 -5.084164]"
447,"[-12.791842 -12.714354 -12.784476 -12.58078  -12.348316 -12.435722
 -12.606648 -12.460894 -12.835864 -12.848566 -13.11873  -12.932492
 -12.48769  -12.46681  -11.77023  -12.57266  -13.097328 -13.22023
 -12.664474 -12.797062 -13.032774 -12.84062  -12.39025  -12.59847
 -12.974542 -12.541862 -13.184966 -12.948906 -12.497666 -12.349418
 -12.621032 -12.98388  -12.895256 -12.72375  -12.72346  -12.18
 -11.993182 -12.3598   -12.716906 -12.473654 -13.177716 -12.681874
 -12.051182 -12.43839  -12.950182 -12.819914 -12.668244 -11.571116
 -12.950704 -12.474118 -12.66807  -12.274308 -13.093326 -12.562104
 -12.802746 -12.740802 -12.819508 -12.251224 -11.669194 -13.017636
 -12.81481  -12.496564 -12.711512 -12.279528 -12.952444 -12.790334
 -12.55381  -12.409332 -11.832928 -12.594874 -12.971294 -12.850248
 -12.868576 -12.65966  -13.087874 -12.831862 -12.954474 -12.73941
 -12.977732 -12.821248 -12.122522 -12.324304 -12.194152 -13.008356
 -12.806632 -12.56744  -12.3772   -12.385842 -13.059512 -12.844738
 -12.770556 -12.989506 -12.896474 -12.96039  -12.517038 -12.716906
 -12.44825  -12.400226 -12.57904  -12.602936 -12.734306 -12.556652
 -12.317054 -12.813824 -12.953372 -12.779256 -12.37604  -12.050892
 -12.57121  -12.09242  -12.886324 -13.015722 -12.11098  -12.539368
 -11.873064 -13.0065   -12.691386 -12.88006  -12.962188 -12.59296
 -12.493374 -12.959288 -12.511934 -12.746544 -12.662328 -13.065834
 -12.357074 -12.761856 -12.735118 -12.521446 -12.978486 -12.726998
 -12.439086 -12.672362 -12.81423  -12.78465  -12.631588 -12.678916
 -12.61355  -12.602994 -12.658558 -12.878494 -12.099206 -12.575444
 -12.557522 -12.322332 -13.308332 -13.019028 -11.859782 -12.6179
 -12.899432 -12.587334 -12.071598 -12.748342 -12.769512 -12.284806
 -12.315604 -13.151094 -12.702638 -12.84062  -12.84062  -12.766844
 -12.823336 -12.757332 -12.584086 -12.332598 -12.912656 -12.91747
 -12.912888 -12.816086 -12.78842  -12.639128 -13.093036 -12.69678
 -12.520054 -12.04341  -12.542848 -12.805704 -12.888122 -12.6817
 -12.910162 -12.736278 -12.697882 -12.466346 -12.96822  -12.732044
 -12.752286 -12.406664 -12.487342 -12.690458 -12.85686  -12.789232
 -12.166196 -13.020014 -12.239624 -12.726012 -12.837894 -12.759884
 -12.815622 -12.637562 -12.623816 -12.521852 -12.806574 -12.901172
 -12.64284  -12.627818 -12.786332 -12.778386 -12.484268 -12.900824
 -12.754432 -12.669926 -12.600964 -12.613434 -12.715572 -12.405388
 -12.73535  -12.964276 -12.87049  -12.323434 -12.370646 -12.73912
 -12.598238 -12.568658 -12.835632 -12.522316 -12.663952 -12.795728
 -12.815854 -12.552128 -12.3946   -12.09793  -12.77885  -12.130294
 -12.44999  -12.837778 -12.900824 -12.774616 -12.842998 -12.69707
 -12.63704  -12.84207  -12.995422 -12.818986 -12.719574 -12.41403
 -12.558566 -12.416524 -12.650438 -12.944092 -12.733726 -12.544472
 -11.335172 -11.587356 -12.960564 -12.441058 -12.562684 -12.754374
 -12.823916 -12.74115  -13.126792 -12.472262 -12.526608 -12.75391
 -12.632574 -12.79944  -12.771078 -12.046658 -13.02187  -12.076992
 -12.357422 -12.201518 -12.290722 -12.817594 -12.812142 -12.894908
 -12.762552 -12.85744  -12.934232 -12.62515  -12.276164 -12.731986
 -12.425166 -12.723344 -12.725896 -13.075868 -12.466114 -12.733494
 -12.909756 -12.55004  -13.12511  -12.80959  -12.76348  -12.427776
 -12.783142 -12.382014 -12.128264 -12.539136 -12.79132  -12.966538
 -12.700898 -12.166312 -12.703972 -12.733204 -12.683092 -12.584666
 -12.618248 -12.753156 -13.019666 -12.60543  -12.69185  -12.7136
 -12.509092 -12.867126 -12.869968 -12.894038 -12.524462 -12.163992
 -12.978196 -12.680946 -12.642956 -12.550504 -12.675494 -12.745442
 -12.719342 -12.665344 -12.680134 -12.896358 -12.746486 -12.266362
 -12.85396  -12.689298 -12.606358 -11.91639  -13.14947  -12.486182
 -12.879538 -12.944962 -12.712614 -12.911322 -13.068618 -12.633502
 -12.816434 -12.718066 -12.933246 -12.709656 -12.870142 -12.735988
 -12.471102 -12.926286 -12.569238 -13.204976 -12.886324 -12.977442
 -12.818406 -12.725896 -12.803326 -12.774616 -12.66372  -12.184814
 -12.500334 -13.161882 -12.66778  -12.75565  -12.852046 -12.736162
 -12.46652  -12.763596 -12.9108   -12.793698 -12.791436 -12.754374
 -12.594294 -12.715108 -12.68054  -12.943222 -12.670854 -12.950298
 -12.584782 -12.787666 -12.694344 -12.27193  -12.641912 -13.08712
 -12.821016 -12.782852 -12.071946 -12.230866 -12.491576 -13.076042
 -12.441058 -12.550736 -12.694576 -12.782794 -12.443262 -12.876464
 -12.731638 -12.658442 -12.688022 -12.820552]"
448,"[-11.984308 -13.273242 -12.68373  -11.91465  -12.517676 -12.405562
 -12.830992 -12.99316  -13.104288 -12.796424 -12.952502 -12.815796
 -12.71824  -12.372444 -12.044454 -13.059222 -13.595432 -10.044382
  -9.980466 -10.043512  -9.43747   -9.744986  -9.2336    -8.234202
  -7.576714  -7.987296  -8.551926  -7.578512 -11.398392 -11.289758
  -8.61329   -7.760168  -6.675278  -7.579846  -9.270604  -9.194044
  -8.127424  -7.565752  -8.802602  -8.600994  -9.766272 -10.417728
 -10.148434  -9.883954  -8.501176  -9.150022 -10.544168 -10.73667
 -10.535526  -9.699282  -9.661872 -10.354914 -10.477062 -10.789972
  -9.521512  -9.401336 -10.037132  -8.902652 -10.51627   -7.936894
  -8.54978   -7.75518   -9.46792   -9.499762  -9.205528 -10.32603
  -8.962392  -9.544132  -9.738548  -8.801036  -8.845058  -8.898128
  -9.383588  -9.437006  -9.449302  -9.91278   -9.625042  -8.91808
  -8.283908  -8.00777   -8.58487   -9.455508  -9.730834  -9.559792
 -10.12593  -10.096466  -9.952568  -9.673878  -9.219216 -10.46088
 -10.706452 -10.05459   -9.61118   -8.49352   -8.46655   -9.96237
  -9.46879   -9.907734  -9.818878 -10.600602 -10.671478 -10.81584
 -10.32226  -10.480426  -9.801188 -10.09084  -10.602226 -10.804588
 -10.02559   -9.456958  -9.081872 -10.47248   -9.933312 -10.163456
  -9.704966  -9.780656  -8.879742 -10.053082  -9.152168 -10.363962
 -10.121696  -7.917464  -5.170062]"
449,"[ -9.468442  -9.343046  -8.587364  -9.062442  -9.231164  -9.395652
  -8.045064  -9.670166 -10.800528  -9.640702  -8.81774   -6.939062
  -5.88671   -8.078704  -8.870462  -8.564396  -8.242844  -8.681846
  -6.81007   -8.046862  -7.487916  -7.15314   -5.658364]"
450,"[-10.450962 -10.66127   -9.826534  -9.56681  -10.343894  -8.035784
  -8.749822 -11.215112 -10.478628  -9.524934  -9.316192  -9.366942
 -10.223022 -10.266406  -9.58131  -10.06445  -10.061376  -9.1292
  -9.30291   -9.85565  -10.177898  -9.627478  -9.45429   -9.727702
 -10.71985   -9.75096   -9.460264  -9.59001   -8.902246  -9.597666
 -10.482224 -10.32284   -8.943774 -10.415872  -9.019406 -10.129758
 -10.120826 -10.247904 -10.189904  -9.297864  -9.809772  -8.122262
 -10.308398  -7.944898  -9.567332  -9.036516  -9.040344  -7.790908
  -8.24006   -6.466478  -9.011634  -8.775516  -9.12746   -9.147412
  -9.02103   -9.185344  -8.815246  -9.280348  -8.389468  -9.746726
  -9.129432  -8.984084  -9.210284  -9.250768  -9.024684  -9.24143
  -9.328604  -9.256568  -9.536998  -9.105072  -8.447758  -8.25659
 -11.890174 -10.994828 -10.079472 -14.807806  -8.684804  -7.724962
  -6.186686  -5.510928  -6.676264  -9.118122  -8.71943   -9.117832
  -9.495238  -8.024358  -8.371778  -9.236558  -9.957382  -9.066676
  -8.357394 -10.220702  -9.0277    -8.37897   -8.31633   -8.068844
  -8.603488  -8.047094]"
451,[-7.021422 -5.922902 -6.303266 -7.277434]
452,[-6.309762]
453,"[-11.426522 -11.170974 -12.054314 -11.693728 -11.41237  -11.902354
 -12.240726 -10.841882 -11.891276 -11.222768 -10.560292 -10.625194
 -10.588248 -10.828948 -11.51213  -12.357074 -11.137044 -10.76625
 -11.0635   -11.295036 -11.893248  -8.912164 -10.932536 -10.11839
 -10.933754 -10.255212 -11.040822 -10.867634 -10.625948  -8.500248
  -7.788298  -9.299662  -8.688052 -10.293202  -6.089884]"
454,"[-7.142932 -8.10753  -8.234028 -9.01262  -9.588328 -6.577316 -6.660662
 -5.874936]"
455,"[ -8.299916  -8.202766 -10.026054  -9.98557   -9.56362  -10.787884
  -9.72776  -11.07655   -7.79955 ]"
456,"[-8.20439  -8.237392 -8.15596  -8.182002 -9.222638 -7.45706  -7.49824
 -8.871854 -9.031122 -8.757188 -8.618684 -8.397936 -8.915644 -8.126612
 -9.363636 -9.712274 -9.276172 -9.112612 -9.0625   -8.218426 -7.722236
 -8.648322 -8.399618 -7.897744 -9.390664 -8.859674 -9.347628 -7.224944
 -7.44082  -9.211502 -8.194124 -8.063508 -8.987042 -8.948762 -7.905458
 -8.876784 -8.788972 -8.106776 -8.884846 -8.575184 -8.964306 -8.524956
 -8.408376 -8.137168 -5.993894]"
457,"[-9.251754 -9.224958 -9.37947  -9.591692 -9.209414 -9.317526 -9.160056
 -9.171424 -9.173338 -9.220086 -9.165276 -9.271706 -9.619648 -9.113772
 -9.29508  -9.267066 -9.54071  -9.66309  -9.61118  -9.408354 -9.45226
 -9.641746 -9.045796 -9.370654 -9.372278 -9.3351   -9.0886   -9.128736
 -9.253958 -9.716856 -9.50446  -9.40992  -9.153386 -9.359634 -9.225886
 -9.570696 -9.391824 -9.087034 -9.257264 -9.285684 -9.287482 -9.10368
 -9.185054 -9.292586 -9.247868 -9.281682 -9.415488 -8.806024 -9.118992
 -9.132332 -9.316308 -9.338696 -9.439152 -9.15878  -9.488858 -9.248622
 -9.67266  -9.184996 -9.324196 -9.632408 -9.742376 -9.589952 -9.390026
 -9.304592 -9.633046 -9.523832 -9.357662 -9.366246 -9.444952 -9.5004
 -9.276984 -9.339972 -9.028686 -8.743268 -9.036342 -9.269096 -9.421288
 -9.423724 -9.434106 -9.230642 -8.94099  -9.34032  -9.530328 -9.282668
 -9.214402 -9.13732  -9.151414 -9.309522 -9.5004   -9.231222 -9.14979
 -9.395304 -9.511014 -9.268806 -9.149152 -9.369494 -9.16023  -9.462758
 -9.355922 -9.185286 -9.33945  -9.480158 -9.308884 -9.391998 -9.189346
 -9.140916 -9.141554 -8.973876 -9.235746 -9.091906 -9.213068 -9.281972
 -9.48242  -9.487872 -9.308768 -9.287366 -9.27159  -9.659378 -9.440718
 -9.323964 -8.850452 -9.26956  -9.25941  -9.173802 -9.200888 -9.232788
 -9.145324 -8.832878 -9.30987  -9.31828  -9.292992 -9.435672 -9.165914
 -9.389562 -9.432424 -9.532184 -9.232904 -9.581194 -9.62713  -9.457654
 -9.62133  -9.4627   -9.30726  -9.610774 -9.25767  -9.03843  -9.11354
 -9.268864 -9.322166 -9.095328 -9.48532  -9.506084 -9.710998 -8.82789
 -9.507418 -9.391302 -9.519772 -9.210806 -9.12195  -9.252276 -9.075782
 -8.950154 -9.084482 -8.755912 -9.435266 -9.304128 -9.433932 -9.318222
 -9.30755  -9.343452 -9.586936 -9.319672 -9.262194 -9.38846  -9.490076
 -9.426508 -9.101592 -8.942208 -9.248854 -8.966568 -9.460612 -9.323268
 -9.33452  -9.237196 -9.182154 -9.229192 -9.312654 -9.228148 -9.197408
 -9.509274 -9.282784 -9.29856  -9.66715  -9.797708 -9.622896 -9.19097
 -9.215736 -8.8363   -9.118992 -9.263412 -9.298328 -9.694584 -9.361258
 -9.245026 -9.516988 -9.31712  -9.427726 -9.42616  -9.580092 -9.539724
 -9.102346 -8.995742 -8.974224 -8.9639   -9.350992 -9.354298 -9.639832
 -9.590706 -9.517974 -9.11238  -9.105014 -9.61205  -9.189926 -9.034254
 -9.195842 -9.455044 -9.305172 -8.446946 -9.395536 -9.147064 -9.201526
 -9.218636 -9.11644  -9.265152 -9.169336 -9.414676 -9.481028 -9.564548
 -9.212778 -9.351862 -9.171308 -9.342872 -9.508346 -9.129722 -9.446576
 -9.345192 -9.316076 -9.327386 -9.166668 -9.061108 -9.420128 -9.318164
 -9.05873  -9.0074   -9.574698 -9.35163  -9.558574 -9.154488 -9.3525
 -8.995278 -9.22838  -9.437412 -9.172526 -9.418156 -9.2597   -9.55927
 -9.158838 -9.353196 -9.84869  -9.332084 -9.11702  -9.329822 -8.616132
 -9.264804 -9.320832 -9.393158 -9.501792 -9.462932 -9.46676  -9.258366
 -9.366304 -9.389272 -9.000324 -9.270198 -9.565128 -9.688378 -9.359228
 -9.238588 -9.288932 -9.17734  -9.77764  -9.498022 -9.042722 -9.092834
 -9.209356 -9.57754  -9.727818 -9.590996 -9.479404 -9.121776 -9.238704
 -9.684086 -9.420998 -9.330228 -9.619358 -9.430336 -9.26173  -9.371292
 -9.303084 -9.178326 -9.231454 -9.469486 -9.6947   -9.55579  -9.308362
 -9.435788 -9.304998 -9.166784 -9.353718 -9.46212  -8.8044   -9.37889
 -9.291078 -9.307492 -9.469196 -9.592446 -9.512058 -9.40064  -9.347628
 -9.532532 -9.363868 -9.571798 -9.107392 -9.437412 -9.395246 -9.247752
 -9.359576 -9.130998 -9.296936 -9.387068 -9.448432 -9.449476 -9.393738
 -9.546974 -9.25912  -9.380166 -9.461888 -9.3177   -9.530096 -9.341654
 -9.190158 -9.522614 -9.42413  -9.454986 -9.587864 -9.54883  -9.180588
 -9.817776 -9.507476 -9.475112 -9.24723  -9.365318 -9.24259  -9.196422
 -9.357546 -9.5062   -9.155822 -9.418678 -9.403018 -9.440196 -9.474184
 -9.292934 -9.24636  -9.636642 -9.505156 -9.126126 -9.526326 -9.141438
 -9.23128  -9.228206 -9.560314 -9.14022  -9.256104 -9.717436 -9.540826
 -9.516408 -9.523716 -9.19967  -9.27942  -9.557298 -9.424536 -9.201236
 -8.766062 -9.395478 -9.388866 -9.531546 -9.609962 -9.625448 -9.473024
 -9.267066]"
458,"[ -9.644762  -9.494426 -10.197212  -8.316446  -9.21997   -9.212604
  -7.41733   -7.060746  -8.230606  -9.997982  -9.76459   -8.320506
  -9.719292  -8.630632  -8.902304  -8.177652  -9.12195   -7.985904
  -9.621678  -8.953344  -9.327618  -9.031992  -8.981242  -8.835546
  -8.64084   -8.671522  -8.093668  -9.258134 -10.488198 -10.555884
  -8.9407   -10.542834 -10.624614  -8.79135   -9.700036  -7.973608
  -8.866692  -8.55007   -7.851518 -10.029418  -9.985222  -9.728108
  -9.13848   -9.91945   -9.168408  -9.289048  -9.834538 -10.4661
  -9.175542  -9.345656  -8.998468  -9.26927   -8.941744  -8.934494
  -8.739614  -9.352326  -9.741622  -9.937836  -9.167944  -8.575126
  -9.068416  -7.769216  -9.56362   -8.949342  -8.496362  -9.388924
  -9.335564  -9.260164 -10.282008 -10.079414  -8.707076  -6.792264
  -6.199214  -7.363738  -9.17763   -7.117122  -7.603046  -8.14291
  -9.582992 -10.336934  -8.168488  -9.384632  -8.484124  -8.420324
  -9.398494  -8.884556  -6.743486  -8.906248  -9.066096  -9.265732
  -8.078994  -8.323696  -8.518286  -8.268538  -9.456494 -10.611796
 -10.308108 -10.338848  -9.447156  -9.660654  -7.485132  -6.441538
  -8.160078  -7.881214  -8.613522  -9.855998 -10.129236  -9.737678
  -9.030658 -11.561778  -9.357836  -8.182756  -8.863792  -5.918726]"
459,"[ -8.496188  -8.059216  -9.925598  -9.617618  -8.314416 -10.440058
  -7.428002  -8.683296  -8.686312  -9.477722  -8.318302  -8.171272
  -8.485864 -10.183408  -8.75104   -7.869788  -8.407216  -7.537332
  -8.40188   -9.321644  -9.563504  -8.560046  -9.62365   -8.299162
  -7.462338  -7.91816   -8.103644  -8.715544  -6.41741   -5.10545
  -5.58076   -6.780084  -7.128606  -5.27771 ]"
460,"[-13.321556 -13.2298   -13.083002 -12.937248 -13.105216 -13.606916
 -13.47282  -13.635046 -13.592474 -13.260308 -13.525194 -13.638816
 -13.36146  -13.397652 -13.346496 -13.044664 -13.223942 -12.799556
 -12.543544 -12.297798 -13.377178 -13.246214 -13.314422 -13.762762
 -13.666598 -12.966596 -13.237398 -13.926322  -9.73327   -8.73335
  -8.742572  -9.94265   -9.963472  -9.454812  -9.607352  -9.760994
  -9.754498  -9.61321   -9.915448 -10.413204 -10.088056  -9.794808
 -10.496144 -10.568296 -10.69955  -10.843332 -10.346446 -10.229924
  -9.834074  -9.93859   -9.547844  -9.37135  -10.328814  -9.56159
 -11.02058  -10.41825  -10.300916 -10.651004 -10.211828  -9.226814
  -7.306666  -6.499248  -5.490918]"
461,"[ -9.77155   -9.574466  -9.329358  -9.570348  -9.061862  -9.883896
  -9.067314  -9.522498  -9.098344  -9.48735   -9.016622  -9.249492
  -9.618372  -9.820444 -10.146578  -9.018884  -9.691452  -8.957114
  -9.583166  -8.328974  -8.92939   -8.907292  -9.534504  -8.462838
  -8.531742  -8.769542  -8.87081   -8.745008  -8.884266  -9.048464
  -7.921756  -8.419396  -7.303998  -8.773718  -9.57406   -9.538506
  -9.351804 -10.021124  -9.87247  -10.039394  -9.91133   -9.752062
  -9.548134 -10.070424  -9.261324  -9.57899   -9.632756  -9.437702
  -9.56304   -8.726332  -9.422564  -9.543088  -9.730022  -9.876994
 -10.340066  -8.851728  -8.76931   -8.325204  -7.112888  -8.172664
  -7.997272  -8.385582  -9.653752  -9.35917   -8.65766   -8.972136
  -9.691336  -9.247578  -9.501792  -9.704618  -8.242902  -7.815326
  -8.651802  -8.816464  -8.818958  -9.555094  -9.283828  -9.09788
  -9.358532  -9.771608  -9.176992  -9.328952  -9.407426  -9.439384
  -9.488684 -10.056504 -10.372662  -9.156402  -9.282262  -9.246824
  -9.049682  -9.515886  -9.018826  -9.283538  -9.084366  -9.310682
  -9.26173   -9.07497   -9.15646   -9.144164  -9.222754  -9.808322
  -8.890182  -9.078566  -9.229134  -9.887376  -8.810722  -9.153154
  -7.4066    -7.2877   -10.008538 -10.398124 -10.345866  -9.62191
 -10.546604 -10.292274 -11.00811  -10.4458    -9.24288  -10.743688
 -10.801572 -10.605358 -10.12216  -10.495564 -10.675596  -8.851206
  -9.275302  -8.726158  -8.529306  -9.609788  -9.82955   -7.038358
 -10.285488  -9.616284  -6.99074  -10.510296  -8.494042  -8.976428
 -10.015208  -8.907756  -8.842274  -8.804632  -8.845348 -10.190194
  -8.90648   -8.68115   -8.693852  -8.10666   -9.3583    -8.934378
  -9.376164  -9.658972  -9.282436  -8.86588   -8.299916  -9.372684
  -9.452086  -8.981938  -8.999338  -9.682056  -9.295428  -9.407078
  -9.032456  -9.070098  -8.667056  -9.396522  -8.997076  -8.996728
 -10.179348 -10.130686  -9.365666  -9.596738  -8.951488  -9.089238
 -10.363614 -10.276904  -8.93606   -9.3612    -8.872956  -8.831196
 -10.287518 -10.164268 -10.067582  -9.112032  -9.082394  -9.019058
  -9.083844  -9.122066  -9.199902  -9.081872  -9.004616  -9.148688
 -10.108124 -10.40491   -9.907096  -9.210226  -9.113482  -9.267066
  -9.175542  -9.183372  -9.556486  -9.895264  -9.221478  -9.310218
  -9.18952   -9.601784  -8.98768   -9.289048  -8.835488  -9.399828
  -8.253168  -9.10542   -7.985672  -9.822706 -10.430372  -9.367116
  -9.311436  -8.953344  -8.527566  -9.199786  -8.50918   -9.768418
  -9.607294  -9.685942  -9.221652  -9.979886 -10.427704  -8.845464
  -9.553528  -9.185112  -9.090282  -9.64772   -9.997344  -8.617408
  -9.08019   -7.860914  -9.757688  -8.343648  -9.844804  -8.671058
  -8.799122  -8.968598  -9.717784 -10.091362  -9.867192  -9.52679
  -9.256974  -8.602386  -9.431032  -8.99261   -9.326806  -9.916724
  -9.420882 -10.532162 -10.752214 -10.344996 -10.284154 -10.123088
  -9.984526 -10.257416 -10.506236 -10.913396 -10.32545   -8.154684
  -9.31335  -10.374286  -9.73878   -9.693482  -8.397066  -8.803356
  -7.200584  -5.194886  -5.835206  -8.383378  -6.455284  -6.55777
  -7.424812  -9.92902   -7.551426  -7.777162  -9.096488 -10.16479
  -8.857818  -9.974318 -10.421324 -11.428726 -11.828868 -11.216736
 -10.341226  -9.439558  -9.376918  -9.910924  -9.106812  -7.748162
  -8.315344  -7.26305 ]"
462,"[ -8.770818  -9.059252  -9.614022  -8.627442  -9.490482  -9.49141
  -8.963146  -8.796222  -9.76372   -9.415024  -9.836336  -9.368102
  -9.14486   -9.317004  -9.170322  -9.43573   -9.341248  -9.219622
  -9.396116  -9.859652  -9.175426  -9.16835   -9.077464  -9.385792
  -8.911004  -9.196074  -9.629856  -8.963088  -9.624114  -8.868896
  -9.356676  -9.060934  -9.467804  -9.368392  -9.271532  -9.078218
  -9.510782  -9.241488  -9.578526  -9.44791   -9.110988  -9.34119
  -9.367058  -9.264224  -9.17966   -9.187954 -10.082836  -9.590706
  -9.325356  -8.422354  -9.66193  -10.00239   -9.804378  -9.076652
  -9.054206  -9.639716  -9.460554  -9.242648  -9.30552   -9.37193
  -8.82441   -9.41833   -9.289164  -8.956534  -9.695396  -8.974282
 -10.177666  -9.21098   -8.133514  -9.38614   -9.205296 -10.413958
 -10.592424  -9.426914 -12.264274 -12.876638 -12.601254 -13.32811
 -12.447496 -12.058316 -12.90935  -13.167972 -13.41076  -12.645798
 -12.962826 -12.525912 -12.846304 -12.462054 -12.670912 -12.831572
 -13.063572 -13.348352 -12.856744 -12.47812  -12.70374  -13.301314
 -13.39162  -13.73063  -13.602566 -13.189896 -12.910742 -13.003078
 -12.974194 -13.231366 -13.318888 -12.982604 -13.227364 -13.380658
 -12.903086 -13.5053   -13.452578 -13.15324  -13.517828 -13.601812
 -12.896068 -13.098546 -13.21443  -12.765046 -12.691676 -12.116664
 -13.34087  -12.802572 -12.818928 -13.250158 -13.759456 -13.132244
 -13.369754 -12.341762 -13.549844 -12.493838 -13.408614 -11.397812
 -11.383776 -13.436396 -13.191694 -12.893864 -12.786274 -13.124704
 -12.396108 -11.884606 -12.858774 -12.80611  -12.860456 -12.429806
 -11.17834  -12.016556 -12.60572  -13.434308 -13.545842 -13.035906
 -13.871048 -11.238312 -13.543696 -12.917064 -13.380658 -12.798048
 -11.735198 -11.487422 -13.077086 -13.63174  -13.55286  -12.442334
 -12.141604 -12.551838 -12.789232 -12.415132 -13.084568 -13.333214
 -12.307078 -12.233012 -11.203454 -10.461402  -8.083112  -8.775516
  -9.50185   -8.918428  -9.232498  -8.674016  -5.739854]"
463,"[ -8.47786   -8.866924  -8.981184  -8.789204  -8.606388  -8.700116
  -8.443408  -8.336398  -8.637186  -8.884556  -8.370212  -8.770064
  -8.501176  -7.878894  -9.09498   -9.475634 -10.060912  -7.58495
  -7.576656  -9.17647   -8.814956  -9.130708  -9.9006    -9.539376
  -8.61909   -9.51954   -8.401474  -8.630284  -9.21475   -9.767084
  -9.3931    -9.292006  -9.13094   -9.628232  -9.417692  -8.148478
  -9.136102  -7.778206  -7.51999  -10.069206  -8.928868  -8.88096
  -9.676198  -9.83361   -9.087846  -9.213938  -9.653984  -8.601922
  -9.471864  -9.23534   -9.069286  -8.574372  -8.5985    -9.086048
  -8.702146  -8.378448  -9.70427   -9.537172  -8.613348  -9.738084
  -9.473372  -9.954888  -9.596738  -9.98383  -10.13376   -9.55347
  -9.120384  -5.728254  -5.371728  -6.030724  -8.324102  -9.440834
  -8.659458  -7.77055  -10.021356  -8.874522 -10.290128 -10.117868
 -10.84281   -6.566122]"
464,"[ -9.61002   -9.592504  -9.415198  -9.845326  -9.94091   -9.220492
  -9.159998  -9.699978  -9.681476  -9.497152  -9.15675   -8.636722
  -8.076094  -8.279094  -9.329822  -8.390628 -10.704074  -7.327256
  -5.995402  -7.932602  -9.193058  -7.63628   -9.729674  -7.014346
  -9.168756  -7.625898 -10.094146  -9.112264  -8.003072  -8.82412
  -9.637048 -10.000128 -10.315938 -10.355726 -10.243728  -8.590322
  -7.907662  -8.425428  -7.879996 -10.330554  -9.420592  -8.834386
  -9.909706  -9.924902 -10.079588  -8.840824  -8.399328  -9.719176
 -10.17059   -8.389294  -9.096198  -9.138538  -9.320368  -8.458778
  -9.13181  -10.34923   -8.747444  -8.796222  -7.870832  -6.110532
  -5.28206   -7.242634  -8.115766  -6.898694  -9.271996 -10.635228
 -10.969076  -7.540058  -9.21649  -11.524832  -8.49903   -6.828282
  -7.349586  -7.255394  -7.745842  -8.328916  -7.038706  -7.771826
  -7.216012  -6.840172  -9.805422  -9.960282  -9.108958  -8.141054
  -5.994126  -7.563954  -8.852714  -8.563642  -9.829434  -8.807532
  -7.111554]"
465,"[-9.224552 -9.638614 -9.628348 -9.636352 -8.054112 -8.330366 -7.088238
 -8.956766 -9.317178 -7.72125  -9.125024 -8.94679  -9.552078 -9.67875
 -8.70203  -7.782904 -6.07869 ]"
466,"[ -9.026308  -5.980148  -5.65065   -7.315424  -8.630052  -9.544248
  -8.599602  -8.721054 -10.24454  -10.159164 -10.25585   -9.962544
 -10.146346  -9.079378  -9.607062 -10.326726  -9.074042 -10.104876
  -8.792394  -8.23513   -8.626514  -7.357996  -6.600922  -6.733162
  -8.10753   -9.21214   -9.033442  -9.075666  -7.9025    -7.713942
  -8.755042  -8.391846  -8.473858  -8.921154 -10.193152  -6.439276
  -6.619366  -7.300634  -7.896642  -7.612732  -9.510318 -10.421846
  -9.4975   -10.2776    -8.33721   -8.196154  -8.658414  -9.176934
  -9.426798  -9.223508 -10.004304  -7.344482  -6.806068]"
467,"[-10.393658 -10.468942 -10.269422 -10.566208 -10.774022  -9.801536
  -9.874036 -11.845166 -12.001708 -11.237094 -12.015222 -11.948116
 -10.585    -10.564642  -9.78112  -10.71028  -10.377012  -9.832334
  -9.18401   -7.693468  -8.25021   -9.417402  -9.461946  -9.81273
  -9.207152  -9.076072  -8.941338  -8.211814  -8.660096 -10.289374
  -9.99601   -9.01146   -9.800782 -10.30834   -8.51846   -8.005508
  -6.242772  -8.21077   -7.296284  -6.199794  -8.5608    -9.336318
  -8.83485   -7.647242  -8.299568  -6.909482  -7.184866  -6.111982
  -9.250652  -7.855056  -6.591932  -7.042766  -8.135022  -7.650374
  -8.448222  -8.838736  -7.820256  -7.788878]"
468,[-10.640332 -10.43536   -8.883976  -5.794954]
469,[-5.012244 -5.093676 -7.464194 -9.496804 -7.44256  -5.625536]
470,"[ -5.305724  -6.815986  -8.615262  -8.522752  -7.847748  -7.815152
  -7.872224  -9.932384  -9.5903    -9.283712  -9.531198  -9.577772
  -9.610716  -8.703538  -8.275034  -8.520316  -8.770296  -8.86211
  -9.39455  -10.326378 -10.362454 -10.33531   -9.1727    -9.962834
  -7.460482  -9.412124  -8.796512 -10.710918 -10.473988 -10.27557
 -10.727158  -9.708562  -9.764648 -10.149478  -9.925366 -10.12535
  -8.922778  -7.181154  -6.13437   -8.215178  -6.093886]"
471,"[-11.45326  -12.015048 -11.817732 -10.737366 -10.981198 -10.31907
  -9.597202  -8.066234  -8.691822  -9.621388  -9.261788 -10.894894
  -9.131114  -8.713572 -10.86427   -9.68977   -8.940004  -9.028396
  -7.637266  -7.502764  -6.408768  -9.013142  -7.529328  -8.793264
  -9.453768 -10.427066 -11.569898 -11.206412 -10.799716  -9.064008
 -11.335578 -10.410826 -10.93213  -10.238334 -10.76596  -10.296914
 -11.040822 -11.286278 -11.054104 -11.31725  -10.469986 -11.064892
  -9.349368  -9.818066  -7.749902  -9.95773  -10.974064  -9.780946
 -10.26368  -11.161926 -11.321542 -11.34277  -10.466448 -11.545712
 -11.875268 -11.110248 -10.222326  -6.658516  -8.348172  -7.548584
 -11.04697   -9.108146  -7.717828  -9.500748 -10.605706 -10.018572
 -10.574328 -10.510354 -10.100178  -9.81389  -10.676582 -10.631284
  -7.778148  -7.1021    -9.61814   -7.324472  -9.592968  -7.671196
  -7.728326  -8.811824  -6.08333 ]"
472,[-8.530002 -6.37826  -6.710078 -5.853592]
473,"[ -9.386256  -9.66338   -9.274374  -9.432018 -10.05749   -9.86725
  -9.602422  -9.30407   -9.346816  -9.607758  -9.330054  -9.478418
  -9.439616  -9.186794  -8.821278  -9.648996  -9.744464 -10.087708
  -8.67419   -9.441414  -9.807162  -9.409398 -10.097916  -9.77532
  -8.927766  -9.534678  -9.541464  -9.661988  -9.660132  -9.562054
  -9.781352  -9.387822  -9.373032  -9.637628  -9.38991   -9.756296
  -9.010358  -9.50707   -9.880532  -9.27507   -9.60451   -9.54361
  -9.02161   -9.402902  -9.481028 -10.1268    -8.925388  -8.755332
  -9.753744  -9.698528  -9.510666  -9.23244   -9.311436  -9.798752
  -9.657116  -9.645632  -9.552832  -9.880996  -9.334346  -9.611818
  -9.627652  -9.30958   -9.710824  -9.801594  -9.506084  -9.16429
  -8.81919   -9.44907   -9.545234 -10.052908 -10.030984  -9.657696
  -9.757108  -9.929136  -9.66773   -9.344612  -9.166784  -9.913882
  -9.539898  -9.345366  -9.899788 -10.080052  -9.848574  -9.34902
  -9.631944  -9.725614  -9.183314  -9.427842  -9.429118  -9.736634
 -10.074774  -9.911736  -9.885926 -10.06967   -9.811048  -9.872992
  -9.532532  -9.324776  -9.73501   -9.673356  -9.734314  -9.844398
  -9.764474 -10.188744  -9.50388   -9.497848  -9.38585   -9.715812
  -9.744232  -9.662046  -9.520874  -9.72863   -9.194218  -9.609208
  -9.568434  -9.399364  -9.537288  -9.726426  -9.133492  -8.419396
  -8.892966  -9.71616   -8.971498  -9.674806  -8.816116  -9.268342
  -9.921596 -10.190542  -9.64801  -10.027504  -9.777582  -9.43138
  -9.582006  -9.522324  -9.623476  -9.059136  -9.044868  -9.557356
  -9.633046  -9.791734  -9.04568   -8.961116  -9.817254 -10.021704
  -9.687798  -9.429698  -9.549062  -9.76488   -9.301054  -9.428074
  -9.017144  -9.323558  -9.25013   -9.742086  -9.716914  -9.432888
  -9.802464  -9.562634  -9.533576  -9.635888  -8.895576  -9.435266
  -9.51896   -8.337558  -9.369784  -9.87334   -9.38034   -9.415082
  -9.284408  -9.852692  -9.567738  -9.551672 -10.00703   -9.596854
  -9.653636  -9.365144  -9.812498  -9.74023   -9.47343   -9.63409
  -9.976116  -9.546452  -9.463454  -9.359808  -9.427378  -9.69963
  -9.210864  -9.048     -9.847356  -9.4192    -9.601494  -9.646618
  -9.817138  -9.675038  -9.527892  -9.440544  -9.651142 -10.078718
  -9.75183   -9.781352  -9.258308  -9.566346  -9.326806  -9.504866
  -8.945514  -9.477722  -9.632988  -9.6019    -9.912142  -9.470878
  -8.974108  -9.708272  -9.737446  -9.758674  -9.159476  -9.48561
  -9.84608   -9.444488  -9.365086  -9.595868  -9.30552   -9.61669
  -9.254074  -9.3496    -9.41253   -9.364854  -9.114642  -9.303838
  -9.129722  -9.508984  -9.046724  -9.527544  -9.056642  -9.320194
  -9.502082  -9.470704  -9.853968  -9.87015   -9.88668   -9.78605
  -9.610426  -9.379934  -9.379006  -9.52592   -9.14138   -9.330808
  -9.579396  -8.609752  -9.612804  -9.662394  -9.302794  -9.452434
  -9.845732  -9.51142   -9.675676  -9.851416 -10.0775    -9.088426
  -8.616944  -9.661234  -9.575626  -9.542972  -9.701196  -9.325472
  -9.457306  -9.25767   -9.498892  -9.388228  -9.3351    -9.744116
  -9.885056  -9.702298  -9.443734  -9.42297   -9.65381   -9.874036
  -9.709026  -9.52882   -9.584036 -10.52903  -10.61284  -10.83034
 -10.466158 -10.532452 -10.676756  -9.658566 -10.691894 -10.11984
  -9.128736  -9.421578  -8.98855   -9.186098  -9.782744  -8.728536
  -8.71508   -9.509622 -10.0688    -8.324218  -9.909764  -9.016622
  -9.51954   -9.361606  -9.40122   -9.12949   -9.936966  -9.646154
  -9.78953   -9.328604  -9.567332  -9.264282  -9.655434  -9.978726
  -9.756586  -9.356966  -9.620402  -9.791792  -9.664598  -9.606308
  -9.69383   -9.891378  -9.93366   -9.598362  -9.784484  -9.772188
  -9.539782  -9.54999   -9.808612  -9.433642  -9.867192  -9.4279
  -9.454116  -9.65526   -9.887724  -9.730428  -9.33771   -9.90495
  -9.53462   -9.106     -9.877574  -9.462178  -9.208312 -10.16827
  -9.88407   -9.703226  -9.744638  -9.894684  -9.890102  -9.331156
  -9.793068  -9.65555   -9.400988  -9.767664  -9.773232  -9.547554
  -9.758558  -9.38643   -9.111336  -9.65758   -9.680896  -9.390896
  -9.76024   -9.743478  -9.210574  -9.12804   -9.006182  -9.069402
  -8.606968  -9.738258  -9.587864  -9.390084  -9.484914  -9.262774
  -9.566752  -9.773232  -9.934414 -10.266174  -9.562344  -9.5758
  -9.953902  -9.861624  -9.40267   -9.164522  -9.070968  -9.171018
  -9.632988 -10.198604  -9.609208  -9.741854  -9.518902  -9.511188
  -9.602422  -9.504634  -9.66077   -9.25535   -9.616922  -9.600624
  -9.388286  -9.487582  -9.517858  -9.945956]"
474,"[-10.325044  -8.901782 -10.198894 -10.02472  -10.384494  -8.82151
  -8.285706  -9.545466  -9.800782 -10.643174 -10.45624  -10.008306
 -10.427124  -9.995488 -10.702044  -9.775784 -10.094204 -10.739918
 -10.663938  -9.507244 -10.450092 -10.279282 -10.524332 -10.72855
 -10.52932  -10.039336 -10.805168  -9.919566 -10.376606 -10.22134
 -10.010684 -10.1906   -10.827092 -10.543646 -10.896692 -10.398414
 -10.231316 -10.68882  -10.526072 -10.348476 -10.44377   -9.897294
 -10.466158 -10.620902 -10.196516 -10.524796 -10.282936  -9.812034
 -10.710686 -10.339138 -10.2341   -10.155568  -8.49004   -8.30444
  -8.96738   -8.616596  -8.959202 -10.06155  -10.18509  -10.879524
  -8.97202   -9.811396  -8.930956  -7.458568  -7.601712  -8.72958
 -10.095596  -9.383646  -9.828564  -9.483754  -8.84819   -9.759834
  -9.646328  -9.217476  -9.39223   -9.487988  -9.020914  -8.22005
  -7.325748  -8.815536  -9.026482  -9.263702 -10.12042  -10.004942
 -10.111024 -10.126568 -10.338964  -9.222348  -9.96701  -10.211248
  -9.736228  -9.755948  -9.6831    -9.778684 -10.032666  -8.43349
  -9.944854  -9.04568   -8.817218  -7.077102  -8.365456  -7.544698
  -7.816138  -8.78671   -8.24441   -8.52861   -7.139684  -8.37404
 -10.878886  -9.890218 -10.148144  -9.87508  -10.034     -7.666208
  -7.876458  -8.230896  -7.05715   -7.93933   -8.133282  -7.89496
  -8.199866  -7.89496   -7.265486  -7.016492  -5.935778  -6.42379
  -8.487952  -7.155518  -8.070584  -5.897266  -6.553246  -7.602408
  -7.99269   -6.927114  -6.911222  -8.993538  -6.5424    -7.123734
  -8.76931   -8.786768  -7.973086  -8.143954  -8.020994  -8.199228
  -8.115012  -7.797984  -6.059956  -6.461142  -9.159244  -9.180588
  -8.907582  -9.052234  -7.24884   -7.501662  -7.773914  -7.759994
  -8.027258  -8.132296  -8.505816  -7.260034  -7.97036   -7.952206
  -7.967924  -7.94165   -8.462258  -8.292492  -7.76069   -7.946348
  -7.349876  -6.721446  -8.033464  -7.296632  -5.73794   -8.120058
  -9.167306  -9.157794  -8.598906  -9.490308  -8.654528  -8.918718
  -9.188244  -9.172526  -9.49808   -9.434396  -9.37976   -9.92902
  -8.15393   -9.92815  -12.01296  -10.734292 -10.560002 -12.04486
  -8.882004 -11.721452 -10.335136 -10.797106 -11.621402 -11.133738
 -12.181972 -10.74392  -11.358314 -10.631632 -10.428342 -11.89957
 -12.29136  -11.670006 -11.10439  -11.043606 -11.31493  -10.4574
 -10.6053   -10.74392  -10.14681   -9.722134 -11.754628  -9.127228
 -10.425094 -12.06893  -10.9098   -11.5478   -11.363998 -11.413008
  -9.969388  -9.667034 -12.169444 -10.898432 -10.826222 -10.709178
  -9.036458  -8.087172  -7.495456  -8.904798  -8.282864  -8.700696
  -8.27167   -6.588626  -5.340466]"
475,"[ -7.473996  -7.646314  -8.261056  -8.790248  -8.846972  -8.00226
  -7.088934  -9.608222 -11.603074 -10.87529  -10.665562 -10.977312
 -11.092616 -11.404888 -10.744442 -10.028084  -7.820256  -9.645632
  -8.641478  -8.87052   -9.190738  -8.583014  -9.191782  -9.4134
  -9.165798  -8.433432  -9.602886  -9.292238  -8.857586  -9.602828
  -8.976718  -8.615668  -8.560162  -9.511246  -8.25079   -8.462258
  -8.57646   -8.800166  -8.584986  -8.931826  -8.783404  -9.278666
  -8.362904  -9.946072  -8.726738  -8.419628  -9.20257   -9.28754
  -8.20468   -8.5173    -8.336224  -8.438768  -7.803668  -7.877908
  -7.624622  -7.358054  -8.014672  -8.18612   -7.812484  -8.10608
  -7.709824  -8.501582  -9.738374  -8.86646   -8.55964   -9.245432
  -9.72051   -8.880322  -8.366732  -9.01204   -8.992378  -8.86849
 -10.077094  -8.303512  -8.486676  -8.54659   -9.485784  -8.89314
  -8.939308  -9.419374  -8.85747   -9.6599    -8.361686  -8.607664
  -8.963146  -8.51991   -9.484566  -9.517742  -9.52186   -8.306064
  -9.033848  -9.623418  -8.6623    -8.94679   -9.423376  -8.426414
  -8.924112  -9.545408  -8.688516  -8.598094  -8.814956  -8.68231
  -9.379876  -9.17676   -8.666882  -7.968156  -9.408296  -8.509586
  -8.9378    -9.601146  -9.077232  -9.417518  -8.868258  -8.90561
  -8.950096  -9.205644  -9.579338  -9.135406  -9.416764  -8.980488
  -9.177978  -9.212082  -8.538412  -8.331816  -8.055156  -8.55616
  -8.274106  -8.25079   -7.655826  -7.01336   -7.827448  -8.047268
  -8.049008 -10.123726  -9.254828  -9.991196  -8.601226  -9.426566
  -9.639774  -9.003166  -9.752294  -9.16748   -9.171714  -8.904276
  -9.483174  -8.861704  -8.845058  -9.11383   -9.810874  -9.802232
  -7.937938  -9.380166  -8.609984  -8.943774  -9.472386  -9.022248
  -9.13268   -9.197988  -9.191376  -8.21483   -9.138712  -9.196074
 -10.044556  -8.968018  -8.62402   -9.765054  -9.570696  -9.337652
  -8.435578  -9.551324  -9.169858  -9.295022  -9.06134   -9.398204
  -9.008386  -9.16023   -8.981242  -9.707576  -8.900854  -9.878676
  -9.141438  -9.295022  -8.161412 -10.46262   -7.969722  -8.498624
  -8.96332   -8.710092  -9.924496 -10.154002  -9.914636  -9.563562
 -10.298422 -10.487734  -7.4182   -10.289374  -9.040228  -9.24027
  -9.340958  -9.810526  -9.02103   -9.13848   -8.526406  -9.724628
  -8.385756  -9.263064  -9.37396   -8.535976  -9.587516  -9.478244
  -9.839642  -9.407716  -9.37193   -8.67158   -9.69006   -9.289686
  -9.256104  -9.080828  -9.300242  -9.018304  -8.910018  -9.29827
  -9.53549   -9.14631   -9.394318  -9.758152  -9.059194  -8.696288
  -9.507882  -9.667208  -9.775088  -8.878756  -9.352268 -10.26803
  -8.783404  -8.308094  -8.734974  -9.556892  -9.25912   -8.84732
  -9.665816  -8.914136  -9.981452  -8.478034 -10.133006  -8.95723
  -9.097184  -9.06134  -10.10128   -9.253552 -11.2665    -9.606946
 -11.135246 -10.917166 -10.902318 -10.907422 -10.424688 -10.762828
 -10.118564  -9.65816  -10.261186 -10.708714  -9.6628   -10.120884
 -10.256082  -9.997518 -11.21285  -10.701928 -10.718226 -10.347026
 -10.67635  -10.631516 -10.063464 -10.186714 -10.02037  -10.884454
 -10.231026 -10.84368  -10.844724 -10.887006 -10.497072 -10.652106
  -9.820212  -8.904798  -9.929252 -10.078138 -10.430488 -10.295232
 -11.010488 -10.632328 -10.4168    -9.92554  -10.358336  -9.97165
 -10.556232  -8.79744   -8.882178  -8.869128  -9.08077   -9.94062
  -9.087034  -9.447156  -8.565092]"
476,"[ -9.034892  -9.220898  -9.073752  -9.281856  -9.745972  -9.139002
  -9.195552  -9.095502  -9.80925   -8.940874  -9.509564  -8.887166
  -8.813274  -9.640992  -9.938996  -9.368566  -8.917384  -9.107102
  -9.052466  -9.293456  -9.343104  -8.7696    -9.96759   -8.754926
  -9.604394  -9.5178    -9.192594  -9.576322  -9.949262  -8.493868
  -9.220724  -9.99166   -9.666628  -9.335216  -7.477534 -10.372836
 -10.16856  -10.740904 -10.976732 -10.765844  -9.828912  -9.35192
 -10.746704  -9.626608  -7.527124  -8.7841    -8.065248  -8.579592
 -10.688066 -10.958636 -10.835328 -10.9794   -10.423586  -8.803124
  -8.397414  -8.76641   -8.79744   -8.811766  -9.758732 -10.495564
 -11.083974 -10.638476 -10.343198 -10.144084 -10.096698  -9.964284
  -9.383762 -10.331076 -10.336934 -10.468014 -10.668578 -10.999236
 -10.279398 -10.731566  -9.624056 -10.153422 -10.11462   -7.771768
  -8.75249  -10.08533   -9.926352  -9.933718 -10.086896 -10.638244
 -10.539296 -10.055924 -10.53164   -8.88067  -10.778314  -9.774972
  -8.119014  -8.67303   -8.817566  -9.646792  -8.862632  -9.667498
  -7.326212  -7.86799   -7.244954  -8.072034 -10.19814  -10.10302
  -9.938648 -10.132658  -9.817022  -9.834886 -10.791886  -9.30958
  -8.123132  -9.352558  -9.112032  -9.062558  -9.220028 -10.157656
  -8.879626 -10.189846  -9.664192  -9.089876  -9.125662  -9.378948
  -9.085294  -9.43196   -8.828644 -10.32313   -9.354646  -9.362824
  -8.596412  -9.530212  -8.70406  -10.057606  -8.502162  -9.105768
 -10.12419   -9.21156   -9.019928 -11.058686  -8.417076  -9.125778
 -10.207188  -6.699348]"
477,"[-10.418076 -10.161832 -10.322492 -10.571718 -10.763466  -9.827056
 -10.141184 -10.428168 -10.260548 -10.474568 -10.478222 -10.859746
  -9.745972  -9.917188 -10.3124   -10.159976 -10.501712 -10.064392
 -10.327248 -10.908176 -10.215888 -10.440638 -10.504148 -10.302888
 -10.343256 -10.60472   -9.970838 -10.506816 -10.3153   -10.692996
  -9.912548 -10.614638 -10.235956 -10.63343  -10.407172 -10.339428
 -10.278354 -10.609824 -10.821118 -10.480948 -10.482108 -10.259272
  -9.553876  -9.138596  -8.954156  -8.584754 -10.200344  -7.47823
  -7.472372  -6.44003   -8.429256  -9.092834  -9.965734  -9.519192
  -9.701718  -8.245976  -9.547612  -9.682404  -9.451854  -8.294696
  -7.780816  -8.115882  -9.489264  -9.742898  -9.407136  -9.18517
  -9.637628  -8.112344  -7.517032  -7.75373   -8.162224  -8.21193
  -8.51817   -8.732248  -7.750134  -7.900934  -8.72784   -9.343394
  -9.74835   -9.604626  -9.75705   -9.611006  -9.774566  -9.292644
  -7.932776  -7.958006  -8.610738  -8.480992  -7.082844  -6.293
  -8.112402]"
478,"[ -7.7778   -10.368138  -9.535432  -8.249224  -8.81078   -7.99153
  -9.279304  -9.38701   -9.70369   -9.510492  -9.055656  -7.847748
  -8.17829   -6.630096]"
479,"[ -7.588314  -9.312132  -8.341792  -7.261484  -7.163348  -7.915724
  -8.777198 -11.721046  -9.274838  -8.411334  -7.090558  -6.852758
  -6.99712   -7.654202  -7.630654  -8.100164  -6.066046  -7.661336
  -5.327938  -6.282966  -6.35042 ]"
480,"[ -9.460786  -9.851996 -10.28369  -10.66069   -7.538086  -7.437514
  -8.133224  -8.28646   -8.491664  -8.382102  -8.03213   -8.391614
  -7.533562  -6.779504  -7.614414  -7.502184]"
481,"[ -9.918232  -9.047246  -8.063856  -8.746226  -7.33816   -6.63868
  -8.954214  -9.175368  -8.211466  -8.180784 -10.57427   -9.741274
  -9.836278  -9.667034  -9.938938 -10.28601   -9.93859   -8.12522
  -8.302236 -10.001984 -10.295406  -8.47641  -10.368138  -9.135812
  -9.373032 -10.9069   -10.330496  -9.745392  -9.435324  -9.555094
  -9.066328 -10.676698 -10.330786  -9.388982 -10.00877   -9.43573
  -9.75821   -9.75154   -9.58131  -10.469058  -8.764496  -9.725382
  -9.562808  -8.636258 -10.018108  -9.114352 -10.32139  -10.440348
  -8.869882 -10.347432 -10.109168  -9.88552  -10.47248   -9.600392
 -10.137066  -9.920088  -9.625042  -8.429198  -7.27407   -7.339784
  -9.608744  -7.49737   -6.03432 ]"
482,"[ -8.676974 -10.174128  -9.628522  -8.550766  -9.33742  -11.124052
 -10.782954 -10.33444  -10.065146 -10.026808  -7.788472  -7.750366
  -9.241082  -8.260128  -8.850046  -7.828028  -8.145346  -8.96303
  -7.881156  -8.417946  -8.247426  -8.235014  -8.486792  -7.851576
  -8.79918   -8.13682   -8.840534  -8.0649    -9.125952  -9.471226
  -8.2708    -8.027026  -9.52273   -9.969446  -8.652962  -8.37259
  -9.046666 -10.098786 -10.099018 -10.417844  -9.277042  -8.98362
 -10.303178  -8.771224  -9.103274  -9.65787   -9.499762 -10.092406
 -10.021124  -8.73451   -8.992784  -8.900042  -9.352616  -9.93917
  -9.330576  -9.36352   -9.612804 -10.083242 -10.224878  -9.651316
  -9.87131   -8.92678  -10.246338  -8.409594  -9.87856   -9.767026
  -9.642964  -9.235572  -9.472096  -8.93026   -9.132622 -10.001288
 -10.526826  -9.979712  -9.7237    -8.137458  -7.854824  -8.347128
  -8.675988  -7.699442  -6.65202   -6.98088   -8.827484  -8.781722
  -9.232092  -9.245664  -9.851358 -10.796178 -10.234622  -8.789436
  -8.755448  -9.57667   -9.277506 -10.524854 -10.548924  -7.639702
  -9.0277   -10.506178  -8.462316]"
483,"[ -9.878618 -10.771528  -7.052278  -8.71044   -8.111416  -8.57936
  -7.487568  -7.518598  -8.285706  -8.425428  -7.314554  -7.250522
  -5.335072]"
484,"[ -8.22063   -8.220224  -8.79773   -9.694584  -8.819596  -9.479694
  -7.94542   -7.724672  -7.594346  -8.757246  -8.470552  -7.562214
  -8.086882  -8.124814  -8.016296  -9.086918  -8.910598  -9.840744
 -10.701174 -10.168212 -10.44145   -9.423376  -8.866054  -7.847922
  -7.648344  -7.93382  -10.686906 -10.632212 -10.554608  -8.552796
  -8.745066  -8.475076 -10.451716  -9.971476 -10.601994  -9.555094
  -9.412008  -8.768382  -9.941606  -9.952626 -10.612144 -10.47422
 -11.224334 -10.130106 -10.622352 -11.159084 -11.203976 -11.582136
 -11.697904 -11.659044 -12.2525   -11.348744 -10.383972 -10.574502
 -10.677452  -9.262252  -9.914462 -11.094066 -10.491388  -9.836568
 -10.230562 -10.147564  -7.58727   -8.105268  -9.584616  -9.429814
  -9.753454  -8.04837   -8.028766 -10.351782 -11.079334 -10.826686
  -9.806582 -10.265884 -10.129352 -11.73079  -10.174418 -10.186366
 -12.169502 -11.615718 -11.649706  -9.219216  -9.305926 -11.286568
 -11.026206 -11.768258 -11.5333   -10.762248 -11.514218  -9.900426
 -11.59855   -8.011018  -7.897396 -10.136254  -9.225074  -9.193058
  -9.395304  -9.868642  -9.7063    -9.706764  -8.225792  -9.031006
  -9.297284  -9.208486]"
485,"[ -8.968656  -8.98942  -12.09068  -12.138472 -11.973752 -10.724026
  -9.104782 -10.984678  -9.960224  -9.430046 -11.28332  -10.421672
 -11.800564 -10.633256 -11.849342 -12.385958 -11.202758 -10.28485
 -11.017506 -10.924532 -10.716196 -10.903188 -11.683926 -11.528022
 -10.98752   -7.295414  -5.630814  -6.802008  -7.69254   -6.270206
  -7.450332  -8.460286 -10.234622  -9.64946   -9.18372  -10.036668
 -11.55737  -11.649068 -10.784636 -10.364136 -11.854794 -10.805458
 -10.58297  -11.061992 -10.781214 -10.356132  -9.698122 -10.095886
 -10.829818  -7.80448   -8.606388  -7.646082  -7.501604  -8.087984
  -8.621294  -9.441588  -8.18815   -9.383878  -8.592352  -9.136334
  -8.477918  -7.921524  -8.257518  -7.803262  -8.526174  -8.366442
 -10.645842 -10.168966 -10.241002 -10.476946 -10.843042 -10.449744
 -10.256662  -9.34177   -9.44124   -8.56892   -9.519482 -10.182364
  -9.785528  -9.68455   -8.983156  -8.796918  -9.33191  -10.41854
 -10.109226 -10.479034 -10.894604  -9.400756 -11.719074 -10.501538
  -9.78199  -10.227198 -10.170822 -10.36518  -10.393832  -8.884266
  -7.86335   -9.285626  -6.67145   -5.780512  -8.937162  -8.494738
  -6.425008  -5.9682    -7.407064  -5.953758  -6.916442]"
486,"[ -9.117774  -9.092138  -9.356966  -8.966336  -7.47359   -5.906024
  -7.18301   -6.84545   -8.80063   -9.898802 -10.195704  -9.662916
 -11.350832 -11.123298 -11.953278 -11.53649  -11.471182 -10.552752
  -8.676974  -8.51382   -6.352044  -6.795628]"
487,"[ -8.2331    -9.366362  -9.398378  -8.81049   -9.326052 -10.186714
 -10.17726   -9.028686  -9.760066  -9.595114 -10.237522  -9.927512
 -10.391048 -10.103774 -10.100178 -10.385654 -10.313618 -10.086896
  -9.39223   -9.940272 -10.608954 -10.66069  -10.207072 -10.234158
 -10.004478 -10.09809   -9.412414 -10.084344  -9.758848 -10.389946
 -10.898838 -10.21902  -10.29036  -10.75523  -10.81874  -10.040264
 -10.808648 -11.092094 -10.83527  -10.740846 -10.94112  -10.117694
 -10.5212   -10.639636 -10.112706  -8.95085   -9.074506  -9.32727
  -9.394086  -9.596448  -8.998004  -8.964248  -7.29524  -10.302714
  -9.2771    -8.283618  -9.497094  -6.377448]"
488,"[ -7.825998  -8.498914  -8.117158  -8.418758  -8.674074  -8.454254
  -8.622744  -8.78062   -8.438768  -8.89923   -9.096604  -8.587596
  -9.431322  -8.788856  -8.84906   -9.468848 -10.52642  -10.315358
 -10.017238  -9.20112   -8.170924  -7.353936  -8.927186  -8.371778
  -9.682984  -8.922314  -8.428966  -8.153582  -8.902826  -7.884984
  -8.225792  -8.40304   -9.00972   -8.358322  -8.55123   -8.66926
  -9.543958  -8.375896  -8.94099   -8.548736  -8.389352  -8.854512
  -8.747038  -8.198706  -9.190274  -8.211002  -8.244758  -8.542066
  -8.433896  -8.191282  -8.803762  -7.98776   -8.655282  -8.232926
  -8.89836   -8.558364  -8.539456  -8.322014  -8.71624   -8.474554
  -9.288468  -8.42363   -9.117136  -8.841346  -9.02886   -8.990058
  -8.601284  -9.262716  -8.07882   -8.47873   -9.033674  -7.95702
  -8.283386  -8.546822  -8.377056  -8.177768  -8.594498  -8.499552
  -8.558422  -9.181632  -9.127054  -8.833284  -9.63119   -9.842252
  -8.572864 -10.846     -9.068126  -9.782048  -8.183916  -8.815014
  -9.852112  -7.248724  -9.030774  -7.086556  -9.076246  -8.96854
 -10.122566  -9.43689   -9.977914 -10.22105  -10.434606  -9.547206
  -9.67788  -10.710106 -10.188918 -10.37794  -10.36837  -10.526014
 -10.636098  -9.95396   -9.885056 -11.108102 -10.926794 -11.74616
 -10.973368 -10.882772 -10.367442  -9.221188 -11.089136  -9.80055
 -10.209566 -10.916992 -11.45355  -11.095284 -11.488118 -11.115236
 -11.260352 -11.435106 -11.574132 -11.124342 -10.504032 -10.30776
 -10.709816 -10.170358 -10.068858 -10.435882  -9.722192  -9.881112
 -10.110328 -10.615624 -11.164304 -10.499914 -10.674494  -8.790364
 -10.36634   -9.944854 -10.513776 -10.27006   -9.939692 -10.39882
 -10.135384 -10.23323   -9.888478  -9.468848  -8.996148  -9.803334
 -10.823844  -7.771188  -6.53776   -7.847806  -9.01552  -10.452122
  -9.638672  -8.563642  -7.88278   -8.484414  -8.058288  -9.868468
  -8.655398  -6.460504]"
489,"[-10.494984 -10.224124 -11.0809    -9.401046  -9.947522  -7.613254
  -8.87545   -8.216048  -8.734278  -9.29769   -9.210632  -9.533576
  -9.745914  -9.3989    -9.538042  -8.60749   -8.572864  -8.954272
  -8.844884  -8.781432  -9.553644  -9.42761   -8.775632  -7.70066 ]"
490,"[ -9.724628  -8.78033   -8.307398  -9.32524   -8.614914  -8.32358
  -8.76728   -9.113772  -9.278898  -9.53897   -9.098692  -9.319498
  -9.452144  -8.562598  -9.053452  -9.290788  -9.17734   -8.943542
  -9.281566  -9.321122  -9.305984  -8.868548  -9.781178  -8.87835
  -9.445822  -8.66549   -9.863248  -9.092022  -8.791988  -9.366478
 -10.031796  -8.706554  -9.319092  -9.58856   -8.77975   -9.262774
  -9.292876  -8.893488  -8.227532  -9.935458 -10.324174  -8.869824
  -9.178094  -9.561126  -8.761886  -9.419258  -9.163246  -8.165994
  -9.619996  -7.912186  -5.976842  -5.321268  -6.471234  -8.854744
  -7.538086  -7.244084  -7.734242  -8.256416  -9.106058  -9.564896
 -10.19582  -10.109864  -9.08454  -10.94663   -9.55492   -6.59489
  -7.94803   -7.875472  -8.029172  -7.026352]"
491,"[ -7.598522  -7.333926  -8.370212  -8.687124  -8.617292  -7.704488
  -8.946268  -8.40449  -10.841708  -9.622548  -8.7986    -8.58458
  -8.237972  -8.35287   -8.56631   -8.28211   -8.62982   -8.419918
  -8.371778  -8.858398  -8.042802  -8.364934  -8.132412  -8.533656
  -7.970302  -8.649946  -8.558248  -8.645306  -8.4042    -8.832646
  -7.847168  -7.87988   -8.794598  -8.320274  -8.417888  -8.736482
  -7.935502  -8.055794  -8.50831   -8.33692   -8.320216  -8.223356
  -7.979814  -7.822576  -8.019602  -8.534294  -8.222834  -7.168568]"
492,"[ -8.384944  -8.37375   -6.81674  -10.170532  -9.52505   -9.546858
  -8.409826  -8.096046  -9.163014  -7.911316  -8.799702  -5.202252]"
493,"[-13.026394 -12.574052 -12.979298 -12.681004 -12.706988 -12.58252
 -12.885512 -12.88499  -12.937074 -12.573298 -12.52046  -12.643536
 -12.710468 -12.72027  -12.714238 -12.57556  -12.585246 -12.694692
 -12.650438 -12.505844 -12.378592 -13.033528 -12.665576 -11.810598
 -12.820378 -12.770034 -12.753852 -12.359104 -12.464896 -12.6063
 -13.017346 -12.741962 -12.857904 -12.948732 -12.591568 -12.350636
 -12.221296 -12.405446 -12.776994 -12.269552 -12.236144 -12.404982
 -13.06595  -13.183516 -12.74057  -12.873506 -12.734074 -12.728796
 -12.682164 -12.92385  -12.814172 -12.574284 -12.830586 -12.92588
 -12.558508 -12.38039  -12.515008 -12.583332 -12.774326 -12.938118
 -12.798048 -12.614014 -12.880176 -12.893748 -12.898562 -13.205556
 -12.509846 -12.494244 -12.538208 -12.81626  -12.521852 -13.02274
 -12.798744 -12.682396 -12.787956 -13.034282 -12.817884 -12.739874
 -12.962652 -12.798454 -11.663394 -12.821538 -11.900324 -12.261258
 -13.07175  -12.859586 -13.036428 -12.766322 -12.658384 -12.078268
 -12.607344 -12.903086 -12.747936 -12.901288 -12.775718 -12.386596
 -12.169154 -12.908538 -12.827744 -12.396978 -12.308354 -12.530958
 -12.489488 -13.09379  -12.84207  -12.589306 -12.965262 -12.77189
 -12.710178 -12.927794 -12.172982 -12.279818 -12.20407  -12.543776
 -12.693764 -13.068386 -12.77276  -12.46652  -12.93429  -12.613028
 -12.997336 -12.686456 -12.59818  -12.54801  -12.819392 -12.612042
 -12.722242 -12.791436 -12.583622 -11.997764 -12.656992 -12.978776
 -12.64139  -12.999134 -12.807096 -12.527246 -12.397094 -12.732392
 -13.004992 -12.817478 -12.787028 -12.24177  -12.734074 -12.696838
 -12.444364 -12.8267   -12.919558 -12.834066 -12.761914 -12.934696
 -12.410028 -12.809242 -13.19558  -12.726186 -12.732102 -12.818116
 -12.716964 -12.36618  -12.596788 -12.737728 -12.478004 -12.553694
 -12.884816 -12.721314 -12.298784 -12.289504 -12.617842 -12.528406
 -12.990608 -12.845492 -12.561176 -12.830006 -12.965726 -12.58194
 -12.765916 -12.106456 -12.242988 -12.605546 -12.83337  -12.743412
 -12.796076 -12.793002 -12.48624  -12.639592 -12.40678  -12.79103
 -12.629326 -12.761334 -12.667084 -12.606822 -12.8528   -12.55961
 -12.950298 -12.70316  -12.884236 -12.446974 -12.912772 -12.603052
 -12.934812 -12.68895  -12.584028 -12.351796 -12.579562 -12.269552
 -12.658442 -11.532662 -13.1109   -12.329234 -12.718414 -12.3598
 -12.634952 -12.462286 -12.976224 -12.78523  -12.892008 -12.509266
 -12.398776 -12.381318 -12.95749  -12.855178 -12.47377  -12.466346
 -11.254494 -12.788072 -12.560016 -12.656818 -12.956156 -12.645392
 -12.839054 -12.585826 -12.68924  -12.47696  -12.3888   -12.616566
 -12.5889   -12.374184 -13.06247  -12.94415  -12.337818 -12.646146
 -12.2902   -12.501726 -12.694576 -12.431894 -12.565468 -12.843346
 -12.58339  -12.195776 -12.699622 -12.708438 -12.941714 -12.999772
 -12.781634 -12.918108 -11.687174 -12.9079   -12.843752 -12.68866
 -12.963638 -13.000294 -12.8673   -12.712846 -12.567962 -12.337818
 -12.94647  -13.02709  -12.477656 -12.768584 -12.981212 -13.104636
 -12.75681  -12.583622 -12.613086 -12.811562 -12.753562 -12.705654
 -12.452774 -12.71012  -12.633502 -12.913468 -12.89659  -12.653454
 -12.01963  -12.609316 -12.541108 -13.21588  -12.280398 -12.811272
 -12.47725  -12.045092 -12.447322 -13.045592 -12.846594 -12.07647
 -12.420294 -12.950414 -12.549344 -12.788362 -12.624222 -12.375344
 -12.951052 -12.710352 -12.859354 -11.837684 -12.447554 -12.85686
 -12.409622 -12.807386 -12.468782 -12.790682 -12.357828 -11.657884
 -12.304236 -11.873354 -12.491518 -12.42331  -12.46507  -12.582462
 -12.85541  -12.523012 -12.541398 -12.887194 -12.38967  -12.286314
 -12.98562  -12.716268 -12.717254 -12.461648 -11.341726 -13.288554
 -12.688602 -12.653106 -12.232432 -11.633814 -12.709714 -12.509614
 -11.981988 -12.567788 -12.59731  -12.998728 -12.705132 -12.969322
 -12.311544 -12.338688 -12.374532 -12.619176 -12.788072 -11.732182
 -11.26679  -11.473908 -12.85483  -12.91341  -12.937364 -12.657978
 -12.996408 -12.708322 -12.676538 -12.925474 -12.292578 -13.015258
 -12.685064 -12.660472 -12.696432 -12.477714 -12.608736 -12.211088
 -12.851002 -12.616856 -12.557522 -12.553056 -12.748168 -12.950008
 -12.846188 -12.422382 -12.821074 -11.817848 -12.48044  -12.006754
 -12.142822 -12.95285  -12.460314 -12.934522 -12.367804 -12.61471
 -12.9949   -12.695852 -13.270342 -12.745268 -12.681178 -12.71969
 -12.731464 -12.806284 -12.579678 -12.416234 -12.441638 -12.807444
 -12.775718 -12.896068 -12.479628 -12.86846 ]"
494,"[ -9.49112  -10.528624 -10.280616 -10.571138  -9.343046  -8.45988
  -9.425406  -7.990834  -7.877038  -9.622896  -8.735438  -9.52041
  -9.253552  -8.620192  -9.251348  -9.158896  -8.515444  -7.623636
  -5.469226]"
495,[-8.658936 -9.559444 -7.838526]
496,"[-7.26827  -8.934262 -7.494412 -9.719118 -9.163942 -8.43871  -7.622476
 -9.937546 -9.889    -7.364376]"
497,[-8.364006 -6.605504 -6.51079  -8.21773 ]
498,"[ -8.697506  -9.483464  -9.479462  -9.077638  -9.277854  -8.624368
  -8.864198  -8.726738  -9.338464  -9.389446  -9.663438  -9.21156
  -8.979154  -9.229772  -8.58748   -8.627268  -7.953656  -9.09121
  -9.489206  -8.95056   -8.331816  -8.49961   -9.01117   -9.022016
  -9.595404  -9.23273   -8.064726  -7.811324  -9.095676  -9.169452
  -8.069308  -8.283908  -8.831602  -9.383124  -8.872956  -9.187664
  -8.987274  -8.89459   -8.624252  -9.466702  -8.766816  -8.509992
  -8.949226  -9.0219    -9.016274  -8.794598  -9.009778  -9.153908
  -6.663968  -8.532496  -7.959978  -9.146832  -9.073694  -8.001158
  -8.364064  -8.64722   -8.251834  -8.644552  -8.910946  -9.08686
  -6.037916  -5.457684  -7.029368  -8.358786  -9.304766  -9.07932
  -9.035472  -9.804494  -9.26695   -8.091464  -7.817878  -8.425022
  -7.838758  -8.650178  -9.769404 -10.571022  -9.837438  -8.068728
  -9.959122 -10.4632   -10.188338  -9.765112  -8.361164  -9.614138
  -9.042258  -9.09208   -7.641732  -8.331062  -8.561322  -9.225364
 -10.070424  -8.63678   -9.040402  -9.64975   -5.634526]"
499,[-8.761886 -8.94534  -8.18583  -5.188564]
500,"[ -9.38295   -9.206862  -9.776364  -9.880764  -9.512058 -10.298422
  -8.759218 -10.206956  -8.366558  -8.82934  -10.245236  -9.639426
  -9.999548  -9.98615   -8.63939   -8.661604  -9.506722  -9.873746
  -9.897062  -9.465716 -10.172272 -10.421846  -9.509448  -9.625274
  -9.79185   -9.558342  -9.759196  -9.6773    -9.731878  -9.905588
  -9.536882 -10.063348  -9.555326 -10.118912  -9.253842  -9.816094
  -9.767606  -8.984142 -10.03864   -8.957636  -9.044288  -9.236732
  -9.222116  -9.926352  -9.335332 -10.175114 -10.183176  -9.41021
  -9.168118  -9.677532  -9.595114  -9.885114  -9.785586  -9.958136
 -10.39911   -9.511014 -10.04038   -9.017028  -9.961732  -9.337768
  -9.001658  -9.886854  -8.754288  -9.843586  -9.27768  -10.031506
  -9.488626  -9.728282  -9.51896   -9.687392  -9.122472  -9.250014
 -10.275744  -9.880184 -10.024372 -10.362338 -10.33212  -10.085968
  -9.776944  -9.951756  -9.249724  -9.955642  -9.850082 -10.045078
 -10.349694  -9.39136   -9.784542  -9.08918   -9.578294  -9.819922
  -9.78837   -9.602422 -10.02298   -9.57203   -9.746726  -8.820698
  -8.990812 -10.16566   -9.802928  -9.973622  -9.61785  -10.039684
  -9.655956  -9.610484  -9.783962  -9.776654  -9.556196 -10.13463
  -9.646676  -9.8397    -9.667382 -10.191934 -10.2196   -10.04415
  -9.922466  -9.701428 -10.142866  -9.979422  -9.741216  -9.631132
  -8.612826  -9.465832  -9.653114  -9.789356  -9.970896  -9.31596
 -10.039452  -9.328372  -9.457596  -9.53549  -10.116302  -9.986498
  -9.705024  -9.373322  -9.782686  -9.795156  -9.322282  -9.59842
  -9.364042 -10.032492  -9.759776  -9.706706  -9.425986  -9.943984
  -9.810294  -9.552078  -9.839526 -10.091188  -9.45487   -9.818762
  -9.479578 -10.56499  -10.157076  -9.725266  -9.758152  -9.146194
 -10.000418  -8.722272  -9.923046  -9.288352 -10.255096  -9.587922
  -9.29392   -9.888652  -9.430394  -9.613616 -10.007784  -9.691104
  -9.39745  -10.140314 -10.111778  -9.75792   -9.911562  -9.59291
 -10.048674  -9.754208 -10.08736   -9.979886  -9.826186 -10.218614
  -9.874268 -10.183176  -9.202628  -9.148282  -9.8252   -10.23207
 -10.177028  -9.75212   -9.75676   -9.619764  -9.435208  -9.160056
 -10.175462  -9.371292  -9.619126 -10.035276  -9.112264  -9.581194
 -10.168734  -9.665932  -8.989478  -9.743246  -9.266718  -9.211618
  -9.821024  -9.10078   -9.720394 -10.018108  -9.729036  -9.740056
  -9.625216 -10.058302  -9.720974 -10.033072 -10.160498 -10.45479
  -9.386662  -9.347628  -9.786862  -9.077638  -9.211502 -10.091014
 -10.050936  -9.459278  -9.523252  -9.723526  -9.590648  -9.81534
  -9.74748   -9.480448  -8.774356  -9.241662  -8.200562  -8.617176
  -8.352174  -8.555638  -9.709954  -9.383704 -10.372546 -10.300568
  -9.70949   -9.082394 -10.079878 -10.075238  -9.1379    -9.688436
  -9.722134  -9.998156  -9.450346  -9.645864 -10.082372 -10.187526
 -10.080168  -9.934298  -9.476098  -9.94352   -9.973332  -9.46647
 -10.053372  -9.715348  -9.932094  -9.868874  -9.68977   -9.344728
  -9.669354 -10.003144 -10.304744  -9.961732  -8.985128 -10.550954
  -9.928556  -9.73211  -10.114272  -9.478244  -9.84608   -9.62075
  -9.654564  -9.87508   -9.983366  -9.875544  -9.83042   -9.773058
  -9.919566  -9.926294  -9.823866  -9.806524  -9.54448   -9.612456
  -8.691474  -8.448918  -7.847922 -10.467318 -10.192282 -10.976906
 -10.021008 -10.307818 -10.483732 -10.460184 -10.05227   -9.83332
 -10.238624 -10.311008  -7.058194  -7.237008  -8.665954  -8.767976
  -9.05815   -8.447816  -6.386902  -6.804618  -6.803226  -9.148572
  -8.695244  -8.538528  -6.722954  -6.370488  -8.795352  -5.87685 ]"
501,"[ -9.091036 -10.425326 -10.017238  -9.6744   -10.421324  -8.97869
 -10.4371    -9.636236  -9.46618   -7.17982   -8.5173    -9.114584
  -8.583478  -8.30937   -8.492998  -9.222522  -7.226568  -7.230222
  -8.757246  -5.388316]"
502,"[ -8.787     -9.0306    -9.503532  -9.36526   -9.625158  -9.609324
  -9.460438  -9.326632  -9.165392  -9.154546  -9.60016   -9.45139
  -9.524586  -9.22751   -9.266196  -8.206304  -9.31741   -8.892096
  -9.274896  -9.16864   -9.450926  -9.494832  -9.780598  -9.386488
  -9.239168  -9.346526  -9.289454  -9.439036  -9.296008  -9.537288
  -9.487466  -9.532474  -9.438282  -9.00479   -8.861994  -9.46183
  -9.426334  -9.568318  -9.581078  -9.09208   -9.551672  -9.086918
  -9.071374  -9.451912  -9.469718  -9.031644  -9.25187   -9.170844
  -9.442458  -9.246012  -9.39803   -9.296008  -8.9697    -9.208312
  -9.545002  -9.231686  -8.91257   -8.825512  -9.409688  -9.412588
  -9.359344  -9.377034  -9.28174   -9.305404  -9.624288  -9.176818
  -8.804458  -9.435034  -9.190274  -9.214518  -9.40673   -9.484218
  -9.49982   -9.283306  -9.330866  -9.517974  -9.470472  -9.034776
  -9.56362   -9.035414  -9.18314   -9.2423    -9.478766  -9.470994
  -9.688552  -9.022944  -9.566868  -9.324718  -9.466702  -9.059136
  -8.918428  -9.401336  -9.386894  -9.509332  -9.329184  -9.516408
  -9.52389   -8.95549   -9.347802  -9.314452  -9.477142  -9.572436
  -9.322282  -9.66831   -9.389446  -9.423318  -9.36903   -9.042432
  -8.764264  -9.36033   -9.567332  -9.55347   -9.393622  -9.024046
  -9.559734  -9.52737   -9.666628  -9.636236  -9.498022  -9.230352
  -9.662278  -9.499936  -9.096778  -9.308246  -9.3322    -9.285974
  -9.055134  -8.975674  -9.178964  -9.730138  -9.438572  -9.070968
  -9.373554  -9.558864  -9.357604  -9.495702  -9.191086  -9.26376
  -9.429698  -9.696324  -9.602074  -9.27594   -9.45661   -9.408934
  -9.099446  -9.51432   -9.669644  -8.930318  -9.446054  -9.386662
  -9.495006  -9.264688  -9.373728  -8.92968   -9.295544  -9.122646
  -9.213126  -9.005834  -9.747132  -9.287888  -9.024046  -9.095618
  -8.950096  -8.987042 -10.333686  -9.878908  -9.766562  -9.39977
  -9.5149    -9.547554  -9.254944  -9.42442   -8.91779   -9.439674
  -8.613116  -8.885252  -9.2278    -9.662568  -9.591808  -9.214808
  -9.527486  -9.76981   -9.622316  -9.199728  -9.531256  -9.230526
  -9.490192  -9.553122  -9.463338  -9.233078  -9.253958  -9.050378
  -9.365376  -8.929622  -9.38266   -9.072824  -9.264514  -9.281682
  -9.597492  -9.14167   -8.958158  -9.298328  -9.320658  -8.897664
  -9.13036   -9.428364  -9.575336  -9.53143   -9.407368  -9.649982
  -9.658566  -9.73008   -9.429814  -9.165218  -8.925446  -9.781642
  -9.163884  -9.485378  -9.443734  -9.208312  -9.184822  -9.230004
  -9.28377   -9.558516  -9.400524  -9.643312  -9.136798  -8.932754
  -9.637048  -9.585254  -9.447968  -9.818704  -9.064298  -9.707576
  -9.338812  -9.093008  -9.185924  -9.47691   -9.438514  -9.370248
  -9.576438  -9.28464   -9.173454  -9.456958  -9.544016  -9.34728
  -9.249666  -9.448316  -9.386314  -9.005834  -9.384864  -9.402496
  -9.096488  -8.794076  -9.700036  -9.450984  -9.135058  -9.294094
  -9.23157   -9.36497   -9.518902  -9.550338  -9.560546  -9.265094
  -9.276752  -9.581542  -9.337536  -9.031934  -9.491642  -9.632118
  -9.265094  -9.341016  -9.461018  -8.930202  -9.170728  -8.960536
  -9.457074  -9.635134  -9.47169   -9.445242  -9.147064  -9.317178
  -9.10542   -9.485668  -9.375758  -9.109132  -9.323964  -9.771724
  -9.47285   -9.599     -9.31973   -9.059078  -9.195552  -9.410094
  -9.326516  -9.410616  -8.652614  -9.05351   -8.59966   -9.230584
  -9.516988  -8.797962  -9.159244  -9.560778  -9.45603   -9.231396
  -9.321586  -9.262368  -9.524586  -9.393738  -9.34612   -9.114352
  -9.521628  -9.295428  -9.41775   -9.163652  -9.519656  -9.39484
  -9.336376  -9.50939   -9.362534  -9.583862  -9.381906  -9.043128
  -9.165682  -9.38092   -8.954504  -9.560546  -8.826556  -8.828586
  -9.540478  -9.50156   -9.435324  -9.311726  -9.294152  -9.124734
  -9.026018  -9.180472  -9.244794  -9.27043   -9.553934  -8.984142
  -9.36613   -9.399132  -9.338     -9.27333   -9.31973   -9.573944
  -9.476156  -9.155648  -9.264862  -9.343162  -9.01465   -9.48474
  -9.325646  -8.956012  -9.331446  -9.200888  -9.286264  -9.271126
  -9.21359   -9.491062  -9.202396  -9.620112  -9.332432  -9.311436
  -9.260048  -9.14254   -8.806024  -9.073404  -9.035704  -9.356966
  -9.324022  -9.398494  -9.249492  -9.399422  -9.513566  -9.37106
  -9.219738  -9.610252  -9.430916  -9.331098  -9.214576  -9.165682
  -9.869744  -9.450462  -9.505794  -9.430916  -9.281972  -9.21156
  -9.865684 -10.07953   -9.447272  -9.604046  -9.287308  -9.119688
  -9.314278  -9.379354  -9.239458  -9.305114]"
503,[-9.640122 -9.723642 -8.219818 -9.790632]
504,"[-12.502596 -13.406526 -11.77429  -11.808916 -12.543312 -13.486392
 -12.50451  -11.853286 -12.970946 -13.19326  -13.236934 -12.43375
 -13.038052 -12.838126 -13.05696  -12.967756 -12.610302 -13.555876
 -13.331068 -12.904536 -11.117498 -10.93996  -12.912192 -12.818812
 -12.895372 -12.41954  -13.112292 -12.959868 -13.418068 -12.767134
 -12.295652 -13.226262 -12.415422 -12.473654 -12.267348 -12.959404
 -12.469014 -13.477112 -13.327704 -13.068444 -12.678684 -12.863936
 -12.631182 -12.89746  -13.520496 -13.09147  -13.152544 -13.215648
 -13.382688 -12.517908 -13.187344 -13.38118  -12.98417  -13.073606
 -12.671724 -12.847058 -12.788768 -12.743238 -11.223754 -12.025082
 -13.75093  -13.045824 -13.198132 -13.680924 -13.083814 -13.497064
 -13.606394 -13.34493  -13.611962 -12.505844 -12.600152 -12.62283
 -13.339304 -13.197436 -12.017252 -11.94597  -12.443436 -12.393092
  -9.649634  -9.305694 -10.44377   -9.887202 -10.541268  -9.638962
  -9.015114  -9.426044  -7.270706  -5.770536]"
505,"[ -9.503822  -8.909264  -9.441936  -9.459278  -9.0973    -9.382892
  -8.645016  -9.382544  -9.219274  -9.200424  -9.649924  -9.229946
 -10.049138  -9.268632  -8.931536  -9.33249   -9.515712  -9.532474
  -9.167596  -9.669934 -10.317272  -9.486886  -9.249782  -9.522788
  -8.770992  -8.66491   -9.42964   -9.408876  -9.203672  -9.078102
  -9.620634  -7.972448  -9.406324  -9.619068  -9.426334  -9.395246
  -9.46038   -9.32959   -9.69615   -9.41485   -9.012156  -8.664504
  -9.345888  -9.494078  -9.1292    -9.223102  -8.177246  -8.539514
  -9.137146  -9.221014  -8.638404  -8.34533   -8.792568  -8.905784
  -9.378542  -9.788834  -9.824098  -9.824504  -9.569188  -8.117622
  -8.389932  -8.397008  -8.970976  -8.965292  -8.963842  -8.9552
  -9.25274   -8.401648  -9.109944  -7.993792  -7.266182  -7.641906
  -8.941918  -7.933936  -7.437514  -7.867178  -8.600414  -8.6043
  -8.377578  -8.761712  -8.653658  -7.623926  -7.671022  -7.314612
  -6.134776  -6.302164  -7.958586 -11.637642  -9.437644  -9.282668
  -9.15095   -8.39521   -8.950444  -9.178616 -10.082024  -8.031782
  -8.008118  -7.807496  -9.377904  -9.620634  -9.142598  -8.34678
  -8.219528  -9.288062 -10.03893  -10.380376 -11.556906 -13.412152
 -10.331656 -10.499798 -10.250166  -9.683506 -10.732378 -12.972686
 -10.57572   -9.63728   -8.48801   -8.7986    -5.917334  -5.268546
  -5.1533  ]"
506,"[ -8.079168 -10.013758  -9.940098  -9.551672  -9.609498  -8.13479
  -8.198532  -8.521534  -7.743174  -9.644414  -7.810454  -7.750308
  -7.244838  -9.067662  -9.777408  -8.803994  -9.693714  -9.715986
  -8.504018  -7.804364  -8.902246  -8.744602  -7.604554  -9.137494
  -9.15559   -8.491664  -8.834502  -8.049994  -8.493346  -7.834756
  -7.385778  -9.753164  -8.348346  -8.509818  -9.010184  -9.224726
  -9.221536  -9.576496  -7.086614  -7.505084  -7.428234  -8.32329
  -8.376998  -9.947812 -10.076282  -8.358728  -9.430858 -10.163804
  -9.591518  -8.476004  -8.713108 -11.244924 -11.11744  -10.199416
 -10.609824 -10.624498 -11.769708  -9.144164  -8.84036   -8.838504
  -8.454718  -8.384712  -9.322166  -8.748778  -8.7087    -8.797904
 -10.629544  -9.409456  -7.492382  -6.070222  -7.268502  -6.496348
  -7.33468   -9.349774  -9.791908  -7.613718]"
507,[-6.836402 -6.571922 -7.828434 -5.50739 ]
508,"[-10.737134 -10.656804 -11.24707  -10.56064  -10.125234 -10.93329
 -11.418808 -11.447808 -10.512326 -11.767736 -11.635844 -11.523904
 -11.65394   -9.16458   -9.165624  -8.632256  -8.46336   -8.573038
  -9.671384 -10.164094  -8.698144  -9.580034  -9.173512 -10.080806
 -10.128192 -10.097742  -9.814064 -10.124828  -9.025786 -10.079472
  -9.503648  -9.765924  -9.207964  -8.384538  -9.602828  -9.2771
  -8.860544 -10.089274  -9.817428  -9.37657   -8.995742  -9.514204
  -9.724048  -8.324334  -9.7875    -9.786224  -8.518576  -9.26869
  -9.116846  -9.995546  -8.202128  -9.141728 -10.651062 -10.121986
 -10.463838 -10.439826 -10.182074  -8.141286  -8.753708  -9.512174
  -9.530444  -9.961384  -8.482094 -10.210552  -8.880438  -9.337072
  -9.135174  -9.691568  -9.67353   -9.049856  -8.65215   -9.73559
 -10.230794 -10.570674  -9.445822  -8.784564  -8.235652 -11.243416
 -10.112416 -10.346968  -9.626028  -9.151588 -10.012656 -10.598224
 -10.035972 -10.644392 -10.475264  -9.459858 -10.405954 -10.534134
 -10.734756  -9.767026 -10.125002  -9.811338 -10.89095   -9.308826
 -10.49162   -5.873544]"
509,"[ -9.61263  -10.588538  -9.525514  -8.813158  -9.521512  -9.28145
  -9.17618   -8.60517   -9.0596   -10.211886  -9.986672  -9.951002
  -9.560662  -9.468094 -10.701696 -11.160998 -10.695258 -10.163398
 -11.014954 -10.094204 -10.941004 -10.17871   -9.802058 -10.642826
 -10.18567  -10.259388  -7.41356   -6.82515 ]"
510,"[-10.072396  -8.66114   -9.622374  -8.757304  -9.011228  -8.145636
 -10.198604 -10.28862   -9.370828 -10.395688 -10.576996  -9.490656
 -10.282472  -9.87363  -10.016252  -9.991718  -9.811918 -10.275338
  -9.93366  -10.258228 -10.008712  -8.977588  -9.664772  -9.267414
 -10.10882   -9.625216  -9.510724  -9.245084  -9.025032  -9.462816
  -8.821568  -8.781374  -9.969678  -6.870912  -7.77751   -5.502866]"
511,"[-10.895648 -10.940018 -10.609824 -11.082756 -10.561046 -10.884744
 -10.91821  -11.415328  -8.0591    -8.66839   -8.774414  -8.878292
  -9.976928 -10.351028  -9.76633   -9.731124  -9.464788  -9.004906
  -7.866134  -8.732828  -8.945804  -9.059426  -9.059542  -7.143048
  -6.334412 -10.062014  -8.210074 -11.65858   -7.764228  -7.32018
  -7.928426  -8.650874 -10.128482  -6.831414]"
512,"[ -6.10218   -8.049066  -7.486698  -5.426828  -6.74221   -8.928346
  -9.490656  -9.562286  -9.940388  -9.048232  -9.52099   -9.071374
  -9.13181  -10.510702  -9.445648 -10.043222 -10.504902 -10.642826
 -10.408216 -10.781968 -10.677046  -9.179718 -10.125176 -10.530828
 -10.215366  -8.995336  -7.836438  -9.030194  -9.835524  -8.867794
  -6.542864  -6.41422 ]"
513,"[ -5.851504  -9.126764  -9.346874  -9.150834  -9.626898 -11.739316
  -8.579592  -8.584     -9.651838  -9.546394 -10.882888 -10.788406
 -11.076782  -9.568666  -8.918834  -8.907756  -8.059912  -8.26761
  -9.712796 -10.283574 -10.09519  -10.300858  -9.816036  -9.189636
  -8.723838  -9.332954  -9.312712  -8.961174  -8.096046  -9.27449
  -7.290832  -6.113664  -9.438282  -9.638266  -9.3554    -9.131984
  -8.030216  -6.66159   -8.149522  -5.141526]"
514,"[ -9.861798 -10.184394 -10.102092 -10.220412  -9.562924  -9.08396
  -9.449418  -9.211502 -10.468478  -5.323994]"
515,"[ -9.534388  -8.324682  -8.312038  -9.74313   -9.315554  -9.257786
  -9.609556  -9.885578  -9.495122  -8.835024 -10.08243   -8.384538
  -9.651664  -9.520178 -10.00442   -9.09382   -9.51838   -8.907002
  -9.496804  -9.525282  -9.624926  -9.780366  -9.538216  -9.808844
  -9.577482  -8.484124  -9.578178  -9.959934  -6.78687   -6.817378
  -8.78439   -9.207674  -7.895366  -8.28153   -7.73256   -7.752512]"
516,"[ -9.393854  -9.285974  -9.397798  -8.99696   -9.639252  -9.366768
  -9.0741    -9.871368 -10.069728  -9.652824  -9.719582  -9.315728
  -9.559966  -9.787906 -10.008132  -9.706996  -9.71007   -9.521338
  -9.219448  -9.614892  -9.591344  -9.382022  -9.19068   -9.295022
  -9.262542  -9.278608  -9.471632  -9.037444  -9.481028  -8.80295
  -9.68194   -9.40006   -7.796186  -9.328198  -9.030426  -9.676372
  -9.07874   -9.86638   -9.078798  -9.562228 -10.227488  -9.83303
  -9.855708  -8.73625   -9.385444  -9.612978  -9.163188  -9.434338
  -9.8194    -9.464962  -9.229192  -9.844688  -9.131462  -9.378716
  -9.508404  -9.140684  -9.063196  -9.896482 -10.3936    -9.87015
  -7.316932  -6.361324  -7.378296  -8.574894  -7.730878  -7.814688
  -8.44857   -6.229606  -7.265486  -9.568144  -9.712274  -9.213474
  -8.857528  -6.13582   -6.231694]"
517,"[ -9.275302 -10.873202  -9.719872  -9.638672 -10.27325   -9.91075
  -9.560488  -9.743594 -10.761378 -10.612724 -10.584942  -9.546742
  -9.630842 -11.038966 -10.290534 -10.18654   -9.68687  -10.44087
  -9.179776  -8.193718  -7.160564 -10.127438  -7.07919   -5.024946
  -6.176768  -6.608926  -6.158904  -5.360592  -6.916036  -7.785398
  -8.016644  -9.27246   -8.851728  -9.219332  -9.540826  -9.624404
  -9.310508  -9.122704  -9.541174  -8.788566  -8.058288  -9.755426
 -10.35358   -9.60596   -9.578584  -8.496942  -8.492824  -9.387648
  -9.181864  -8.996032  -8.198822  -7.409152  -7.967576  -8.364122
  -8.974978  -8.907466  -8.703248 -10.717124 -10.962464  -9.293978
 -10.974586 -10.867866 -10.828078  -6.919342]"
518,"[ -9.23969   -8.903754  -8.914078  -8.9465    -8.550418  -8.796686
  -8.765018  -9.604626  -7.765098  -9.733328 -10.039916  -8.839548
  -9.404584  -9.309232  -8.722156  -9.179544  -8.943774  -8.36969
  -9.849096  -8.181538  -8.173534  -9.360968  -8.212858  -8.767338
  -8.849872  -8.969932  -9.227974  -9.159012  -8.326248  -9.203382
  -9.26028   -8.323928  -9.262948  -8.55761   -8.44393  -10.540688
 -11.354428 -10.877494  -9.672312  -7.76997   -7.628334  -9.29798
  -8.703596  -8.351072  -8.756376  -8.447584  -9.673878  -8.120754
  -8.73625   -9.730834  -8.596238  -8.715718  -8.953228  -8.656558
  -8.644436  -8.865996  -8.832472  -9.029324  -8.857528  -9.790168
  -8.197198  -9.26028   -8.666766  -8.566832  -9.276984  -8.560104
  -8.730218  -8.386858  -8.425312  -9.68687   -8.086128  -7.578396
  -8.270974  -8.81513  -10.324812  -8.693446 -10.024372  -8.895924
  -9.136276  -9.720278  -8.770934  -8.469276  -9.653694  -8.130382
  -8.366094  -9.845036  -9.730892  -9.126068  -9.229482  -9.529632
  -9.342582  -8.836938  -8.302178  -9.115744  -9.458466  -9.41717
  -8.951082  -8.812172  -8.08288   -8.08926   -7.988166  -9.540536
  -9.433816  -9.216664  -8.957636  -8.973238  -9.810352  -9.640122
  -7.444532  -8.21048   -7.99269   -7.52173   -9.360968  -8.713746
  -7.733372  -7.453928  -8.025112  -8.114258  -6.853106]"
519,"[ -6.501916  -7.27842   -8.285184  -9.56333  -10.63488   -9.474068
  -9.402554  -9.066966  -9.01523   -7.794504  -9.814876  -8.094596
  -9.901818 -10.234622 -10.008712 -10.6778   -10.243728  -9.74052
  -9.80548   -9.606946 -10.66533   -9.97397   -8.694954  -9.073404
 -10.328582 -10.228068 -10.738294 -10.774312 -10.85789  -10.639462
 -10.137994 -10.179464 -10.50467  -10.95968  -10.309268  -9.039706
  -7.772754  -6.87068   -7.325284 -10.577518  -9.262832  -9.722366
  -9.14399   -8.866808  -7.549164]"
520,"[ -9.812498  -9.389156  -9.458698  -9.196248  -9.280928  -9.512522
  -9.47401   -9.498022  -9.54187   -8.91199   -9.702414  -9.417402
  -9.65729  -10.137588  -8.991566 -10.11665   -8.92533   -9.739186
  -9.979074 -11.196436  -8.879104 -10.317272  -9.894974  -9.328024
 -10.436868 -10.65083   -9.367696 -11.095748 -10.95591   -9.742376
  -8.416902 -10.514298  -8.992784 -10.747574 -10.438086 -11.337956
  -9.084308 -10.157076 -11.142786  -9.21736   -8.002318  -9.713028
  -9.301286  -9.974318  -9.643022  -9.140858  -9.98673   -8.728594
 -10.227894  -8.869824  -9.957614 -10.06416   -8.927882 -10.17349
  -9.269676  -9.499936  -9.629624  -9.28551   -9.917594  -9.352906
 -10.263506  -9.006878 -10.0195    -9.552426  -9.553876  -9.415662
  -9.133086  -9.858898  -9.35482   -9.71819  -10.976848  -8.584522
 -10.379216 -10.536802 -10.477584 -10.201678  -9.714942  -9.58914
  -8.630342  -9.586008  -9.554514  -9.22664  -10.070424  -9.71413
  -9.594128 -10.991522 -10.270292  -8.493288 -10.85122   -9.074332
  -9.045564 -10.136892  -9.403366 -10.215134  -9.797534  -9.173628
  -9.685246  -9.660132  -8.88879  -10.033014  -8.837402 -10.166762
  -8.606214  -9.737678  -9.552832  -9.66309   -9.528066  -9.509854
  -9.9557    -9.110872  -9.476504  -9.830246  -9.981684  -9.352848
 -10.049718  -8.941512  -9.956164 -10.528624  -9.159244  -9.521164
  -9.80577   -9.539318  -9.866786  -8.864604  -9.021494 -10.692822
  -9.925366  -9.075028 -10.67809   -9.990964  -9.412298  -9.748234
  -9.703806 -10.787362  -9.63061   -9.356502 -10.54701   -8.495956
 -10.236884 -10.93445   -9.074912  -9.534504  -9.602944  -9.404526
 -10.090086  -9.265964 -10.063812  -9.525224  -8.118666  -8.460228
 -10.501306 -10.599384 -11.090876 -10.606576 -10.580244 -11.383718
 -10.39215  -11.103462 -11.391084 -12.039002 -12.123334 -11.120108
  -9.562344  -8.62924  -10.106152  -9.391244 -10.67113  -11.534344
 -10.687428  -8.950212 -10.257358 -10.449628 -10.101048  -9.233832
  -9.64308   -7.736388  -7.707852  -7.639876  -8.857006 -10.249876
 -10.399806 -10.331888 -10.66214  -10.202838  -9.929542  -7.11979
  -8.023604  -9.150892  -9.274722  -9.393216  -8.617582  -8.02372
 -10.279688  -5.550658]"
521,"[-12.51031  -11.821386 -11.119528 -11.251478 -12.135978 -11.38714
 -11.918246 -12.826584 -10.777966 -10.669042 -11.349556  -9.598478
  -8.948472  -8.953692 -12.913178 -10.163862 -12.893864 -10.674146
 -11.77603  -12.698636 -10.402938 -12.372966 -12.74608  -12.444306
 -10.455254 -11.621402 -11.581382 -12.220948 -12.5976   -12.605894
 -10.991058 -10.86833  -11.233962 -10.25092  -10.31414   -9.984758
 -11.764488 -12.617088 -11.993994 -10.809808  -9.35569  -12.336542
 -12.079776 -12.518256 -11.688218 -11.652896 -11.484116 -11.596346
 -10.86282  -11.781018 -12.47348  -12.614246 -12.877914 -12.581708
 -11.47153  -12.488734 -12.653512 -12.55671  -12.61558  -10.21496
 -11.506272 -10.51743  -12.384276 -12.322564 -10.174128 -11.610614
 -10.938916 -12.489488 -10.71173  -12.421222 -11.389982 -11.88681
 -12.482528 -12.353188 -11.996372 -12.276918 -12.53786  -12.040626
  -9.492628  -9.300764  -9.986614  -7.844732  -9.017318  -6.057636]"
522,"[-10.022052 -10.322318 -10.134108 -10.158874  -9.650562 -10.012482
 -10.44029   -9.77068   -9.866902  -9.896308  -8.260186  -7.435716
  -9.499124  -9.402206  -9.370074  -7.755412  -9.991544  -8.86675
  -9.052234  -9.490656 -10.64068  -10.144432  -9.64018  -10.88602
  -8.272714  -9.351514  -8.17017  -10.337108  -9.650504 -10.2863
  -9.366768  -9.520294  -9.315728  -9.982264  -9.661814  -9.997866
 -10.255328  -8.419976 -10.239204 -10.975746 -10.546546 -10.678322
 -10.800818 -10.333106  -9.734314 -10.220006 -10.4719    -9.718306
  -7.830406  -7.76185   -6.980648  -7.58901   -7.608788  -8.32358
  -7.607222  -8.22324   -6.996946  -7.570044  -9.487582  -8.103354
  -9.852866  -9.30059  -10.097162 -10.850292 -10.904348  -9.191782
  -8.232868  -7.842644  -8.544676  -7.638078  -8.052082  -8.269524
  -8.074702  -7.995126  -6.938192  -6.746502  -7.372322  -7.544408
  -7.26798   -8.656558  -7.784934  -6.737628  -6.85096   -9.370132
  -9.428886 -11.039082  -9.338754  -9.89654   -8.61097   -6.340792
  -8.450426  -7.964502  -7.341988  -6.488692  -6.301178  -6.9919
  -5.975566  -8.662532  -7.767476  -9.541348  -7.013592  -6.041802
  -8.154394  -8.36911   -8.555058  -8.384654  -8.3433    -8.634982
  -9.443966  -9.397334  -7.849662  -8.209146  -7.742942  -8.707598
  -9.494484  -8.492012  -8.146506  -8.553202  -8.421252  -9.399828
  -9.78257   -8.878582  -8.933508  -8.786072  -9.626086  -9.210284
  -9.574756  -9.709606  -9.184184  -8.518112 -10.339196 -10.948138
  -9.889986 -11.017332  -9.060064  -8.931884  -7.603742  -7.430728
  -8.230142  -8.04837  -10.198894  -9.327386  -9.720394 -10.081444
  -9.461424  -9.056352  -8.749706  -9.23447   -8.978052  -9.213648
  -8.475308  -9.28928   -9.322572  -9.850314  -9.988354  -9.290266
  -8.1635    -9.692612  -9.594244  -9.299314  -6.570124]"
523,"[ -8.4303    -8.541022 -10.20829   -8.811998  -9.066734  -9.160868
 -11.400828 -11.355704 -10.887238 -10.915194 -10.382116 -11.223464
  -8.839374  -9.3235    -9.633626  -9.72254  -10.166124 -10.614696
 -10.148144  -9.458814  -8.889022  -8.465332  -6.739078  -7.295646
  -8.448454  -8.15161   -9.651084 -10.389018  -9.968576 -10.171808
 -10.010858  -9.77213  -10.21438   -9.579222 -10.0775   -10.203476
  -8.25021  -10.27093   -8.905958  -9.015404  -9.063428  -8.262332
  -9.46792   -9.68281   -9.164116  -9.206688  -9.48039   -8.781954
  -8.41174   -5.522354]"
524,[-9.625158 -6.838954 -7.78389  -9.130592]
525,"[-15.85401  -15.912068 -16.396716 -16.04048  -15.75744  -16.56306
 -16.19969  -15.647066 -15.952088 -16.081428 -15.69509  -15.909516
 -16.266332 -15.808944 -15.800186 -16.342602 -16.501    -16.509294
 -15.831622 -15.897742 -15.825184 -15.757266 -15.943214 -16.422874
 -16.259952 -16.430994 -16.34904  -16.52275  -16.583824 -16.599832
 -15.63912  -15.62955  -15.976622 -16.381984 -16.4575   -15.896466
 -15.540114 -15.424404 -15.943504 -16.273872 -16.624018 -15.980334
 -16.60801  -16.244756 -15.902788 -16.201662 -16.45025  -16.15474
 -16.34237  -15.953364 -16.073076 -16.286748 -15.995762 -15.832608
 -15.587442 -15.528108 -15.886896 -16.073134 -15.761558 -15.808016
 -16.077484 -16.82203  -15.971634 -15.82153  -16.699302 -16.277874
 -16.315864 -16.32729  -16.511962 -15.320468 -16.26117  -15.852154
 -15.879646 -15.616616 -15.898844 -15.983234 -15.733138 -16.096276
 -16.074816 -16.247366 -16.500652 -15.70901  -16.483426 -16.647276
 -15.703268 -16.26175  -16.978978 -16.86437  -15.828838 -15.6948
 -15.610178 -16.519212 -16.329784 -16.296086 -16.521126 -16.22898
 -15.848442 -16.13241  -15.827214 -16.04251  -15.968386 -15.872164
 -15.947158 -16.736596 -16.338078 -16.765538 -16.080326 -15.673978
 -15.624388 -16.076034 -15.502588 -16.754112 -16.510396 -15.833942
 -16.035202 -16.10312  -16.203286 -16.123362 -16.263838 -15.461176
 -15.945998 -15.967052 -16.460226 -15.870714 -15.81573  -16.008406
 -15.567142 -15.581294 -15.777624 -16.073134 -15.951508 -15.703326
 -16.104338 -15.98857  -16.1095   -15.794096 -15.894842 -16.498564
 -16.91077  -16.269522 -16.058228 -15.701296 -15.758368 -15.96334
 -15.583208 -15.441398 -15.814396 -15.614876 -16.819942 -15.720958
 -16.250266 -15.935268 -16.043264 -15.692248 -15.901106 -15.973258
 -16.569556 -16.698954 -16.81913  -15.40393  -16.265056 -16.397528
 -16.259662 -16.266216 -16.323056 -15.860216 -16.21709  -16.563698
 -16.062114 -15.900294 -16.046396 -15.725888 -16.368412 -15.963282
 -16.328798 -16.531798 -15.586746 -15.885098 -16.553374 -16.120926
 -16.062172 -16.298116 -15.626128 -16.497172 -16.103816 -16.28524
 -15.83139  -15.703616 -15.846992 -15.768112 -15.790152 -15.741316
 -15.453462 -15.591908 -16.614448 -16.34643  -16.630456 -16.492764
 -16.001446 -16.54856  -16.554824 -15.671948 -16.075338 -16.624424
 -16.153464 -16.05817  -16.123652 -16.694662 -15.940662 -16.133164
 -16.087692 -16.064956 -15.783656 -16.539976 -16.05643  -16.190178
 -16.24928  -16.80173  -15.932194 -15.950986 -16.580518 -15.218678
 -16.25798  -15.695902 -15.722582 -16.209144 -15.758832 -16.434126
 -16.151028 -15.583382 -15.858998 -16.624946 -16.129916 -16.380128
 -15.923378 -16.007014 -16.534582 -16.035666 -15.710634 -16.10109
 -16.312732 -15.759992 -16.377228 -16.569904 -15.965544 -15.588834
 -15.465932 -16.098248 -15.763994 -16.08543  -16.315168 -16.562132
 -16.29945  -15.935906 -16.113502 -16.671114 -16.00829  -15.963456
 -15.784294 -16.152826 -16.36093  -16.116808 -15.983176 -15.874426
 -15.405612 -15.478634 -15.945824 -15.490176 -15.453056 -15.65652
 -15.990832 -16.364468 -16.296144 -16.532668 -16.710612 -15.960498
 -16.153348 -16.724938 -16.00742  -15.949652 -16.02453  -16.439868
 -15.940604 -15.879646 -16.137804 -15.791776 -15.789224 -15.904702
 -15.679894 -15.38943  -16.170632 -16.305946 -16.121738 -15.754192
 -16.53145  -15.86184  -16.1008   -16.331176 -15.821588 -15.658376
 -15.568128 -15.736618 -16.086822 -15.79833  -15.696308 -15.829882
 -16.1675   -16.679582 -15.446038 -16.04396  -16.247076 -16.01496
 -16.626048 -16.126784 -15.769156 -16.229966 -16.39776  -15.474516
 -16.172778 -15.875238 -16.61265  -15.916476 -15.475038 -15.854938
 -15.807668 -16.251078 -16.447466 -16.659804 -15.939676 -15.84096
 -16.14024  -15.737894 -15.887418 -15.474574 -15.641556 -16.589218
 -16.360988 -15.81022  -16.423164 -16.1559   -16.133338 -16.488008
 -16.5068   -16.060026 -15.847224 -16.069596 -15.929236 -15.829824
 -16.202358 -16.398224 -16.031548 -16.083342 -15.950986 -15.656288
 -15.824546 -16.072206 -15.93492  -16.20549  -15.76295  -15.863406
 -16.496128 -16.419452 -15.679198 -16.789028 -15.740562 -16.42415
 -15.956322 -16.13096  -16.151956 -15.756222 -16.685788 -16.680336
 -16.706784 -16.372762 -16.013394 -16.063274 -15.82878  -15.80732
 -15.864044 -16.065304 -15.978884 -15.865842 -15.669396 -15.976158
 -16.233388 -15.656868 -16.573036 -16.433604 -16.300552 -15.968908
 -15.926104 -15.881212 -15.94101  -16.126726 -15.95377  -16.024124
 -15.995356 -16.321664 -16.25305  -15.76585 ]"
526,"[ -9.21069  -10.08388  -10.580244 -10.38374  -10.109922 -10.237058
 -10.436578 -10.394354 -10.667012 -10.389192 -10.636388 -10.520678
 -10.239204 -10.263042 -10.464592 -10.48292   -9.562634  -9.060702
 -10.600254 -10.397428 -10.148202 -10.783708 -10.446206 -10.306832
  -9.612746 -10.531698  -9.527834 -10.495042  -9.942476 -10.824946
 -10.494926 -10.396732 -10.720662 -10.322492 -10.20162  -10.58326
 -10.660458  -9.7324   -10.582158 -10.869316  -9.052466 -10.442204
  -9.730022 -10.017934  -9.946246 -10.559306 -10.374112  -9.689016
  -9.771782 -10.29906  -10.302714  -9.661814  -9.346178  -9.878386
  -8.94273  -10.514878 -10.301322 -10.37968  -10.536744 -10.80859
 -10.987578 -10.718458 -10.67925  -10.418598 -10.421382 -10.228126
  -9.972056 -10.206086 -10.587668  -9.800492 -10.281254 -10.329742
 -10.117926 -10.424862 -10.012772 -10.299814  -9.657812 -10.275918
  -9.155358 -10.35184   -8.171272  -6.47483   -5.185896  -5.524848
  -7.135682  -7.353646  -7.293674  -9.224262  -9.060296  -9.436774
  -9.19967   -8.652846  -6.575692  -9.13152   -8.856426 -10.021298
  -9.97571   -8.820756  -8.048022  -9.622722  -9.34148   -9.500342
  -8.51382   -8.009162 -10.031448  -9.778162  -9.733444 -10.88892
  -9.464034  -8.655224  -8.924402  -8.233796  -7.64469   -5.834684
  -5.110148  -5.677446  -8.06664   -5.587024]"
527,[-9.940156 -6.838316]
528,"[-9.419316 -8.639622 -9.490482 -7.774958 -8.156134 -7.977842 -8.396312
 -6.93738 ]"
529,"[ -7.07832   -6.671972  -6.09522   -6.336268  -7.309276  -6.48875
  -7.974826  -7.399176  -9.123864  -7.75692   -8.20845   -5.953062
  -7.405904  -9.023408 -10.574154  -9.651664 -10.45392  -11.187156
  -9.875254 -11.69425  -10.960202 -11.425304 -10.28572  -11.455522
 -10.902956 -11.202584 -10.401488 -10.02965  -11.40164   -9.984178
 -11.381224  -9.727644 -11.769882  -9.173628 -11.272822 -12.115156
 -10.324522 -12.068756 -11.076608 -10.424282  -9.275244  -9.327154
  -8.552332  -9.420882  -9.491468  -9.43573   -9.934704  -9.955352
  -9.874674 -10.270466  -9.289222  -9.92467   -9.181226  -8.517242
 -10.381594  -6.771326  -9.433062  -8.926084  -7.810222  -7.523818
  -7.41327   -8.60343   -9.862436  -8.25717   -7.707156  -8.113852
  -9.399712  -8.88009   -9.09846   -8.21947   -8.742746  -5.572582]"
530,"[ -8.323754  -9.50301   -9.48474   -9.458176  -8.373344  -9.522904
  -8.369168  -8.545082  -8.1809    -8.128932  -8.48105   -7.762372
  -6.9136    -6.511254  -6.859834  -6.609854  -7.792996  -8.508078
  -8.80382  -11.14267   -9.479868  -7.332534  -6.036698  -6.60098
  -7.980046  -7.654202  -9.173106 -10.062072  -8.75423  -10.061434
  -8.967786 -10.688124  -8.724128  -9.873514  -9.122066  -9.693308
  -9.640528  -9.048522  -9.48909   -9.910112  -9.336028  -9.383066
  -8.728536  -9.541812  -9.593142  -9.50649   -7.803436  -9.552542
  -9.058498  -9.592562  -8.537426  -6.97189   -9.231396  -9.700732
  -8.723838  -8.15074   -9.648242  -9.569014  -8.956766  -9.86087
  -9.38237   -9.518496  -8.221732 -10.16508   -8.686718  -9.16864
  -9.204078  -9.171366  -9.520352  -8.950154 -10.068626  -7.703038
  -7.016086  -8.399154  -8.598558  -8.058984]"
531,"[ -9.697252  -9.505678  -9.232672  -9.334926  -9.052118  -9.102346
  -9.005834  -9.30755   -8.707772  -9.018884  -8.900622  -8.952822
  -9.051074  -9.192652  -9.21098   -9.100954  -8.990928  -9.642442
  -9.010822  -9.42094   -9.444488  -9.227626  -9.385096  -9.368392
  -9.063486  -9.314858  -8.353856  -9.112438  -8.808402  -9.19387
  -9.742956  -9.254016  -9.52534   -9.361896  -9.753396  -9.481956
  -9.257554  -8.52832   -9.413632  -9.56739   -9.387416  -9.15559
  -9.328024  -8.43204   -9.380108  -9.583978  -9.60654   -9.474938
  -8.84587   -9.466238  -9.867772  -9.636178  -9.55869   -9.353486
  -8.811766  -8.754462  -9.903964  -8.864894  -9.449998  -9.617154
  -9.644356  -9.638788  -9.318686  -9.688552  -9.416648  -9.493614
  -8.706554  -9.481202  -9.279362  -9.63496   -9.142018  -9.581658
  -9.43312   -9.634438  -9.58392   -9.05699   -9.663844  -8.746864
  -8.364934  -9.438514  -8.672624  -9.661118  -9.910808  -8.366442
  -8.706728  -9.219564  -9.42645   -9.25651   -8.391614  -8.945224
 -10.323652 -11.077826 -11.06727  -11.19052  -11.146904 -10.994422
 -11.386908 -10.773732 -10.51569  -11.76936  -11.620184 -10.594106
 -11.2607   -11.020406 -10.522476 -10.406302 -10.543356 -11.017158
 -11.235528 -11.20734  -11.00695  -10.709294 -10.94605   -9.229598
 -10.034    -11.01652   -9.984178 -10.51134   -9.264398 -10.650482
 -10.547358 -11.074752 -11.261976 -11.321542 -10.960666 -11.12382
 -11.10439  -11.210298 -10.85789  -10.46349   -8.937742  -8.348346
 -10.231316  -8.99174  -11.012112 -10.661792 -11.121384 -11.376526
 -11.006254 -11.38163  -11.071736 -11.247418 -10.45218  -11.186924
 -11.177992 -10.351086 -11.077246 -10.967684 -11.222014 -11.042272
 -11.437078 -11.24359  -10.92575  -11.404946 -10.79989  -11.194754
 -11.08148   -9.919682 -10.595324 -11.125502 -10.066538 -11.289178
 -10.146462 -10.742528 -11.405352 -11.52489  -11.806828 -11.652084
 -10.963914 -10.72391  -10.692474  -9.71094  -10.80076  -10.312342
 -10.973368 -10.376606 -10.820828 -10.917108 -10.15087  -11.347932
 -10.598282 -10.341342  -8.71276  -10.313212  -8.372358 -10.835328
  -9.637744 -10.76509  -10.905624 -11.364926 -10.719502 -11.495716
  -9.716102  -9.39194  -11.034036 -11.556558 -11.078406 -10.901506
 -11.236398 -11.06379  -10.398472 -10.534482 -10.837358 -10.15087
 -11.547336  -9.642036 -10.460416 -10.075702 -11.137392 -11.829854
 -12.05095   -9.624752 -11.625288 -10.657558 -11.222652 -11.185068
 -11.050624 -11.133854 -10.05372  -11.34973  -11.229728 -11.787746
 -11.887506 -10.04995  -10.365006 -10.648336 -11.090586 -11.815238
 -11.899454 -11.014722 -11.890638  -8.923184 -10.245352  -9.039416
  -8.747676  -9.894046 -11.013678 -10.893502 -10.671188 -10.339254
 -10.883642  -9.63931  -10.133238  -8.77627   -9.194218 -11.265572
 -10.98259  -10.926678 -10.777038 -10.90661  -11.577148  -9.8513
  -9.534504  -8.85979   -7.402018  -8.852714  -7.076522  -7.69109
  -9.684376  -7.990254  -8.410638  -6.214178]"
532,"[ -5.704474  -7.599102 -10.700072 -10.01892   -9.875428  -9.928846
 -10.38838   -9.362476  -8.74292   -9.953264 -10.30341   -9.052814
 -10.051806 -10.075876 -10.749662  -9.789182 -10.47364   -9.371582
 -10.309268  -9.339972  -9.56768   -8.528552  -8.5956    -8.714674
  -9.827926  -9.311204 -10.209566  -8.253168  -8.98101   -8.861356
  -8.460286  -9.477026  -7.558676  -7.110046  -8.55268   -6.522216
  -8.82934  -10.675828  -9.744986  -9.259932  -8.027954  -8.218252
  -8.804806  -9.922234  -9.890276  -8.701682  -5.897498]"
533,"[ -9.663612  -9.62539   -8.979328 -10.269828  -9.711578  -9.30958
 -10.801224 -10.478802  -9.082452  -8.361396  -6.62679   -8.460634
  -8.059274 -10.437216 -11.47907  -10.474858  -9.94323  -11.682418
 -11.883794 -10.656978  -9.368102 -11.599536  -9.52273   -9.658334
  -9.31219   -8.386394  -8.28472   -6.256634  -6.061406  -7.128026
  -9.433352  -6.591584  -5.952656  -7.01858 ]"
534,"[ -8.6159    -8.836996 -10.0398   -10.086432  -9.458234  -9.654564
 -10.147738  -9.45545   -9.89045   -9.952974  -9.942128  -9.593838
  -8.985824  -7.763532  -5.686088  -5.8174    -7.865902  -9.136856
  -9.428132  -8.63852   -5.059978]"
535,[-6.743022 -7.922278]
536,"[ -9.631016  -8.39666   -9.379238  -8.36795   -9.060876  -8.581912
  -8.316504  -8.591598  -8.069772  -8.893372  -8.347998  -8.81861
  -8.158628  -9.15588   -9.215098  -7.849198  -8.103354 -10.18654
  -8.588872  -6.837388  -8.694026  -6.425124  -6.834024  -9.795272
  -8.15799   -7.6618    -8.116926  -9.016216  -8.73712   -8.093378
  -7.635816  -8.456052  -9.503416 -10.08939  -10.357756  -9.220666
  -7.17083   -9.78634   -8.8798    -5.76607   -5.464354  -6.33157
  -9.569884  -9.783382  -8.268654  -7.52985   -5.261876]"
537,"[ -7.79462   -8.74843   -8.926258  -8.79396   -9.400756  -9.004906
  -9.27362   -9.07236   -8.66839   -9.135406  -9.165856  -9.551382
  -8.550708 -10.137936 -10.15928  -10.160208 -10.116592 -10.224298
 -10.065204  -9.978378  -9.403598 -10.040438  -9.04626  -10.054184
 -10.119608  -9.752352  -9.114468  -9.771492  -7.576134  -7.602466
  -8.575706 -11.060774 -10.435476  -9.429292 -10.53831  -10.335774
 -10.067176  -9.437238  -8.97463   -9.714304  -9.793822  -9.332084
  -9.43254   -9.56826  -10.397544 -10.079066 -10.29442  -10.71057
  -9.681882  -9.48329   -9.683332  -9.713898  -9.901586  -9.417982
  -9.591924  -8.650758  -9.811048  -9.286844 -10.48002   -9.993516
 -10.126568 -10.68592   -9.150834 -10.095248  -9.996648  -9.904602
  -9.994096  -8.88125  -10.298596  -9.03118  -10.383624 -10.210784
  -9.69006   -8.93548   -8.894764  -8.167676  -8.572574  -8.522636
  -8.002434  -8.425022  -8.614044  -8.595832  -8.50831   -8.588756
  -8.840302  -7.808714  -9.22374   -8.932522  -9.131752  -8.892386
  -9.082278  -8.454196  -8.585044  -8.121508  -8.987564  -8.556334
  -8.8682    -8.380072  -7.68761   -8.57472   -9.311958  -8.522288
  -9.398842  -9.155822  -9.238298  -9.29218   -9.234702  -9.372626
  -8.927012  -8.11913   -8.149406  -8.390686  -8.34736   -9.438572
  -8.407912  -8.581274  -8.350492  -8.370502  -9.550222  -8.223356
  -9.1698    -8.180262  -8.549896  -9.08918   -8.834154  -9.322746
  -9.24491   -8.713514  -8.495782  -9.278376  -8.867156  -9.22258
  -9.196538  -9.389562  -8.593512  -9.39513   -9.13674   -8.120522
  -8.860892  -9.41688  -10.218382  -9.474474  -8.405708  -7.085918
  -9.211096  -9.086338  -9.416184  -9.077754  -9.570058  -9.44066
  -9.638904  -9.82404   -9.164406  -9.891668 -10.233636  -9.824098
  -9.964342  -8.12203   -9.473024  -8.611202  -9.904718  -9.15066
  -9.502372  -9.076246  -8.128642  -6.030724  -6.198576]"
538,"[ -8.264884  -8.620714  -8.291564  -8.140648  -8.318824  -8.246324
  -8.34765   -8.126322  -8.731088  -8.46249   -8.959608  -9.672312
  -9.108088  -9.354762  -8.433722  -8.157178  -9.381674  -9.257612
  -8.779112  -9.258656  -9.113772  -7.98167   -8.237682  -8.634518
  -8.071686  -8.031898  -8.149928  -8.532032  -8.312502  -8.051212
  -7.347962  -9.212024  -8.565788  -9.05293   -7.777568  -8.844826
  -8.243946  -7.933762  -8.753592  -8.142794  -9.034428  -7.947334
  -8.825802  -8.083924  -8.360874  -8.563584  -8.557262  -8.693098
 -10.237348  -9.470704  -9.584326 -10.066364 -10.183002  -9.490308
  -8.920052  -9.207616 -10.948312 -10.202026  -9.667846 -10.180972
 -10.484022  -9.69992   -9.670398 -10.778836 -10.6836   -11.713158
 -10.13985  -11.137914 -10.64039  -10.477932 -10.823438  -9.54854
  -7.705242  -6.000564  -5.723324  -6.806764]"
539,"[ -9.854026  -9.181922  -9.34061   -9.229598  -9.077522  -9.13094
  -9.397624  -9.296472  -9.263934  -9.174614  -9.294036  -9.326052
  -8.704582  -8.886354  -8.552216  -8.210074  -8.782766  -7.73952
  -7.18823   -7.665802  -9.22606   -8.801384  -8.858166  -8.479078
  -8.75887   -8.961348  -9.468732  -9.816442  -9.941432  -9.167422
  -9.71094   -9.901122  -9.249666  -9.127054  -8.546648  -8.512776
  -6.841912  -8.508948  -7.27842   -9.879024  -8.344112  -9.513218
  -9.552078  -8.849234  -9.483638  -9.909358  -9.118238  -8.30154
  -8.994118  -8.243772  -9.93975   -9.696672  -9.227742  -9.921828
  -9.82549  -10.207014  -9.85043   -9.777872  -9.804494  -8.884208
  -8.705742  -9.04568   -9.332258  -8.264768  -8.008524  -9.266602
  -9.681534  -9.24636   -9.891668 -10.17233  -10.618524 -10.02414
 -10.35068   -9.873572  -9.566288 -11.20763   -9.032514  -8.141808
 -10.154872  -9.378832  -9.645922  -9.4888   -11.01333   -9.573422
  -9.073694  -9.086918  -7.574858  -9.816442 -10.274758  -9.39339
  -9.366594  -8.759914  -9.345308  -8.190064  -8.64026   -9.805654
 -10.140604 -10.195298 -10.439536 -10.45392  -10.248078 -10.340298
  -9.043824  -9.82926  -10.388438 -10.600428 -10.452064 -10.258576
 -10.372082  -9.640992  -9.49692   -9.387706  -9.261266  -8.433606
  -7.31293   -7.758022  -8.790596  -9.042142  -9.051422  -7.899368]"
540,"[ -9.072534  -7.63164   -7.832378  -7.87031   -8.002144  -7.712434
  -7.70878   -7.915144  -8.300032  -9.422042  -8.985476 -10.38751
  -9.351862  -9.333476 -10.01892  -10.0543    -9.755484  -9.380978
  -8.526812  -9.871716 -10.374982 -10.284502 -10.039278  -8.599138
  -9.074738  -9.373844  -9.68339   -9.62597   -9.11093   -9.447794
  -8.908568  -9.032224  -8.968714  -9.513624  -9.408006  -9.480332
  -9.198162  -9.203266  -9.41311   -9.561938  -9.100374  -9.16342
  -9.536186  -9.128736  -8.388482  -9.330344  -8.944528  -9.482768
  -9.312654  -8.982286  -9.077696  -9.13906   -8.794424  -9.468152
  -8.362034  -9.354994  -8.899984  -9.327154  -9.530908  -9.20199
  -8.956824  -9.27536   -8.927418  -9.4018    -9.034254  -9.262368
  -8.932986  -9.402032  -9.3757    -9.008618  -9.913998  -9.460612
  -9.377498  -9.242474  -9.282668  -9.193464  -9.72805   -8.602676
  -9.56739   -9.51519   -8.776908  -9.709316  -9.156228  -9.60045
  -9.29711   -9.413864  -9.646096  -9.173396  -9.331156  -9.317758
  -9.80693   -9.566868  -9.073114 -10.486748  -9.16719   -9.22026
  -9.545814  -9.002006  -9.401916  -9.203498 -10.002216  -9.123922
  -9.987426  -9.518206  -9.402786  -9.392578  -9.210226  -8.72581
  -9.314452  -9.272112  -8.795642  -9.426624  -9.127634  -9.60393
  -9.133318  -9.59262   -9.008966  -9.67846  -10.036378  -8.832704
  -9.153444  -9.572262  -8.963204  -8.879394  -8.602908  -9.548134
  -9.071838  -8.835198  -8.805618  -9.732052 -10.396964  -8.597108
  -8.415104 -10.063522  -7.864104  -7.350514  -6.422514  -5.847328
  -9.110872  -9.491062  -8.965176  -9.190912  -9.483928  -9.232556
  -9.548714  -9.153096  -9.597434  -9.017434  -9.187374  -8.99
  -9.241604  -9.571276  -9.654448  -9.16632   -9.452666  -9.418098
  -9.03118   -9.175774  -9.329648  -9.271822  -8.721692  -9.389852
  -8.67245   -7.999766  -8.781664  -8.019834  -8.19714 ]"
541,"[ -8.293942  -8.854686  -8.556856  -8.441436  -9.105942  -8.406868
  -8.299162  -8.837054  -7.930862  -7.92309   -7.881794  -8.466782
  -8.519794  -8.67071   -7.810512  -9.010126  -9.367348  -9.730138
  -8.389062 -10.328408  -9.981162 -10.198604  -9.97252   -8.768324
 -10.448758  -9.653288 -10.85847   -9.554398  -9.564026  -7.954062
  -9.734372  -9.535432 -11.506852 -10.70999   -9.691278 -10.07489
 -10.015614 -10.81207  -10.520968 -11.036414 -11.052538 -10.20655
  -8.85051   -9.188244  -9.861102 -10.246222 -10.636794 -10.858702
 -10.483094 -10.594918 -11.295848 -11.421244 -11.00057  -10.066306
  -8.785608  -9.301518  -9.04945   -8.225154  -9.854374  -7.465238
  -8.378332 -10.669506 -10.623222 -10.71057  -10.308108 -11.229844
  -9.054264  -9.869222  -9.994966 -10.968206 -11.06147   -8.138212
  -8.323174  -8.424906  -8.957114  -7.891596  -8.409014  -8.590032
  -8.366326  -8.294174  -8.30183   -8.364354  -8.500712  -8.812694
  -7.951452  -7.455784  -9.313002  -8.912976  -9.60973   -8.179102
  -8.952068  -7.803436  -7.001412  -9.696034  -9.314916  -6.26661 ]"
542,"[ -9.373148  -8.154278 -10.53425  -10.182596  -9.408992  -8.410638
  -9.376686  -9.022422 -10.654252 -10.064508 -10.355958 -11.185822
 -10.953358 -10.086142  -9.479926 -10.516038  -8.684746  -8.147318
  -8.943426  -7.23028   -7.147804  -8.423746  -9.059078  -9.452666
  -7.24623   -8.583826  -9.273156  -8.44103  -10.0543   -10.243844
  -9.453246  -9.94236   -8.82876  -10.005406  -8.393064  -9.908488
  -9.273388  -8.9233    -8.318186  -8.300496  -8.476062  -9.471516
  -9.718132  -9.150254  -7.762836  -9.166784  -9.307028  -9.196944
  -9.361026  -9.17879   -7.97355   -8.668854  -9.004964  -8.457038
  -8.946906  -7.26856   -9.041446  -9.06801   -9.447156  -8.91895
  -9.225944  -8.738744  -9.65178   -9.089934  -9.079668  -9.214054
  -8.32039   -8.749126  -8.296494  -8.61677   -8.882932  -9.015172
  -8.461098  -8.500132  -7.576076  -8.461678  -8.789494  -9.44849
  -8.774008  -8.239538  -8.691706  -7.802972  -9.777408  -7.476432
  -6.558002  -9.039242  -7.709882  -6.305238  -8.682542  -7.356024
  -6.685138  -6.209074  -7.71052   -9.148572  -9.448954  -6.720692]"
543,"[-14.280992 -12.84178  -13.008008 -12.62138  -12.56222  -12.340428
 -12.62341  -12.542326 -12.466752 -12.568716 -12.97344  -11.245794
 -11.049522 -10.545212  -7.89786   -6.799978  -9.437354  -8.59473
  -8.846334  -8.075746  -9.67672   -8.839896  -8.997018  -9.869222
  -9.43863  -10.09722  -10.146926  -8.043498  -9.147296  -8.987274
  -9.934994  -9.375642  -9.998446  -9.786398  -9.184996  -9.900368
  -9.049798  -8.221616  -8.314126 -11.389054  -9.591866  -8.139894
  -8.098424  -8.768962  -9.106348  -8.444336  -9.23737   -8.261172
  -9.223102 -10.196632 -10.431938 -10.339022  -8.490272  -9.121776
  -8.772674  -8.82064   -8.895054  -9.403888  -9.034544  -9.010184
  -9.002702  -8.442886  -8.34649   -8.265754  -7.91207   -6.584218]"
544,"[-12.402256 -12.78552  -12.690632 -12.95546  -12.817652 -12.447496
 -12.506018 -11.96598  -12.183422 -12.426384 -12.954416 -12.700956
 -12.361656 -12.802282 -12.911612 -12.584898 -12.14839  -12.653686
 -12.98533  -12.65763  -12.77102  -12.228082 -12.75217  -12.054778
 -12.67213  -12.563612 -12.667374 -12.97228  -11.487886 -12.61587
 -11.869932 -12.63733  -13.169248 -12.76435  -12.749618 -12.875594
 -13.05754  -12.38155  -13.09031  -12.753736 -12.750662 -12.883714
 -12.332656 -12.697592 -12.967118 -12.360612 -12.732856 -12.368964
 -12.75594  -13.119948 -12.875188 -12.647538 -12.564714 -12.671724
 -12.678568 -12.234752 -12.222166 -13.050116 -12.573878 -12.843984
 -12.356436 -12.639128 -12.878378 -12.758492 -12.45869  -12.01876
 -12.176114 -12.259576 -12.962942 -12.694054 -12.325928 -12.638084
 -12.759014 -12.972396 -12.374474 -11.81576  -12.618828 -12.15825
 -12.819566 -12.564192 -12.711918 -12.34878  -12.183886 -12.236956
 -12.51118  -12.69765  -12.731754 -12.167124 -12.84439  -13.141524
 -10.823148 -11.440558 -11.272068 -11.831652 -12.097002 -12.74115
 -12.277962 -11.533938 -12.105644 -12.727868 -12.903724 -12.810808
 -12.451034 -12.555318 -12.51669  -12.689182 -13.097734 -12.585304
 -12.46478  -12.631124 -12.357132 -12.603632 -12.093522 -12.316242
 -12.681062 -12.892124 -12.760464 -12.89166  -12.472378 -12.360148
 -12.638316 -12.520634 -12.113416 -12.101932 -12.490822 -12.76551
 -12.218628 -11.992776 -12.429748 -12.578402 -13.047564 -12.698578
 -12.977326 -12.910626 -12.948152 -12.133194 -11.980306 -11.675168
  -8.251196  -5.856898]"
545,"[ -9.376222  -9.872818 -10.26977  -10.09867  -11.491482  -8.476526
  -8.713108 -10.447946  -9.175368  -9.423492  -9.344264 -10.35532
  -9.257728 -10.411696 -10.194428  -9.96585   -9.935458  -9.674284
 -10.778082  -9.57493  -10.103832 -10.036958  -9.756644  -9.365724
  -9.819922  -9.942534  -9.81389   -9.665178  -9.361548 -10.949298
 -10.860964 -10.29297   -9.963878  -9.580034  -9.053046 -10.908988
 -11.669194 -10.85354   -9.856636  -9.76981   -9.43428  -10.074078
  -9.52882   -9.964864 -10.144606 -10.18712   -8.985128 -11.115932
  -8.082068  -7.79288   -7.948842  -8.235072 -11.129272  -7.552354
  -9.607352  -9.096198  -8.647162  -9.510724  -9.375236  -9.00624
  -8.944354  -8.445032  -9.388112  -8.107762  -9.009488  -7.767766
  -8.603662  -6.796788  -5.270692  -5.13793   -6.230244  -8.403388
 -11.767446  -9.331156  -9.127402  -9.103042  -7.445576  -6.073412
  -7.700312  -7.99501   -7.00727   -7.261078]"
546,"[-10.402648 -10.620786  -9.914346 -10.984388  -9.265442 -10.14507
  -8.731958  -8.680686  -9.110814  -9.90031  -10.35242  -10.004304
  -9.159128  -8.481514  -9.697716  -8.7174    -9.469776  -7.384328
  -6.696448  -8.575416  -8.519156  -8.287678  -8.306064  -9.094226
  -8.35142   -8.24586   -8.36099   -7.736504  -8.278108  -7.795838
  -8.55384   -8.266334  -8.70928   -7.932602  -9.008212  -8.319404
  -8.506628  -8.345446  -8.241916  -9.0451    -8.214772  -8.523622
  -8.251892  -7.880112  -8.10521   -8.051328  -5.290528  -5.770072
  -6.850032  -8.527972  -6.360164  -5.234674  -7.987644]"
547,"[-9.876124 -9.680722 -9.880996 -9.347396 -9.923974 -9.751482 -8.43494
 -7.999418 -8.543168 -7.865148 -9.5323   -9.53375  -9.604394]"
548,"[ -9.316946  -8.869476  -9.180936  -9.080538  -8.910772  -9.85159
  -8.936698  -8.933218  -9.50794   -8.853236  -8.959666  -9.590996
  -9.611412  -9.367116  -9.06453   -9.494426  -9.089412  -9.38498
  -9.519772  -9.843122  -9.375062  -9.342466  -9.279362  -9.249318
  -9.322224  -9.497442  -9.305172  -8.588698  -9.35627   -9.675096
  -9.472096  -9.490656  -9.072418  -9.295022  -9.520932  -8.987854
 -10.026808  -9.838482  -9.351804  -9.32408   -8.913672  -9.40586
  -9.466122  -9.28493   -8.867736  -9.099446  -9.405918  -9.53781
  -9.121196  -9.5236    -9.37106   -9.540246  -9.310798  -9.179312
  -9.28058   -9.594302  -9.477606  -9.271126  -9.421288  -9.233426
  -9.442748  -9.620634  -9.255408  -9.787152  -9.295718  -9.211734
  -9.268864  -9.737852  -9.549294  -9.64656   -9.242706  -9.620982
  -9.194914  -9.265152  -9.423086  -9.189868  -9.219564  -9.458002
  -9.488046  -9.282726  -9.26608   -9.185228  -9.163594  -9.375062
  -9.335854  -9.439384  -9.59639   -9.604974  -9.434744  -9.374714
  -9.361258  -9.428654  -9.421172  -9.33916   -9.533344  -9.306042
  -9.584152  -9.398552  -9.38788   -9.5758    -9.66512   -9.361026
  -9.451564  -9.204948  -9.207152  -8.972484  -9.756992  -9.228496
  -9.56884   -9.495586  -9.260164  -9.324486  -9.213648  -9.621504
  -9.526732  -8.045876  -9.413806  -9.365492  -9.548134  -9.430046
  -9.418794  -9.644646  -9.580962  -9.076304  -9.127692  -9.432134
  -9.764822  -9.404932  -9.16632   -9.366362  -9.448896  -9.274026
  -9.287018  -9.410442  -9.548598  -9.167538  -9.422796  -9.415662
  -8.911526  -9.17212   -9.340146  -9.457828  -9.487582  -9.53781
  -8.912222  -9.298386  -9.92032   -9.261498  -9.131926  -9.324022
  -9.329706  -9.28928   -9.256626  -9.484102  -8.850452  -8.711368
  -9.300938  -9.37396   -8.977008  -9.201062  -8.810954  -9.17386
  -9.12775   -9.469892  -9.483348  -9.527022  -9.407078  -9.110002
  -9.55753   -9.670166  -9.216896  -8.93548   -9.087208  -9.432946
  -9.525746  -9.329068  -9.339508  -9.529284  -9.36787   -9.156576
  -8.852656  -9.396058  -9.642268  -9.308942  -9.417518  -9.398726
  -8.961348  -8.966858  -8.781316  -9.315032  -9.450578  -9.390606
  -9.367058  -9.449766  -9.24955   -9.256452  -9.607468  -9.047072
  -8.808866  -8.697332  -9.023234  -9.464846  -9.46067   -9.861972
  -9.224262  -9.469718  -9.373206  -9.618198  -9.637802  -9.813252
  -9.686116  -9.332664  -9.281682  -9.292992  -9.298676  -9.399016
  -9.333012  -9.633278  -9.530734  -9.453594  -9.393564  -9.402728
  -9.30059   -8.91576   -9.287598  -9.50852   -9.125372  -9.412182
  -9.174034  -9.267646  -9.307144  -9.603234  -9.549758  -9.514378
  -9.426102  -9.084888  -8.894242  -9.352442  -9.634612  -9.153734
  -9.250884  -9.357256  -9.519308  -9.440776  -9.40528   -9.431844
  -9.507824  -9.322398  -9.528704  -9.180414  -9.248912  -9.523658
  -9.442052  -9.205064  -9.539782  -9.634438  -9.298502  -9.387416
  -9.469718  -9.438514  -9.030426  -9.24868   -9.205412  -9.110524
  -9.116324  -9.292528  -9.746784  -9.635192  -9.568318  -8.998468
  -9.469776  -9.55405   -9.350412  -9.436948  -9.440602  -9.419374
  -9.498428  -9.428828  -9.330692  -9.661698  -9.662858  -9.627362
  -9.529052  -8.94128   -9.427552  -9.46879   -9.460496  -9.539492
  -9.563098  -9.152052  -9.423028  -9.20605   -8.953402  -9.177398
  -9.595462  -9.57609   -9.090746  -9.335564  -9.583398  -9.029904
  -9.577192  -9.477954  -9.34322   -9.494368  -9.562866  -9.113598
  -9.242416  -9.435788  -9.281624  -9.448258  -9.570812  -9.292934
  -9.238646  -9.080306  -9.164058  -9.287888  -8.713224  -9.729384
  -9.288004  -9.359286  -9.508578  -9.228612  -9.386372  -9.33191
  -9.579454  -9.376686  -9.444952  -9.320368  -9.293224  -9.558052
  -9.702762  -9.660248  -9.61234   -9.399654  -9.62307   -8.900042
  -9.738142  -9.39368   -9.511652  -9.656826  -9.619126  -9.78141
  -9.523658  -9.185924  -9.16023   -9.319962  -9.378368  -9.504634
  -9.259352  -9.261788  -9.689364  -9.604452  -9.268748  -9.582296
  -9.256626  -8.899056  -9.42848   -9.639194  -9.294094  -8.874058
  -9.262136  -9.061282  -9.355284  -9.610136  -9.270662  -8.791408
  -9.012852  -9.42297   -9.337246  -9.617676  -9.363056  -9.54187
  -9.382312  -9.56333   -9.456494  -9.309464  -9.34641   -9.416126
  -9.187722  -9.326226  -9.365376  -8.961406  -9.592504  -9.120674
  -8.994872  -9.4308    -9.288294  -9.535258  -9.50997  -10.00152
 -10.159222 -10.07866   -8.929854  -9.917884  -9.613442  -9.49924
  -9.360388  -9.460612  -9.46183   -9.414444]"
549,"[-10.294826  -9.857042  -9.973912  -9.91162   -9.987136 -10.431822
 -10.111604  -9.625158  -7.699384  -7.626942  -7.225002  -8.732828
  -8.76264   -8.669434  -8.074296  -8.122204  -7.827912  -8.29516
  -8.060782  -7.605888  -8.596586 -10.932826 -10.701348  -8.502162
  -6.399024]"
550,"[-10.510412 -10.463838 -10.528044  -9.889812 -10.106094 -10.86166
  -9.881344 -10.93822  -10.254516 -11.060658 -11.053872 -11.00898
 -11.444038 -11.35031  -10.309152  -9.154778  -9.309638 -10.249528
 -10.490286 -10.28688  -10.82164  -10.358046  -8.929622  -9.643718
 -10.237638 -10.467782 -10.542834 -10.22308  -10.905914 -11.70875
 -10.851278 -10.896344  -9.43486  -10.37156  -10.405606  -9.91684
 -10.228126  -9.449128 -10.960318  -8.059216  -9.78663  -10.816594
 -11.418228 -10.769556 -11.181356  -9.783266 -11.060658 -10.37301
 -11.187098 -10.606692 -10.75697  -11.441022  -9.486828  -8.96042
  -8.081314  -8.068032  -9.572784  -9.038604  -9.213822  -8.886238
  -9.583514  -9.080016  -9.469312  -9.806408  -8.660966  -9.021436
  -8.154046  -7.965604  -7.530256  -9.001136  -9.484856  -9.260628
  -8.104282  -8.460808  -7.759008  -6.187904  -5.969882  -6.659618
  -8.224806]"
551,"[ -8.50889   -7.724672  -9.027642  -8.929738  -8.533598  -9.05873
  -9.251174 -10.21699   -9.46531   -9.484102  -8.97492   -7.588198
  -8.527102  -9.691104  -8.780562  -7.984918  -9.299488  -9.14051
  -8.902478  -8.278166  -7.389954  -8.315924  -8.47119   -8.317374
  -9.643312  -9.959586  -9.81447   -9.853852  -9.259236  -8.365572
 -10.021472  -8.873884  -8.658414  -8.865242  -8.97405   -9.217012
  -8.201954  -9.66599   -8.534816  -6.408014  -7.884694  -9.823112
  -9.565998  -7.873732 -11.062456  -9.847414  -9.417576 -10.410826
  -9.759834  -9.605322  -9.00537   -9.65033   -9.067836  -9.13616
  -8.932928  -9.760704  -9.020044  -9.329532  -8.14088   -9.92264
  -9.238298  -9.416126 -10.057664 -10.16015   -8.598616  -9.105826
  -8.003246  -7.361476  -7.100998  -9.434454  -9.978088 -10.053082
 -10.381768 -10.08649   -9.689074 -10.715094 -10.649554 -10.46262
 -10.726172  -9.051538  -8.797788  -9.503068 -11.458306  -8.371778
  -9.120616  -8.491664  -8.85979   -5.487844  -7.011562  -7.496906
  -6.98668   -7.664816 -10.285372 -11.056308 -11.4289   -11.433134
  -9.796316  -8.782766 -10.482572 -10.923372 -10.758594  -8.16553
  -9.597782  -9.918696 -10.24976  -10.1645    -8.34272   -6.577896
  -7.546496  -9.86928   -7.749322  -5.925512]"
552,"[-12.703972 -13.629246 -12.869214 -13.377874 -13.040604 -13.267036
 -13.29708  -12.343154 -11.568738 -11.009966 -13.86345  -13.663234
 -13.09843  -12.112836  -9.51113  -10.218034 -10.240944  -9.549874
 -10.167864  -9.685188  -8.939946  -8.914194  -8.512312  -9.961326
 -10.222384  -9.944216 -10.38548  -12.536816 -13.529022 -12.833544
 -12.70635  -12.965204 -11.931354 -12.363918 -12.615174 -12.51234
 -12.394716 -13.042866 -13.47137  -12.960738 -12.85106  -12.997626
 -11.923524 -12.021428 -12.930288 -12.906566 -13.125864 -13.51835
 -12.967872 -11.508766 -11.000976 -12.734306 -10.92343  -11.956294
 -10.900984 -10.10911  -10.57079  -10.727854 -10.581404  -8.625934
  -8.705278  -7.531184  -5.263036  -6.07811   -8.640202  -8.813854
  -9.184068  -7.47939   -8.505526  -6.500756  -7.020726  -8.357046
  -7.778206  -8.152944  -7.192928  -8.815362  -9.295602 -10.003898
 -10.77466  -10.450672 -11.034964 -11.59101  -11.871092 -11.616298
 -11.471066 -11.47298  -11.218998  -9.044984 -10.910554 -11.315046
  -9.62075  -10.281138 -10.37272   -7.200004  -5.415808  -5.107538
  -5.986702]"
553,"[-13.267094 -12.90674  -13.411804 -12.96503  -12.326624 -12.575966
 -11.478258 -10.399516 -10.855628 -10.41361  -10.760972 -10.53831
 -10.396384  -9.300184 -10.733886 -10.724432 -11.804392 -13.219766
 -12.842592 -13.5256   -13.10974  -13.425028 -11.904326 -13.108116
 -10.586798  -8.858108  -8.757536  -9.588792  -9.430568  -9.144106
  -8.632604  -9.458872  -8.829456  -7.804132  -9.283074 -10.521432
  -8.665432  -9.409456  -9.394666  -6.908786]"
554,"[ -9.772768  -9.895728  -9.500458  -9.460264  -9.383414  -9.167944
  -9.231918  -8.565904  -9.861682  -9.649692  -9.759022  -9.669296
  -9.632002  -9.692496  -9.534504  -9.346004  -8.383204  -9.412762
  -9.640644  -9.888652 -10.078138  -8.830964 -10.124016  -6.78542
  -6.507136  -8.433374 -10.055576 -10.313618 -10.117346 -10.43333
  -9.543378 -11.18878  -11.187852  -9.801478 -10.793162  -9.917826
 -10.62473  -10.95533  -10.535178 -10.290708  -9.59494  -11.195798
 -10.065726 -10.370226 -10.796758 -10.510412 -11.002368  -9.999722
 -11.071272 -11.223928 -10.86746  -11.000686 -11.207398 -10.819552
 -10.997728 -10.958636 -10.795424 -11.41034  -10.581868  -9.840338
  -9.714536  -9.803972  -9.392694  -8.46191   -7.437456  -7.286888
  -9.626086  -7.94832   -5.775756  -6.504004  -6.665012]"
555,"[ -8.235884  -9.306332  -9.13848   -8.693214  -9.227742  -9.02335
  -9.287946  -9.551208  -9.628174  -8.74147   -9.422506  -9.280464
  -9.38266   -9.377382  -9.59813   -8.639274  -9.755368  -9.524702
  -9.220608  -9.118702  -9.137784  -8.98797   -9.46299   -9.776306
  -9.29769   -9.435904  -9.503126  -9.014418  -9.483174  -8.98275
  -9.632002  -9.13181   -9.187026  -9.21504   -9.433642  -9.600218
  -8.815652  -9.316714  -9.365434  -9.625912  -9.055656  -9.493498
  -9.394666  -9.002528  -8.973818  -9.25709   -9.60741   -9.102404
  -9.804958  -9.525746  -8.707366 -10.6401    -9.266254  -9.463454
  -8.82557   -9.667556  -9.716856 -10.27006  -10.298016 -10.27441
  -9.321064  -9.122704  -9.479404  -9.392114  -9.364274  -9.891146
 -10.469464 -10.302946  -8.366616  -9.946536 -10.20887   -9.344902
  -9.468906  -9.297458  -9.2307    -9.75096   -9.406034  -9.278144
  -9.27043   -9.237776  -9.334578  -9.263702  -8.96419   -9.347106
  -9.466644  -9.504054  -9.300242  -9.248564  -9.636816  -9.514088
  -9.385154  -8.96941   -8.917848  -9.59175   -9.694468  -9.582528
  -8.695998  -8.774994  -8.996032  -9.916202  -8.194066  -8.998062
  -6.872362]"
556,"[ -8.143084  -8.923764  -8.427806  -8.50657   -8.808344  -8.488822
  -8.850104  -8.451586  -8.771514  -8.4506    -8.532496  -8.358322
  -9.54477   -8.998178  -9.492802  -9.634264  -9.773348  -9.219564
  -9.590474  -9.346642  -9.751946  -9.544248  -9.581832 -10.073904
  -8.438536  -9.574466  -9.411428  -9.778568  -9.652708  -9.309464
 -10.089564  -9.763024  -9.948798  -9.055018  -9.57986   -9.878212
  -8.630632  -8.70957   -9.207616  -9.685188  -9.055888  -9.97774
  -9.341654  -9.732806  -9.824214  -9.967532  -9.62568   -9.417112
  -9.92525   -9.38933  -10.30312   -9.611992  -9.515886  -9.93424
  -9.772014 -10.03052  -10.00732   -9.30523   -9.61292   -9.48126
  -9.903152  -9.925134  -7.594752  -7.051756  -8.631618  -8.94128
  -8.865532  -8.589336  -9.887144  -9.41804   -9.724396 -10.028548
  -9.850488  -9.960456  -9.930354 -10.102962  -9.81621   -9.821082
  -9.639368  -9.406208  -9.886216  -9.945376  -9.88436   -9.869338
  -9.540362  -9.291426  -9.07758   -9.687508  -9.3554    -9.778916
  -9.616458  -9.432192  -9.725208  -9.730428  -9.756876  -9.989804
  -9.596042 -10.212408  -9.273968  -9.161332  -9.645864  -9.411544
  -9.3873    -9.49605   -9.789008  -9.351224  -7.921234  -8.223414
  -9.344554  -8.938438  -8.50338   -8.903232  -7.33468   -6.879264
  -6.62331 ]"
557,"[ -9.488278  -9.384284  -9.350528  -8.58487   -9.707286  -8.449092
  -8.39869   -7.783078  -9.465832  -9.234702  -8.438652  -9.330344
  -9.559386  -8.959202  -9.068996  -8.70957  -11.77893  -11.055786
 -11.031194  -9.122182  -9.353718  -9.78518   -9.55869   -9.083902
  -8.397472  -9.782396 -10.175868  -9.696498 -10.440754  -8.467594
 -10.37475   -9.443908 -10.198488  -9.390548  -9.738664  -8.988318
  -9.814644 -10.042004  -8.85225   -9.597956 -10.014976  -9.852112
  -9.95135   -9.780598 -10.031448  -9.226234  -8.805618  -9.214808
 -10.318954 -10.41187   -8.743906 -10.155626  -8.363368  -9.369784
  -9.325762  -9.254944  -7.41066   -6.836112  -9.222986  -8.807184
  -6.363006  -6.542806  -8.457212 -10.46842   -9.476504  -9.15095
  -9.400582  -9.945144  -7.83464   -9.338406  -9.0944   -10.036842
 -10.320172 -10.306658 -10.900926  -9.984352  -8.162688  -8.17684
  -9.544944  -8.251544 -10.188164  -9.894162  -9.81766  -10.012714
 -10.44696   -9.285452 -10.120826 -10.69259  -10.686442 -10.2399
 -10.386814  -8.426066  -7.850706  -8.332106  -9.86957   -9.319962
  -9.090978  -9.278028  -9.362592 -10.560234  -9.678576 -10.624614
  -9.749974  -9.417518  -9.64801  -10.602052  -8.257054  -9.43254
  -9.111104  -9.587864  -8.467942  -9.757746  -9.652708  -9.301228
  -8.808344  -9.785006  -9.5033    -8.886528  -9.636758  -8.769542
  -8.077196  -8.925504 -10.785854  -9.894336  -7.222972  -6.593962
  -9.099156  -8.176028  -7.688712  -7.20795   -8.82586   -8.944006
  -8.936408  -9.445474  -9.525456  -8.580404  -9.078508 -10.325566
 -10.221572  -6.817088]"
558,"[-10.885498 -11.057526 -11.338826 -11.02551  -10.798208 -10.56557
 -10.54788  -10.05517   -9.983598 -10.212582 -10.829586 -10.568412
 -10.823322 -11.600522 -10.796526 -11.340856 -11.677198 -11.432612
 -10.729188 -11.099344 -11.219056 -11.645936 -11.628362 -11.667338
 -11.573668 -11.513116 -11.872136 -11.511608 -12.028794 -11.11802
 -10.650598 -11.133274 -11.34567  -10.557798 -10.165892 -11.116686
 -10.725418 -10.906958 -11.393404 -11.128344 -10.79525  -12.07937
 -10.790088 -10.580418 -10.137008 -10.411232  -7.657102  -9.503474
 -10.043686]"
559,"[ -9.739708 -10.705582 -10.947268 -10.19437  -11.322064  -9.985802
  -8.240118  -8.600704  -8.822496  -8.07447   -6.95159   -8.930086
  -7.830754  -8.036364]"
560,"[-11.043896  -9.671964  -9.568086  -9.064472 -10.456472 -10.296276
 -10.715152  -8.537832  -8.434882  -9.632872  -8.89053   -9.490018
 -10.36895   -8.830616  -7.600378  -8.692634  -5.390578]"
561,"[ -9.577018  -9.629972  -9.56449   -8.821684  -9.478418  -9.396638
  -9.23911   -9.461656  -9.80751   -9.811454  -9.561068  -9.378832
  -9.390664  -9.29421   -9.634728  -9.214634  -9.165682  -9.731124
  -9.613152  -9.475808  -9.8078    -9.390606  -9.341306  -9.773174
  -9.484334  -9.511478  -9.66483   -9.839294  -9.040402  -9.784832
  -9.020682  -9.737098  -9.82955   -9.386662  -9.37831   -9.843412
  -9.635076  -9.654564  -9.680258  -9.607294  -9.305172  -9.47459
  -8.727144  -9.224668  -9.411544  -9.539666  -9.60335   -9.47546
  -9.44182   -9.081002  -9.40876   -9.063544  -9.048464  -9.796722
  -9.49286   -9.41978   -9.860348  -9.279188  -9.404642  -9.51925
  -9.578236  -9.312074  -9.389504  -9.519714 -10.12709   -8.99493
  -9.67817   -9.602944  -9.299778  -9.238762  -9.702646  -9.58769
  -9.301692  -9.435498  -9.338116  -9.66077   -9.67208   -9.742318
  -9.455972  -9.978726  -9.33945   -9.591518  -9.880706  -9.30726
  -8.923474  -8.737236  -9.258946  -9.667788  -9.349542  -9.48068
  -9.370016  -9.12659   -9.520178  -9.879314  -9.805886  -9.030484
  -9.428712  -9.695976  -9.409398  -9.369494  -9.665294  -9.878444
  -9.739128  -9.851996  -9.499414  -9.207326  -9.536824  -9.694816
  -9.434048  -9.796258  -9.580266  -9.973274  -9.92554   -9.73327
  -9.819864  -9.29334   -9.444198  -9.40876   -9.54767   -9.959528
  -9.375758  -9.490482  -9.612398  -9.528762  -9.322804  -9.21939
  -9.41282   -9.560836  -9.428306  -9.68919   -9.329532  -9.482304
  -9.669644  -9.432482  -9.14718   -9.25042   -9.734778  -9.4047
  -9.842948  -9.4018    -9.657638  -8.935364  -9.241372  -8.481108
  -9.604568  -9.32785  -10.219484 -10.144606 -10.787246 -10.649322
  -9.77909  -10.617364 -10.457748 -10.673508 -10.324812 -10.634706
  -9.341422 -10.402474  -8.317548]"
562,"[ -7.634192  -9.437644  -9.001774  -9.734546  -9.408296  -9.509158
  -9.080132  -9.536998  -9.704502  -9.53839   -9.417866  -9.947
 -10.05401   -9.614544  -9.17125   -9.090688  -8.911236  -8.377114
  -7.555428  -7.24159   -7.551252  -9.190912  -9.343684  -9.75821
  -9.700442  -9.992936 -10.221108  -9.617444 -10.258344  -9.959818
  -9.727412  -9.306796  -9.680548  -8.883802  -8.96158   -9.395594
  -9.298154  -9.05699   -8.77366  -10.06909  -10.037306  -7.944782
  -8.733002  -9.308072 -10.76973  -10.908118  -9.903616  -9.364854
  -8.928288  -9.452724  -8.78352   -9.255582  -9.168176  -9.341538
  -9.216432  -8.710672  -9.072882  -9.667962  -9.173454  -8.99029
  -8.660966  -9.066792  -9.375352  -9.359054  -9.571972  -9.51171
  -9.192536 -10.679714  -6.19208 ]"
563,"[ -9.4888    -8.548794  -9.451912  -8.09245   -8.359656  -9.273156
  -7.898614  -9.919856  -9.00943   -8.231128  -9.568898  -8.528088
  -8.97434   -8.768672  -9.083438  -9.159708  -8.566658  -9.617734
  -8.616248  -8.701856  -9.430394  -9.574814  -8.638984  -9.030078
  -9.139872  -8.736192  -8.818146  -9.758094  -8.37781   -9.968402
  -8.439464 -10.111546  -8.80933   -9.032746  -9.04017   -8.66781
  -9.442284  -8.890646  -7.981148  -9.631074  -9.24288   -8.48859
 -10.301148  -8.859036  -8.633416  -9.434628  -8.340168  -8.759334
  -8.820582  -8.694664  -9.183372  -8.722678  -8.695302  -9.611876
  -8.425544  -9.678286  -8.524666  -9.257264  -8.643914  -9.412298
  -8.004928  -9.341074  -7.952438  -8.839722  -9.46096   -9.546974
  -9.170438  -8.43697   -9.49634   -9.029382  -8.735612  -9.83767
  -8.473568  -9.077522  -9.211212  -8.38274   -9.154894  -8.396138
  -8.345156  -9.632582  -8.598616  -8.699246  -9.11731   -9.478128
  -8.366442  -7.936256  -5.839962  -6.97363   -9.361084  -8.387844
  -7.300634  -7.92628   -6.613798]"
564,"[ -8.22527  -10.412566  -9.368566 -10.414828  -9.707402  -9.631886
  -8.84152   -7.130984  -7.584428  -7.556008  -8.659864  -8.09767
  -8.446366  -8.020936  -8.984316  -9.3409    -9.63931  -10.731102
  -8.925794 -10.50206   -9.417054  -8.819712  -5.434484]"
565,"[-10.714224  -8.626282  -7.59075   -9.531024  -9.905994  -9.415314
  -8.61358   -8.574024  -8.704872  -8.084446  -9.601668  -7.338276
  -7.639992  -7.500328  -7.532054  -7.787022  -9.476504  -9.644356
  -8.87081   -9.120848  -8.375316  -9.649924  -9.222638  -9.716856
  -9.971998  -9.466296  -8.188904  -8.043614  -8.953286  -8.617408
  -8.196096  -9.281856  -8.702378  -9.17212   -8.90213   -7.8445
  -7.986716  -7.945884  -8.1867    -7.40805   -8.193892  -9.542276
  -8.018442  -8.757536  -8.66288   -9.557472  -8.040598  -7.071824
  -8.088042  -9.218694  -7.37383   -7.688886  -8.443582  -8.62373
  -9.831638  -9.340842  -8.36128   -7.323312  -7.761734  -8.427806
  -7.586864  -9.163536  -9.51345   -9.012794  -8.808518 -10.159164
  -9.755368  -7.246578  -6.612174  -8.350898  -8.873246  -9.006066
 -10.249296  -8.712354  -9.89741   -9.187838  -8.607954  -9.623418
  -9.461946 -10.510876  -8.953866 -10.965132  -9.989978  -8.78323
 -10.650308  -9.187432  -9.821256  -9.2597    -8.82702  -10.301496
  -9.47517   -7.522658  -7.300054  -7.477998  -7.34251   -8.325494
  -9.368276  -8.327002  -7.14966   -9.01784  -11.210356 -10.032724
  -8.142736  -8.078762  -8.183974  -8.109966  -8.697738  -7.330562
  -9.028396  -7.196872  -7.447722]"
566,"[-15.491974 -15.963224 -16.662298 -16.152072 -15.691552 -16.074468
 -16.380824 -16.176142 -16.011422 -15.914968 -15.660406 -16.068146
 -15.753032 -16.083284 -16.234258 -16.289938 -15.999184 -15.445864
 -15.972736 -16.437664 -16.60685  -16.165064 -16.378446 -15.67363
 -15.60374  -16.021398 -16.05788  -16.098712 -16.110834 -15.837132
 -16.871852 -15.474342 -15.862246 -15.569868 -15.9413   -15.493598
 -16.391554 -16.346024 -16.288836 -15.943562 -16.158568 -15.797402
 -15.923842 -15.67334  -16.542702 -16.232054 -15.718058 -16.133976
 -15.18585  -16.610272 -15.8224   -16.426006 -15.869148 -16.160482
 -16.14894  -16.46156  -15.587616 -16.427224 -16.421946 -15.834754
 -15.317858 -16.427166 -15.38276  -16.663748 -16.046164 -16.351998
 -15.684012 -16.221962 -15.407642 -16.034216 -15.871294 -15.962586
 -15.496962 -15.971692 -16.363192 -16.257168 -15.778784 -15.913692
 -15.75019  -15.863    -15.634248 -16.48592  -15.985322 -16.36209
 -16.761942 -15.86561  -16.34846  -16.15793  -16.290228 -16.420322
 -15.499862 -15.721306 -15.45787  -15.65478  -15.848326 -15.93985
 -15.914678 -15.804188 -16.147606 -16.403096 -15.973316 -16.182522
 -16.78781  -15.951044 -16.775804 -16.721748 -15.989962 -16.006492
 -16.070756 -16.372646 -16.708118 -16.360872 -15.831332 -15.92245
 -15.942692 -16.580228 -15.852734 -15.839104 -16.082994 -16.572282
 -16.49607  -16.343066 -15.925988 -15.865842 -15.762892 -15.519408
 -15.997676 -15.72409  -14.79319  -16.028184 -15.86735  -15.99437
 -15.958584 -15.875122 -15.939734 -16.242494 -15.865146 -15.963746
 -15.48629  -16.528608 -15.844498 -14.839242 -16.294114 -15.860506
 -15.986946 -15.674848 -15.872976 -16.637532 -16.260242 -16.555114
 -16.125972 -15.801868 -16.207694 -16.771454 -16.885888 -16.014554
 -16.386276 -15.851052 -15.686448 -15.630072 -15.903368 -16.56248
 -16.067682 -15.970822 -16.212102 -15.650314 -16.04396  -15.931034
 -16.35078  -15.615398 -16.704174 -16.076788 -16.222194 -16.151898
 -16.599716 -15.805116 -16.530696 -15.456304 -16.364932 -15.970358
 -16.474842 -16.072612 -16.419046 -15.48919  -16.326188 -16.287618
 -15.897568 -16.037406 -16.556042 -15.725076 -15.391692 -16.873186
 -16.111704 -15.30185  -15.544638 -15.769446 -15.801636 -16.28263
 -16.203286 -15.863522 -16.363598 -15.910618 -16.201314 -16.08949
 -16.397702 -15.962818 -16.08717  -15.721828 -16.355304 -15.932426
 -16.066    -16.341732 -16.227762 -15.5817   -15.55299  -15.520626
 -15.79978  -15.838524 -15.317046 -15.84009  -16.75301  -15.994428
 -16.675116 -16.544442 -15.876746 -16.460284 -15.971634 -15.710924
 -15.746188 -15.803666 -16.170806 -16.005506 -16.192034 -16.48331
 -15.96305  -16.016236 -16.418466 -15.836842 -15.618704 -16.154914
 -15.579554 -16.521068 -16.385754 -16.64194  -16.000808 -16.098364
 -15.713476 -15.871178 -15.93898  -16.070466 -16.14372  -15.98538
 -16.371428 -16.57495  -15.840438 -15.710228 -15.632392 -15.886316
 -16.18548  -16.002954 -16.487312 -16.165644 -16.36441  -15.739982
 -15.590574 -15.402712 -15.702804 -16.287212 -16.104976 -16.521068
 -15.328066 -16.475132 -16.393294 -15.529384 -15.625084 -15.622358
 -15.996168 -16.153522 -15.85314  -16.492068 -15.737778 -15.815672
 -15.998836 -16.37688  -15.612788 -15.685288 -16.007362 -16.09413
 -16.558362 -16.488414 -15.900294 -16.616826 -16.021804 -16.064376
 -15.80529  -15.914098 -15.968212 -16.302002 -16.103352 -16.55987
 -16.748486 -15.741142 -16.568048 -16.200386 -16.609924 -16.474262
 -16.40066  -16.502218 -16.13415  -16.256936 -16.22231  -16.182986
 -16.0138   -15.855228 -16.20462  -15.760456 -16.05875  -16.365976
 -15.893798 -16.406924 -16.158278 -16.761362 -15.768808 -15.916766
 -15.894726 -15.681054 -15.837074 -15.93086  -15.9964   -16.178288
 -16.490038 -16.02569  -16.245974 -16.155494 -16.005796 -15.954176
 -16.896038 -16.570774 -15.9993   -15.863232 -16.485108 -16.051674
 -15.977086 -16.002896 -15.775652 -15.559718 -15.697526 -15.785686
 -15.82269  -16.423628 -15.72351  -15.84096  -15.785048 -16.729578
 -15.685636 -16.148882 -16.12835  -16.06774  -16.518806 -15.595562
 -16.121796 -16.033868 -15.672934 -15.679372 -15.836436 -16.384072
 -15.696946 -16.24174  -15.573348 -16.11994  -15.855228 -15.768054
 -15.937704 -15.46976  -15.642368 -15.673688 -15.969604 -16.080616
 -15.999068 -16.437838 -16.278686 -16.149346 -16.144358 -15.78731
 -15.725482 -16.451236 -15.88272  -15.893334 -15.958178 -16.48911
 -16.081602 -16.333148 -16.57466  -16.12603  -16.152826 -16.462836
 -15.621024 -15.584484 -16.21506  -16.690196]"
567,"[-10.327712 -10.725882 -10.127844 -10.53019  -10.524448 -10.42376
  -9.99369  -10.264434 -10.40259  -10.720546  -9.12543   -9.674052
  -9.587516  -9.37628   -9.755426  -9.562866  -9.463164  -8.58255
  -9.295544  -8.58226   -8.809446  -9.088078  -8.640492  -9.064704
  -9.167712  -8.645306  -8.245512  -6.80253  -10.018804 -10.20568
 -10.074774 -10.522244  -9.94526  -10.761552 -10.442204  -9.234586
  -9.941258 -10.13405   -8.461446  -8.452224 -10.59892  -10.256082
  -9.003572  -9.965038  -8.667752 -10.033072 -10.005174  -9.808728
 -10.119724  -9.950654  -9.539724 -10.98433   -9.846718  -9.770622
  -9.691278  -8.789146  -8.711774 -10.017934  -8.60314   -5.985078]"
568,"[-7.934864 -9.559038 -8.102194 -9.65497  -9.87276  -9.394666 -9.30871
 -8.317084 -8.432968 -9.191724 -8.003362]"
569,"[ -9.658102 -10.454036  -9.907212  -9.451506 -10.247208  -7.807322
  -7.49099   -7.757094  -7.55885   -7.052568  -8.11681   -9.537404
  -7.796418  -7.865496  -7.397378  -7.683028  -6.742848  -7.683086
  -7.177674  -7.577178  -8.407158  -9.482768 -11.749582  -9.805016
 -10.593004  -8.299162  -7.859232  -9.061166  -9.742898  -7.912302
  -5.369814]"
570,"[ -8.784912  -9.838018  -9.17386   -9.266022  -9.70021   -9.432888
  -9.4047    -9.485204  -9.532938  -8.898302  -8.954794  -9.21156
  -8.534004  -9.64221   -9.580382  -9.629044  -9.225712  -9.84579
  -8.884614 -10.149942 -11.035312 -11.061876  -9.672718 -10.474046
  -9.60016   -9.840222  -8.629066  -9.960746  -8.57965   -8.893604
 -10.466854  -8.217324  -8.566426  -8.78062   -8.493694  -9.201526
  -6.19121   -5.336116  -6.164878  -7.589764  -9.846254  -8.352986
  -8.522056 -11.116512  -8.026504  -8.126902  -9.092834  -9.689944
 -11.421882  -9.983656 -10.31994   -8.92997   -9.744638  -9.574408
  -9.583166  -6.75236   -5.48506   -7.245012  -8.27805   -8.209784
  -8.445612  -9.342698  -8.14581   -8.84007   -8.310472  -7.689234
  -7.720496  -8.806082  -7.204064  -9.019464  -8.695186  -8.269466
  -8.468464  -6.401808  -7.680534  -7.444706  -7.963226  -8.37346
  -8.552564  -8.679294  -9.298966  -8.892386  -8.712354  -9.351398
 -10.5792    -7.623694]"
571,"[ -6.288882  -9.024684  -9.243228  -9.446924 -10.477874  -8.685964
  -8.050516  -9.318628  -7.904936  -9.119224  -8.705104 -10.717588
  -8.515096  -7.685754  -8.44538   -9.051944  -7.750192  -8.182292
  -8.92185   -9.553818  -9.486654  -9.299546  -9.54506   -9.234064
  -9.12804   -9.706532  -9.577888  -9.412472  -9.53056   -8.951256
  -8.595368  -8.79309   -8.79222   -7.89061   -8.060492  -9.435962
  -8.125684  -7.573118  -8.98478   -9.04945   -8.9175    -9.687856
  -9.445474  -8.777546  -8.079864  -9.141728  -9.449534  -9.090166
  -9.524934  -9.552716  -9.410616  -9.620982  -9.729384  -9.053684
  -9.249028  -9.52128   -9.529574  -9.356386  -9.01088   -9.245142
  -9.407832  -9.535084  -9.062674  -9.712158  -9.423434  -9.396406
  -8.927766  -9.717436  -9.501038  -9.299256  -9.56304   -9.294616
  -9.26202   -9.117252  -9.392578  -9.420998  -9.735648  -9.35366
  -9.819342  -9.059252  -9.256336  -9.434048  -9.464498  -9.834306
  -9.164174  -9.758036  -8.541486  -8.240582  -9.615066  -9.186678
  -9.350528  -9.28377   -9.638092  -9.496108  -9.796838  -9.201526
  -9.481086  -9.54303   -9.184822  -9.35366   -9.442632  -8.69304
  -8.21106   -9.449302  -9.392404  -9.542392  -9.562518  -9.22403
  -7.788762  -9.746146 -10.808126  -9.499124 -10.475032 -10.305498
 -11.008168 -10.88834   -9.364158  -7.634076  -7.405034 -10.297494
 -10.839272 -10.78974  -10.510702 -11.0113   -10.693228 -10.589408
 -10.193848  -9.315264  -9.05757  -10.332062  -9.156692 -10.24483
  -9.792836  -9.843296 -10.179986 -10.260084  -9.754034  -9.872818
  -9.905704 -10.355146 -10.173896  -9.99978  -10.52294  -11.630914
 -11.415328 -12.289388 -10.984156 -12.605372 -10.941642 -12.32471
 -11.691988 -11.1099   -11.211864 -11.291266 -10.896866 -11.4463
 -10.816652 -10.181842 -10.238972  -9.81708  -11.980364 -11.302112
  -9.339276 -11.512942 -10.16624  -11.207456 -11.648662 -11.956236
 -11.82765  -11.072142 -10.953532 -10.553564 -10.568122 -12.196182
 -11.062108 -11.086468 -12.506888 -11.627376 -11.378092 -11.97787
 -11.85143  -12.2438   -11.377396 -12.036914 -12.429922 -11.632654
 -12.031346 -12.174664 -10.537092 -11.959252 -11.674008 -10.330554
 -11.232048 -10.581984 -10.074658 -10.408506 -10.211074 -11.42687
 -10.66939  -12.07647  -11.371306 -10.455486 -11.255944 -11.299386
 -11.47124  -10.17697   -9.13355   -8.856542  -8.814028 -10.005638
 -10.12738   -9.76459   -9.738432 -10.313212 -10.573516 -10.63082
 -10.515342 -10.196864  -9.892944 -10.08359  -10.961826  -9.208892
 -11.892436 -10.128134  -9.473778  -9.103622  -7.924772  -6.004798]"
572,"[-10.58239   -9.790226  -9.374308 -10.28282   -8.31198   -9.613906
  -9.684434  -9.686058  -9.339566  -9.5091    -9.354878  -9.22809
 -10.331598  -9.160056  -9.362766  -9.611992  -9.373264  -9.776828
  -8.576808 -10.02211   -9.528008  -9.911678 -10.386988  -9.343568
  -8.379086 -11.027946 -10.443828  -8.348926  -9.30088   -9.996938
 -10.01689   -8.7203    -9.940562  -9.294442  -9.539028  -9.29537
 -10.338384  -9.904602  -9.53143   -9.468558 -10.361642  -9.474996
  -9.428248  -8.804516  -9.269792  -8.589046  -9.617096  -9.307144
  -9.649576  -9.228148  -9.064298 -10.02617   -8.882642  -9.937372
  -7.74764   -8.501176  -8.22005   -9.089934  -8.444568  -8.02256
  -7.467152  -9.223276  -8.04547   -7.54377   -9.04336   -8.641594
  -7.719974  -8.02285   -8.771572  -8.107066  -9.410036  -8.287098
  -9.25216   -7.474982  -9.640934  -9.48387   -9.417344 -10.062594
  -9.929136  -9.352094  -9.868468 -10.194892 -10.675538  -9.920842
  -9.658276  -9.853794  -9.121486  -9.006124  -8.666476  -8.308906
  -8.640782  -8.654586  -8.537368  -9.175948  -8.378042  -9.998098
  -9.12833   -8.755796  -8.675524  -8.781664  -9.406962  -8.752026
  -8.687878  -9.608512  -9.474126  -9.234006 -10.754882 -11.02986
 -11.449374 -10.625948 -11.181066 -10.789508 -10.619858 -11.293412
 -10.881206 -10.802152 -11.533764 -10.406998 -11.26244  -10.506758
 -11.058628 -10.156322  -9.543726  -8.916978  -8.027606  -7.741318
  -7.67456   -8.76583   -7.144788  -7.787834  -8.65563   -8.969062
  -8.611376  -7.251914  -6.751896  -7.243852  -7.797868  -7.605134
  -7.630364  -8.2853    -7.921002  -7.720496  -7.737722  -7.657276
  -7.758718  -7.382588  -8.33663   -8.240118  -7.051814  -6.82979
  -8.74988   -8.37926   -9.75647  -10.038524 -10.611564 -10.49046
 -10.57543  -10.825758 -10.416162 -10.423064 -10.42144  -10.858122
 -11.064834 -11.236108 -10.649264 -11.490902 -10.30921  -11.083104
 -10.507744 -11.165986 -10.980734 -10.556    -10.770368 -10.368196
  -9.935284  -9.865278  -8.493172  -9.207906 -10.454558 -11.204556
 -10.576532 -11.21401  -10.92227  -10.173896 -10.626644  -9.479056
  -8.371024  -8.131368  -8.230432  -6.93622   -6.81297   -9.667324
  -6.524304]"
573,"[-11.36046  -11.541362 -11.851546 -11.730848 -11.881822 -12.322216
 -12.378128 -10.998656  -8.41899   -8.356756  -8.108806  -9.145672
  -7.840614 -10.77524  -10.332816 -10.226792 -10.389888  -9.315728
  -9.862088  -8.907466  -8.299104  -8.523274  -8.16901   -9.228612
  -9.602364  -8.702668  -8.591598  -9.883374  -8.915644  -6.743776
  -8.558248  -9.02393   -6.225082  -5.901268  -6.894634  -7.73517
  -9.783556  -5.049654]"
574,"[-11.38395  -10.493476 -11.88855  -12.17594   -9.951466 -12.063188
  -9.503474  -7.305274  -7.687784  -8.969004  -7.653216  -9.31973
  -8.580114  -9.872876  -9.117484  -8.74002   -8.742688  -8.512486
  -8.224864  -8.857238  -7.894206  -9.412994  -6.885006  -7.861668
  -7.969316  -9.040866]"
575,"[ -9.130708  -9.480912 -10.094958 -11.372988 -11.463004 -10.045542
 -10.159164 -11.41585   -8.150102  -7.435078  -5.04252   -5.82929
  -9.704792 -10.567832 -10.252486  -8.192732  -7.212416  -6.769992
  -8.828876  -7.813354  -8.590322  -8.10086   -9.169452  -8.49352
  -7.98515   -7.783542  -8.519678  -7.765272  -5.45548 ]"
576,"[ -8.986694  -8.86008   -8.712238  -9.200308  -8.900158  -9.03176
  -9.191724  -8.959434  -8.724534  -9.090166  -8.977936  -8.458488
  -9.060122  -9.23824   -8.928984  -8.607896  -8.963726  -8.641942
  -6.985288  -6.43858   -7.102796  -5.288266  -6.36173   -7.712086
  -7.999824  -9.900542 -10.23091   -9.622838 -10.800238 -10.558378
 -10.424456 -11.121094  -9.648242  -9.43167   -8.082648  -8.23687
  -9.240386 -10.930564 -11.940518 -11.84331  -11.695874 -11.480926
 -10.530422 -11.17718  -11.873296 -10.915368 -12.148738 -11.594258
 -12.866314 -11.725048 -12.33921  -11.532546 -11.5188   -12.213118
 -11.008806 -10.985374 -10.811606 -10.925112 -11.488814 -11.772782
 -10.749836 -12.158308 -10.929926 -10.401952 -12.143286 -10.445452
  -8.99696   -8.259664  -6.535324  -8.688632  -7.851924  -9.821024
 -10.575778 -10.22772  -10.169488 -10.33415   -9.692032  -9.80635
  -9.792604  -9.77735   -9.758152  -9.209298  -7.771246  -9.473836
  -8.207058  -8.340748 -10.273888  -9.795736  -9.723178  -9.9209
 -10.018514 -10.368602  -9.476562  -9.432888  -9.711346  -8.814202
  -9.95048   -9.103622  -9.726484  -7.952264 -10.657964 -10.562032
 -10.207884 -10.203534 -10.219658 -10.92575  -11.703414 -11.281232
 -10.855918 -10.537788 -10.95417  -10.548866 -10.840142 -11.626506
  -9.070098  -9.561822 -10.970004  -9.76285  -10.98578  -11.145338
 -10.76828  -10.221978  -9.170206 -10.78017  -10.21496  -10.778082
  -9.975362  -9.205528  -9.267472  -8.966916  -9.069518 -10.992218
 -10.395862 -10.009466 -10.126974 -11.199046 -10.879176  -9.14457
  -9.714072  -9.2017   -10.099076  -9.883722 -11.074984 -10.945122
 -10.934508 -11.643906  -8.692518  -9.554978  -9.370596  -9.367348
  -9.847936  -8.213264  -7.639122  -9.66048   -9.41688   -9.993342
  -9.027236  -8.733292  -9.559734  -9.745624 -10.30109  -10.876334
 -10.66504  -10.307992 -10.670434 -10.434838 -10.191876 -10.32487
 -10.810272  -9.867018  -9.851068  -8.464462  -9.96527   -8.493462
  -5.692584  -8.984838  -6.782868  -6.8266    -8.420208  -8.555406
  -8.034334  -9.546336  -7.54174 ]"
577,[-7.672588]
578,"[ -9.290962  -9.18575   -8.93722   -8.999512  -8.96941   -9.094516
  -9.44182   -9.006414  -9.372684  -9.042374  -9.379818  -9.182792
  -9.540188  -9.575278  -8.550244  -9.653636 -10.003318  -9.08309
  -9.166262  -9.23737   -9.305288  -9.498486  -8.891168  -9.53868
  -9.406788  -9.318164  -8.97463   -9.397914  -9.65845   -9.987136
  -9.173338  -9.294442  -9.364042  -9.014708  -9.12688   -9.081466
  -9.527138  -9.166668  -9.226292  -9.346294  -8.746516  -8.53847
  -9.251348  -9.12717   -9.105246  -8.979154  -9.488568  -9.19503
  -9.491816  -9.194218  -9.416068  -9.14602   -9.86145  -10.113692
 -10.61226   -9.709142  -9.075608  -9.148224  -8.643392  -8.278978
  -8.586088  -7.721192  -7.670674  -7.391404  -7.55102   -7.66818
 -10.041366  -7.568014  -9.430858  -9.423376 -10.3443    -9.104318
  -9.47314   -9.093356  -7.298082  -9.465078  -9.638904 -10.755926
 -10.657616 -10.61487  -11.032644 -10.467318 -10.535004 -10.925344
 -10.421092 -11.050624 -10.225284  -9.64714  -10.154118 -10.559248
 -10.215772 -10.461924  -9.95396   -9.472734  -9.60016   -6.253038]"
579,"[-12.50654  -12.095784 -12.097408 -12.918398 -13.124704 -12.745674
 -12.96039  -12.978254 -12.638954 -12.490996 -12.656818 -12.816202
 -12.399588 -12.988172 -12.691444 -12.986722 -13.080102 -12.693416
 -12.175128 -11.925844 -13.127198 -12.908712 -12.215786 -12.674914
 -12.367166 -12.135862 -11.797258 -12.90268  -12.807444 -13.042054
 -12.959172 -12.85309  -11.879792 -12.553288 -12.649742 -12.898794
 -12.827396 -12.564772 -12.731116 -12.96851  -12.215902 -12.202562
 -12.685412 -12.232142 -12.049964 -12.391584 -12.373256 -12.721836
 -12.572312 -12.772296 -13.301952 -12.54134  -12.306092 -11.967314
 -12.726012 -12.068176 -12.29658  -13.020594 -12.44419  -12.171648
 -12.58832  -12.358698 -12.223848 -12.277092 -12.078848 -12.798918
 -12.50915  -12.745848 -12.89659  -12.324014 -12.82525  -12.85222
 -12.572544 -12.992812 -12.51263  -12.78436  -12.640172 -12.841026
 -13.025872 -12.9311   -12.6324   -12.889688 -12.978196 -12.746776
 -13.072214 -12.48827  -12.81887  -12.074904 -13.082886 -12.911786
 -12.422382 -12.362352 -12.563612 -12.603052 -12.721778 -12.490706
 -12.654846 -12.936784 -12.420062 -12.469014 -12.28788  -12.366006
 -12.448946 -12.70751  -11.786818 -12.646494 -12.58252  -13.105506
 -12.767714 -12.758956 -12.490822 -12.819392 -12.782852 -12.998902
 -13.075404 -12.473654 -12.707974 -12.960796 -12.981676 -12.76058
 -12.30267  -13.10075  -12.809474 -12.490938 -12.757854 -12.994088
 -12.589016 -12.058374 -12.663314 -12.346518 -12.74434  -12.991884
 -12.553288 -12.970482 -12.612274 -12.859064 -12.847116 -12.704726
 -12.254298 -12.789116 -12.757506 -12.94531  -12.989216 -12.540354
 -12.809764 -12.820552 -12.760406 -11.95873  -11.913316 -13.161592
 -12.853206 -12.727462 -12.808836 -12.543022 -12.056982 -12.920486
 -12.84642  -12.61616  -12.251688 -11.663394 -12.443668 -12.69562
 -12.690342 -12.691444 -13.036254 -13.036022 -12.364846 -12.879364
 -12.286662 -12.764582 -12.106862 -12.65763  -12.989506 -12.852626
 -12.574864 -12.912772 -12.747878 -12.726534 -12.269146 -12.699738
 -12.993276 -12.779836 -13.0674   -12.69446  -12.39808  -12.189396
 -12.88383  -12.943454 -12.830586 -12.610186 -12.579446 -12.941366
 -12.886556 -12.419482 -12.62428  -12.148216 -12.867068 -12.96996
 -12.55758  -12.87571  -12.788072 -12.693416 -12.521852 -11.980886
 -12.281964 -12.953488 -12.5367   -12.615696 -12.344836 -12.721546
 -12.2351   -12.757622 -12.093232 -12.524288 -12.389032 -12.642434
 -12.591742 -12.815622 -12.86556  -12.94241  -12.624512 -12.486878
 -12.926576 -12.740918 -12.86469  -12.974774 -12.60398  -12.603284
 -12.276164 -12.415596 -12.389786 -12.997394 -12.934232 -13.085612
 -12.961724 -12.442682 -12.686456 -12.827106 -12.237478 -12.02514
 -12.740976 -12.668128 -12.672594 -12.315662 -13.032658 -11.944636
 -12.506598 -12.97837  -12.818986 -12.92443  -12.51147  -12.38764
 -12.569992 -12.756288 -13.180674 -12.90732  -12.86875  -12.638258
 -12.937364 -12.59528  -12.837604 -12.897286 -12.421222 -12.5744
 -12.50538  -12.924256 -12.406084 -12.605024 -13.012358 -12.173852
 -12.6614   -12.965958 -12.425688 -12.96851  -12.597136 -12.725606
 -12.254646 -12.50132  -12.963522 -13.040082 -13.02999  -12.831572
 -12.558624 -12.654324 -12.554564 -12.835922 -13.021638 -12.757796
 -12.904246 -12.57411  -12.537512 -12.74231  -12.470522 -12.803964
 -12.781808 -12.600674 -12.352318 -11.784962 -12.648582 -12.295884
 -11.588342 -12.47174  -12.686398 -12.703334 -12.606938 -12.75855
 -12.948732 -12.910162 -12.942004 -12.726882 -12.40185  -12.670216
 -12.8615   -12.717428 -12.644174 -12.609142 -12.645566 -12.621554
 -12.425572 -12.737496 -12.776878 -12.736104 -12.473886 -12.941018
 -12.634198 -12.556014 -12.563496 -13.069082 -12.268044 -12.65618
 -12.909698 -12.52742  -12.544936 -12.730768 -12.977906 -12.80785
 -12.157786 -12.18058  -12.942178 -12.26352  -12.271002 -11.918304
 -11.948928 -12.700376 -12.45202  -12.643942 -12.472784 -12.39257
 -12.937132 -13.025524 -12.429168 -13.035036 -13.067052 -12.50074
 -12.86469  -12.95285  -12.993334 -12.780358 -12.90674  -12.698346
 -13.115424 -12.81887  -12.622192 -12.663836 -12.508222 -12.490648
 -12.863472 -12.344024 -12.703276 -12.92588  -12.307426 -12.747124
 -12.566048 -12.215786 -12.299654 -12.343096 -11.595012 -12.068814
 -12.429168 -12.953488 -12.73999  -13.129808 -12.877392 -13.05754
 -12.90529  -12.52278  -12.341124 -12.38938  -11.87811  -12.650206
 -12.870432 -12.850654 -12.819276 -12.441406 -12.766728 -12.859934
 -12.643362 -12.31137  -12.690342 -12.426268]"
580,"[ -9.473314  -9.597782  -9.710476  -9.627304  -9.897816 -10.09403
  -9.917188 -10.032086  -9.090456  -9.47372  -10.140372  -9.944854
  -9.821488  -9.793184 -10.133354  -9.412762  -9.47082   -9.55724
  -9.473778  -9.684724  -9.29537   -9.683796 -10.216642  -8.892386
  -6.937554  -5.170352]"
581,"[-10.975862  -9.541348 -11.002194 -10.928824  -9.492976  -9.238472
 -10.39534  -10.054764 -10.614464 -10.655412 -10.813984 -10.84716
  -9.618198 -11.05915   -9.582528 -10.163978  -9.66077  -10.643928
 -10.915368 -10.88312  -11.247128 -10.581578 -10.023444  -9.713202
  -9.56333   -9.47836  -10.437274 -10.213626  -8.314996  -9.3902
  -9.997518 -10.55832   -8.896678 -10.02095   -9.242068 -10.546256
  -9.451448  -9.844282  -9.997982  -9.108436  -9.416706 -10.15725
  -9.281856  -9.711346  -9.871078  -9.797882 -10.051052  -9.786166
  -9.74748  -10.206666 -10.957882  -9.581484 -10.17639   -9.403134
  -9.95193  -10.111894  -9.679214 -10.6546    -9.763082  -9.74835
  -9.75241   -8.696694  -8.925852 -10.149594  -9.951408  -9.447968
  -9.804088  -9.322862  -9.767258  -9.09469  -10.238856  -9.044346
 -10.09606   -9.41514  -10.844782 -10.325682  -7.84102   -9.332258
 -10.369878 -10.466332 -10.439594  -8.59357  -10.077442  -8.130498
  -9.856868 -10.634474  -7.918276  -7.79404   -6.838374  -6.777416
  -5.186824  -8.11304   -7.723628  -8.329728  -6.328902  -6.203506
  -6.21383   -5.206834  -5.820068  -7.978248  -9.4308    -8.789842
  -8.018906  -9.562634  -8.49062  -10.722402  -9.72892  -10.054126
 -10.440638  -9.921538  -8.329612 -10.36025   -9.346004 -10.05256
 -10.488546  -8.125916  -9.068068  -8.659342  -9.312886 -10.571892
  -8.800688  -8.220862  -9.513392  -9.756992  -9.160114 -10.098438
  -8.591018  -9.013838  -9.26173   -9.587574 -10.224066 -11.111118
 -10.492026 -10.54469  -10.286126 -10.638128 -10.527232 -10.83034
 -10.848958 -10.418424  -9.362012 -10.384958  -9.651258  -8.199692]"
582,"[-8.681556 -7.975058 -7.655884 -7.933414 -8.203984 -8.172142 -7.691264
 -7.02264  -7.627464 -7.531416 -6.8208   -8.111706 -8.349796 -7.671718
 -6.932276 -8.239132 -7.965952 -7.756514 -7.12008  -7.770028 -7.862016
 -6.601444 -5.35978 ]"
583,"[-6.74685  -9.57812  -7.96717  -6.340966 -5.066474 -5.692816 -9.641166
 -7.92744  -9.427146 -9.349252 -7.885216 -9.489786 -6.376578 -5.91658
 -7.054888 -9.091384 -9.315438 -9.729268 -9.446576 -7.569232 -8.49729
 -7.3283  ]"
584,"[ -8.084156  -8.347418  -8.249108  -9.358822  -9.040286 -10.004362
  -9.83013   -9.669644  -9.623302 -10.20771   -9.453014  -9.101244
  -8.970396 -10.341342  -9.110234  -9.376918 -10.071236  -9.206862
  -9.835698  -9.050552 -10.073672 -10.015614 -10.274004 -10.81236
 -10.498638 -10.505714 -10.407984 -10.310544  -9.424304 -10.473756
 -10.463432 -10.51395  -10.031042 -10.60965   -9.531024  -9.784078
 -10.671478 -10.097046  -8.056374  -9.704618  -8.951778  -9.294558
 -10.018456  -9.231338  -8.732132  -8.457502  -8.71566   -6.110532
  -5.73794   -6.16482 ]"
585,"[ -8.251892 -10.777618  -9.925888 -10.01051   -9.813194  -9.75705
  -9.336376  -9.130708  -8.897316  -8.17249   -9.69383  -10.249644
  -9.588038  -8.814666  -8.22556   -8.6739    -8.099062  -8.507034
  -8.527566  -8.39782   -8.931188  -8.335818  -8.636374  -8.5695
  -8.341212  -8.688052  -7.49563   -7.680012  -8.269814 -10.944948
  -8.279442  -8.545604  -8.729058  -7.52057   -8.799876 -10.479498
 -10.384958  -9.98064  -10.661618 -10.192804  -9.256162  -9.994096
 -10.722982  -9.923684 -10.230852 -10.249992 -10.546894 -10.38896
 -10.281022 -10.166182 -10.431474 -10.487096 -10.518068  -9.910808
  -9.232672  -8.662996  -9.189926  -8.61561   -7.846298  -8.417946
  -8.810722  -8.460112  -8.528378  -8.43523   -8.346432  -8.311342
  -8.563178  -8.463592  -8.2331    -8.305774  -8.37085   -8.605808
  -7.942288  -8.567528  -9.89451   -7.012316  -6.641696  -8.77801
  -9.400466  -7.8445    -8.470378  -9.152574 -10.251674  -9.758848
 -10.391048  -8.938728  -7.483856  -8.247542  -6.050038  -5.302998
  -6.954954  -6.259824  -9.426914  -9.050378  -9.76865   -8.977878
  -7.952902  -9.037386  -7.685522  -6.376926]"
586,"[-9.050088 -9.519598 -8.607374 -8.685906 -9.511768 -9.404526 -9.746088
 -8.162282 -9.243982 -8.6971   -7.687378 -9.198858 -7.909286 -6.689082
 -5.969418 -7.146064 -6.09957 ]"
587,"[ -9.863422  -9.81447   -8.784042  -9.988876  -9.224204  -8.933102
  -8.871854  -9.35424   -7.677344 -10.106442  -8.808112  -9.683796
 -11.111582 -10.98955  -10.845942 -11.130722 -10.196342 -10.742006
  -8.584116  -9.404584  -8.802892  -8.428386  -9.424478  -8.701798
  -8.836532  -7.653332  -9.668136 -10.098438  -8.641594 -10.041598
  -9.99427   -9.150834  -9.911678  -9.953322  -9.640876  -9.86116
  -9.351108  -9.355632  -9.835408  -9.13993   -8.03068   -8.938786
  -8.234144  -9.412588  -6.868302  -6.39914   -8.081082  -7.39268
  -7.977146  -8.667984  -8.419744  -8.510746  -7.752628  -9.346932
  -8.30995  -10.284792  -9.306158  -9.21562  -10.011612  -9.23389
  -9.744638  -8.849582  -8.865822  -8.361512  -8.115882  -8.21918
  -7.858014  -7.975928  -8.590902 -10.068858  -8.410348 -10.413494
  -9.399828  -9.612746 -10.167284  -9.296414  -8.165936 -10.062884
  -9.284582 -10.116186  -9.342002  -9.161622  -9.537752  -8.85399
 -10.252254  -8.32996   -8.825802  -9.212198  -8.700232  -9.6715
  -8.719952  -8.050748  -8.34475   -8.338486  -8.791756  -8.875798
  -9.289454  -8.019428]"
588,"[-8.80382  -8.192268 -7.60989  -8.877016 -8.593222 -8.504134 -7.698108
 -6.889182]"
589,"[ -8.76525   -8.229446  -7.288338  -7.846704  -8.530756  -9.404758
  -9.882098  -8.867272  -9.12253   -9.276172  -8.020414  -9.50185
 -10.217164  -9.503706  -8.620076  -9.088136  -9.983076  -8.11304
  -9.64801   -8.62025   -7.736562  -7.673226  -9.210806  -9.179718
  -8.566078  -8.71769   -8.035204  -8.371952  -6.549012  -7.457118
  -9.374598  -9.990964  -9.797012  -9.667962  -9.055656  -9.790632
  -9.751772 -10.020486  -9.476794 -10.821002  -9.616226  -8.726158
  -9.822706  -9.43457   -9.594882  -9.156808  -9.84057   -9.958774
  -9.103506  -8.064088  -8.28675   -8.67564   -8.051908  -6.883498
  -8.121972  -7.336362 -10.11027   -9.664772  -7.90627   -8.544386
  -7.35904   -7.59945   -8.34475   -8.57617   -8.68956   -7.892698
  -7.844152  -7.573234  -8.265232  -8.581448  -8.955142  -7.714232
  -8.376128  -9.784774 -10.187004  -9.34757   -8.927592  -8.543342
  -7.498124  -8.548156  -8.303048  -9.271764 -11.713796 -10.220528
  -9.907444 -10.8924    -9.429872 -11.171438 -10.003608  -9.199438
  -7.981206  -9.76633  -10.507106 -10.331192  -9.797186  -9.905472
  -9.671616  -9.883896  -9.689654  -9.560952  -9.244968  -8.929912
  -8.274222  -8.92098   -7.733894  -7.912708  -8.95926   -6.44409
  -6.755666  -9.996764  -8.868432 -10.14362   -9.145092  -9.859768
  -8.590206  -8.067162  -5.982236  -7.090848  -9.497674  -9.25477
  -9.597086  -9.462294  -7.672936  -8.057824  -7.56958   -8.125162
  -8.53963   -9.14486   -8.037524  -6.888254  -7.770782  -7.705996
  -7.857666  -7.663598  -7.806336  -7.586052  -7.328416  -7.051292
  -9.113192  -7.859986  -8.618046  -8.680918  -8.655572  -7.051408
  -7.52724   -7.281552  -6.260752  -7.118804  -8.478846  -7.330214
  -7.253538  -7.890784  -5.747568]"
590,"[ -9.518148  -9.46879   -9.361258  -9.631074  -9.474532  -9.501328
  -9.179892  -9.159476  -9.27478   -9.223682  -9.588908  -9.358126
  -9.532474  -9.242184  -9.44095   -9.472734  -9.48416   -9.552658
  -9.474184  -9.104608  -9.464208  -8.887514  -9.688842  -9.475924
  -9.069924  -8.916108  -9.320194  -9.303374  -9.196654  -9.541232
  -9.064356  -9.221652  -9.489612  -9.537984  -9.51896   -9.72631
  -9.356792  -9.465136  -9.253204  -9.40296   -9.420244  -9.627188
  -9.453014  -9.29856   -9.374192  -9.316656  -9.776654  -9.454928
  -9.500342  -9.066328  -9.541     -9.63757   -9.516292  -9.334752
  -9.347106  -9.528994  -9.198278 -10.44261   -8.898824 -10.091652
  -9.880938  -9.088658  -9.272866  -8.058636  -6.899158  -7.326676
  -7.836322  -8.609926  -9.292934  -9.23563   -8.027606  -9.983018
  -9.400176  -9.395188  -9.38614   -8.974398  -9.937894  -9.182386
  -9.47807  -10.365586  -9.293804  -9.323442  -8.128526 -10.06213
  -9.736518  -9.6657    -9.194972  -9.64395   -9.391592  -9.034486
  -9.895264  -9.288584  -9.99601   -9.475808  -9.872934  -9.680142
  -9.811048  -9.326806  -9.30813   -9.522382  -9.964806  -9.285162
  -9.41427   -9.61727   -9.78692   -9.646212  -9.285046  -9.695686
  -9.948392  -9.614254 -10.007262  -9.262542  -9.773464  -9.443154
 -10.007146  -9.286554  -9.753744  -9.831638  -9.789994 -10.10911
 -10.135848 -10.195066  -9.892538 -10.300684 -10.30602  -10.185496
  -9.449128  -9.564432  -9.574176  -9.750612  -9.77735  -10.092232
  -9.844746  -9.744754  -9.673298  -9.582876 -10.053372  -9.915448
  -9.678054  -9.370596 -10.033536 -10.033536  -9.477838  -8.504598
 -10.006218  -9.469138  -9.925134  -9.996822  -9.883606 -10.000186
  -8.981474  -9.720916  -9.752642 -10.094494  -9.67904  -10.566962
 -10.329916  -9.975884  -9.733328  -9.489032  -8.787232  -9.835292
  -9.326864  -9.787268 -10.035276 -10.44087   -9.658044  -9.410732
 -10.053836 -10.076398 -10.41738   -9.52418   -9.217824  -8.959202
  -9.352036 -10.873724  -9.011402  -9.91075  -10.023154  -9.589662
  -9.810758  -9.473256 -10.012424  -9.978436  -9.935052 -10.345344
 -10.001114  -9.617966  -9.645226 -10.243786 -10.27354   -9.321644
  -9.187664  -9.336318  -9.399828 -10.695084  -9.788602 -10.343894
  -9.451042  -9.240966  -8.390106  -9.73269   -8.785724  -9.762676
  -9.167944  -9.833262  -9.445358  -9.142424  -9.655492  -8.85631
  -9.46154   -8.528494  -9.939054  -9.59987   -8.914948  -9.869512
  -9.66512   -9.662568  -9.737388  -9.80867   -9.788428  -9.70137
  -9.880474  -9.303548  -9.665004  -9.435904 -10.0978    -9.324544
  -9.566752  -9.942708  -9.938532  -9.092892  -9.508172 -10.049254
  -8.820176  -9.764938 -10.05169   -9.322514  -9.516292 -10.029128
  -9.95802   -9.7382    -9.75444   -8.957056  -8.917152  -9.548888
  -9.685768  -9.802812 -10.3211    -8.813332 -10.036842  -9.70021
  -9.955178  -9.317468  -9.100664  -9.895148  -9.034544  -9.352964
 -10.268378  -9.245664 -10.038582  -9.625158  -9.492048  -9.341248
  -8.70725   -8.099932 -10.1007    -9.60277  -10.52729   -9.70833
  -9.071258  -9.106116  -5.822736  -5.603612  -7.50897 ]"
591,"[-11.425652 -11.076956 -11.700456 -12.911728 -12.310558 -13.484246
 -13.227596 -12.82438  -13.143786 -12.85396  -12.679148 -12.874434
 -11.816804 -13.380774 -12.65212  -13.269704 -13.255494 -13.398464
 -12.90616  -13.149876 -12.964682 -11.809264 -13.300792 -12.571326
 -12.458284 -13.24749  -13.087642 -13.195464 -12.637794 -12.893864
 -13.057946 -13.488538 -13.214314 -12.31659  -12.322912 -13.312914
 -12.255516 -12.948384 -13.072678 -13.395216 -13.030976 -13.11032
 -12.72694  -13.317844 -12.953256 -13.383674 -13.423984 -13.082944
 -13.064848 -12.782272 -12.379868 -12.687384 -10.628848 -10.321448
  -9.883606 -10.870012  -9.229366  -9.385212  -9.479984  -6.973514
  -5.448114  -6.202404  -8.01908  -10.324638 -12.474118 -11.515494
 -10.26223   -8.023372  -9.061398  -9.537926 -12.833776 -12.597948
 -12.5483   -13.228466 -12.561988 -12.517908 -11.40251  -12.195022
 -11.64901  -11.198002 -13.233744 -12.75478  -13.349686 -12.695504
 -12.9949   -12.969496 -14.02962  -13.571594 -12.819798 -13.668396
 -13.102374 -13.555296 -13.510404 -13.172496 -12.975296 -13.591662
 -13.125574 -13.293832 -13.262512 -13.44933  -13.363374 -13.126154
 -13.323006 -13.079058 -12.438506 -13.012416 -11.483304 -12.546676
 -11.86651  -11.248346 -10.630936 -13.546132 -12.158076 -13.277244
 -11.9045   -13.608308 -12.53264  -12.523708 -11.431046 -12.229068
 -12.320012 -11.920856 -11.70991  -11.847428 -11.390968 -11.189534
 -11.890348 -10.544168 -10.411522  -7.81405   -5.129462  -5.012882
  -7.753846  -8.147956]"
592,"[ -9.741506  -9.608048  -9.22519   -9.14341   -9.664598  -9.230294
  -8.084562  -8.641246  -9.81476   -9.555036  -9.51693   -9.217012
  -9.298966  -9.206746  -9.11238   -9.070272  -9.491062  -8.706844
  -9.493614  -8.99899   -9.189288  -9.193986  -9.286206  -9.233542
  -9.448316  -9.252276  -8.899172  -9.420418  -9.389272  -9.025322
  -7.822982  -9.653868  -7.734996  -8.242438  -9.328256  -9.017898
  -9.5004    -9.64279   -9.649344  -9.644066  -9.55898   -9.48271
  -9.564722  -9.498138  -9.561532  -9.035182  -9.588386  -9.589256
  -9.765692  -9.927048  -9.877458  -9.947174 -10.07083   -9.803798
  -9.503822  -9.594534 -10.07837  -10.120362  -9.777176  -9.716856
  -9.863828  -9.741042  -9.526152  -9.69789   -9.351688  -9.510956
  -9.911852  -9.349774  -9.285742  -9.7672    -9.58247   -9.742086
  -9.918406  -9.077116  -9.68948   -8.900796  -9.488278  -8.889138
  -8.475018  -8.250848  -8.136878  -8.993712  -8.938438  -7.573408
  -7.020088  -8.669782  -7.331432  -7.092066  -6.358888  -8.028708
  -9.369552 -10.16595   -9.9615    -8.634228  -9.956802  -9.959006
  -9.524064  -8.748256  -9.790226  -9.375236  -8.668912  -9.15704
  -8.719314 -10.056852  -9.17647   -9.274722  -9.308246  -8.832472
  -9.601842 -10.288968  -9.33278   -9.296936  -9.751656  -9.01465
 -10.013874  -8.54775   -8.37752   -8.583594  -9.545292  -8.264362
  -8.934784  -9.447504  -8.960304  -9.277158  -9.35279   -9.359634
  -9.675966  -9.184996  -8.879162 -10.166762  -9.841672  -9.861566
  -9.864466  -9.743188  -9.69267   -9.367232  -9.758384  -9.800724
  -7.529734  -8.413248  -7.884752  -9.683506  -8.837634  -8.988666
  -8.51904   -9.295544  -9.63235   -9.287714  -8.845696  -9.407658
  -8.71131   -8.913092  -8.764786 -10.149246  -9.585312  -9.872006
 -10.032724  -9.972752  -9.7962    -9.56072   -9.92409   -9.85362
  -9.646502  -9.337942 -10.080864  -9.889464  -8.895402  -9.445706
  -9.682462  -9.797534  -9.923046 -10.452876  -9.984236  -9.323732
  -9.562518  -9.910112  -9.471748  -9.86029   -9.362012  -8.96883
  -9.4627    -9.101418  -9.06656   -9.648706  -9.176412  -9.315148
  -9.380688  -8.681208  -9.573886  -9.341306  -9.178674  -8.14233
  -9.075434  -9.952742  -9.92177   -9.749394  -9.377846  -9.76662
  -9.895612  -8.914252  -9.097764  -7.89554   -7.944956  -8.619032
  -9.818646 -10.059636  -9.848864  -9.53578   -8.90242   -9.933486
  -9.267182  -9.92235   -9.947696  -9.782512  -9.67933   -9.575162
  -9.814238  -8.346316 -10.08852   -9.982322 -10.01341   -9.940272
  -9.622722  -9.942302  -9.763488  -9.483406 -10.118216  -9.485494
  -9.472212  -9.347976  -9.418156  -9.602944  -8.908742  -8.543864
  -9.225654  -7.50317   -8.122262  -6.453254  -5.732662  -7.662786
  -9.37309   -9.607468  -9.14631   -8.890646  -7.843514  -6.048124]"
593,"[ -9.509158  -9.84666   -9.73704   -9.860928 -10.351608  -9.969388
  -9.053684  -9.692554  -7.297676  -8.824758  -9.864002 -10.035566
 -10.00877   -8.832704  -8.322536 -10.052154  -9.101418 -10.356074
  -7.268618  -7.858304  -6.908612  -8.062348  -9.515016  -8.757362
  -8.066408  -9.339276  -9.50765   -9.981394  -9.345598  -9.625216
  -9.509738  -9.578758 -10.371966  -9.888826  -9.987252  -9.91858
  -9.760298  -8.369748  -9.427262  -9.83709   -7.300576  -5.571712
  -5.261818  -7.380268  -5.559184  -6.520998  -7.208762  -7.08122
  -8.164196 -11.492584 -11.213372 -10.744964 -10.34633  -10.54237
 -10.590974 -11.17167  -10.755752 -11.364868 -10.922908 -10.186134
  -5.9827    -7.951626]"
594,"[ -8.934726 -10.219774  -9.194334  -7.77258   -8.537658  -8.55819
  -9.511826  -8.837228  -8.289766  -7.047     -7.251566  -8.341096
  -8.376186  -8.109386  -9.651722  -9.016506  -8.79831   -9.718886
  -8.66085   -9.111684 -10.356248 -10.55136  -10.372836  -7.396914
  -8.411102  -9.02944   -7.986658  -8.213496 -10.59022  -11.097952
 -11.558124  -9.857042 -10.384262 -11.84476  -11.510622 -11.351238
 -11.691292 -11.822372 -11.413762 -10.906668 -10.46639   -9.62597
 -10.204752 -10.986186  -9.414792  -8.846508  -8.972542  -7.966184
  -8.733872  -8.992784  -9.699282  -9.560024  -8.726332  -9.353544
  -9.89857   -9.622896 -10.035798  -6.55545 ]"
595,"[-10.04937   -9.17647   -9.3931   -11.109378 -10.636388 -10.557914
 -10.098902 -10.569978 -10.480948 -10.961652 -11.26621  -11.4956
 -11.40744  -10.31211  -10.811026 -10.01312  -11.015186 -11.87724
 -11.52199  -10.82309  -11.803406 -10.723678 -10.82077  -10.857252
  -8.780562  -8.041816  -8.591714  -8.811882  -8.472756  -9.411138
  -9.41398   -7.43734   -8.754172  -8.467014  -8.858746  -8.69768
  -8.526406  -9.03466   -9.78837   -8.56486   -8.486618  -9.466702
  -9.32292   -9.310682  -9.205644  -9.10687   -8.883918  -8.197546
  -8.972948  -9.662162  -9.471342  -9.67904   -9.310856  -9.018188
  -9.617386  -9.17531   -8.727492  -7.614298  -8.2824    -7.852446
  -7.924134  -8.200272  -9.164754  -6.901478  -7.923554  -7.97558
  -6.459402  -8.490388  -7.710578  -6.840172  -7.342858  -7.092472
  -8.710846  -8.81339   -9.044462  -8.926548  -8.418816  -8.38332
  -7.811846  -8.35751   -7.082032  -7.83145   -9.717204  -9.831406
  -9.969794  -9.963066  -9.682926  -9.23563  -10.274236 -10.282008
 -10.281602 -10.562206  -9.255524 -10.470856  -8.493114  -9.648764
 -10.132194 -10.68099   -9.09411  -10.069438  -9.887666  -9.936502
  -9.457248  -9.860348  -9.568608  -9.446576 -10.072802  -9.397044
  -9.62278   -9.531952  -9.325182  -9.612514  -9.21301  -10.081676
  -9.834306  -9.617096  -9.894684  -8.887456 -10.182248 -10.782374
 -10.565222 -11.411384 -11.634336 -11.34277  -10.36315   -7.766432
  -8.235768  -7.761792  -8.215236  -8.677438  -8.146158  -8.354146
  -8.962392  -9.342756  -8.599428  -9.823286  -9.602132  -8.270684
  -7.512914  -5.98676   -5.598624  -5.990182  -7.63744   -9.56275
  -6.922416]"
596,[-6.452732 -6.342068]
597,"[ -9.879024 -10.329278 -10.866242 -11.332678 -11.129678 -11.711708
 -11.0635   -10.410826  -9.729036  -7.752976 -10.021066  -8.61938
 -10.8228   -10.184568 -10.304106  -9.628116 -10.638012 -11.031484
 -10.95243   -9.35917   -9.701312 -10.277194  -9.693134  -9.347338
 -10.7242   -10.2602    -8.960536  -9.165798 -10.426602 -10.552114
  -9.85594   -9.786804  -9.935748  -8.460402  -9.356676  -9.11441
  -9.486828  -9.210458  -9.101766 -10.595962 -10.570094  -9.60132
  -8.216338  -7.7488    -9.948044  -8.498682  -7.116252  -7.90627
  -7.14241   -7.099954 -10.793394  -8.652556  -9.615182  -7.449056
  -9.8426   -10.382754 -10.171634 -10.38519  -10.543356 -10.412218
 -10.408506 -10.780634 -11.085134 -11.17051  -11.11599  -11.327284
 -10.496956 -10.570152  -9.942592  -9.787964  -8.83949   -8.508658
  -7.831276  -7.614588  -8.569732  -8.004232  -8.403272  -8.511848
  -7.842412  -8.061362  -8.413944  -7.744334  -8.817276  -6.94637
  -5.956716  -8.640492 -10.33531  -10.612376  -9.488336 -10.809576
 -10.599616 -10.201794  -9.806698 -10.125524 -10.25788  -10.265362
 -10.703668 -10.194892 -10.52236   -9.305868 -10.143852  -9.17995
  -9.902456 -10.55745   -9.844514  -9.646908 -11.05509  -10.514008
 -10.392962 -10.741658 -10.595962  -9.276462  -9.490482  -9.823228
  -9.663438  -8.908742  -8.80904  -10.21699   -7.703908  -8.070874
  -8.834792  -9.361258 -10.172272 -10.486284  -9.588618  -9.281392
  -8.647278  -9.393216  -9.948276 -10.093508  -9.549584  -9.188592
  -9.060818 -10.505134  -8.01183   -8.782128  -7.073448  -7.497834
  -5.880504  -6.674234  -6.409174  -7.922974  -9.312886 -10.256024
 -11.259946 -10.698448 -10.750532 -10.60385  -10.324116 -10.153364
 -11.319744 -11.00231  -11.336622 -10.728086 -10.035624 -11.079972
  -9.080306 -11.03508  -10.75204  -11.005558 -11.549482 -11.5043
 -10.620554  -9.767026 -10.011264  -9.573828 -10.70941  -10.835328
 -11.229322 -11.033224 -10.913048 -11.27752  -10.88544  -11.11019
 -11.268008 -10.212756 -11.016056 -11.020928 -10.86688  -10.824018
 -10.68447  -10.790146 -11.085134 -11.286568 -10.99245   -9.202512
 -10.46697   -9.18401  -10.558842 -10.992276 -10.352014 -10.094262
 -10.65344  -10.818624  -9.401684  -9.775204 -10.73145  -10.825294
 -11.372988 -11.810772 -11.089948 -11.817268 -11.53243  -11.246142
 -10.664808 -11.352224 -11.659682 -11.579352 -11.733284 -11.638454
 -11.677198 -11.121964 -11.410862 -10.591902  -9.620286 -10.623222
  -9.620344  -9.548656  -9.055598  -8.063682  -6.933378  -6.860472
  -6.896316  -9.278666  -8.95259   -8.32242   -9.386198  -9.52215
 -11.313596 -11.284828 -11.574132 -10.991812 -11.74007  -11.23576
 -11.387198 -10.79902  -11.167262 -11.449664 -11.469558 -10.31066
 -10.481644 -10.764046 -11.114018 -11.424086 -11.690944 -11.24446
 -11.3999   -10.601878 -10.59515  -11.058164 -11.313364 -10.943614
 -10.98404  -10.529958  -9.586646  -9.622432 -10.12999   -9.958542
  -8.06664   -6.31823   -6.310052  -7.64295   -8.60778   -6.240394
  -6.697376  -8.468058  -8.236406  -6.102528]"
598,"[ -7.640166  -8.414872  -8.87516   -9.64047   -9.987194 -10.05865
  -9.44965   -9.960398  -9.286496 -10.337224  -7.94252   -8.969004
  -8.723954  -7.569116  -9.324486 -10.044382  -9.589604 -10.473408
  -9.57261   -9.593664  -9.358996 -10.067292  -9.380224  -9.78228
  -9.962138  -9.350876  -9.358532  -7.965082  -9.686232 -10.296624
  -9.730138  -8.07882   -7.934168  -9.144048  -8.03329   -8.779518
  -9.2394    -9.19735   -9.121718  -8.422818  -9.695454  -6.075268
  -5.027208  -5.828652  -8.001622  -7.09253   -7.288628  -7.471038
  -7.873094  -7.76185   -7.600436  -7.981728  -6.095336  -8.333324
  -8.966916  -8.511326  -9.757224  -7.033428]"
599,"[ -7.035516  -6.074862  -6.61722   -8.8914    -9.005138  -8.790422
  -8.62895   -8.947428  -7.15865   -7.974942  -7.451086  -8.702552
  -8.815014  -8.75104  -10.129468  -9.34815   -9.927512  -9.096604
  -9.314394  -8.558016  -8.64577   -8.215178  -8.249688  -8.06519
  -9.212198  -7.099142  -7.256554  -5.680462  -6.099802  -7.667542
  -8.530814  -8.628544  -8.47351   -7.97645   -8.12638   -9.315496
  -8.778242  -8.66114   -8.525072  -9.177688  -9.42094   -8.624078
  -8.411856  -9.083844  -9.477896  -5.80232 ]"
600,"[ -8.038684 -10.08098  -10.101628  -9.281334  -9.441704  -9.854026
 -10.493244  -9.159824  -8.09245   -9.13384  -10.782374  -8.493056
  -6.89794   -7.342278  -8.724824  -7.955164  -8.685326  -9.788718
  -9.5091    -9.814296  -9.117426  -9.754846  -9.241488  -9.270836
  -9.023698  -7.644284]"
601,"[ -9.64685   -9.847472  -9.509274 -10.195472 -10.215018  -9.248854
  -9.0132    -9.744     -9.711172  -9.383936  -9.19967   -9.426276
  -9.509912  -8.974978  -9.530444  -9.784368  -9.640644  -9.2568
 -10.558378  -7.805582  -6.740992  -6.945442  -9.450404  -7.91149
  -9.384458  -9.383994  -9.983598  -9.133144  -8.114606  -9.345946
  -9.417344  -8.125278 -10.019326  -8.255082  -7.487858  -7.744392
 -10.741658 -11.03943  -10.596368  -8.5115    -8.61851   -9.928556
  -8.640608  -8.42479   -9.083786 -10.085098  -9.076768  -9.55898
  -8.15422   -7.965546  -5.191174]"
602,"[ -9.908778  -9.978552 -10.069844  -9.767838  -9.927512  -9.846544
  -9.62887   -9.4859    -9.299604  -9.574408  -8.928346 -10.368196
 -10.573516  -9.995024 -10.912294 -10.539876 -10.175404 -10.432402
 -10.67606  -10.213626  -9.963298 -10.245932  -9.858028 -10.14536
 -10.819958  -9.803334  -9.083322  -9.36497   -9.535896  -9.613964
 -10.572878 -10.288098 -10.423818  -8.736598  -7.625782  -9.787616
  -5.953816]"
603,"[ -9.73124   -8.755506  -9.749452  -9.656072 -10.086838  -9.333302
  -9.820734  -9.731762 -10.006392  -9.012678  -9.383066 -10.090608
  -9.068474  -9.326458  -9.49837   -9.18401   -9.388112  -9.259526
  -8.780794  -9.266196  -9.194624  -8.927186  -8.697564  -7.307246
  -9.380224 -10.216004  -9.026076  -9.654506 -10.285082 -10.55803
 -10.244366 -10.694388 -10.309094 -10.428052 -10.448468  -9.756296
  -9.49431   -9.639368  -9.813368 -10.571544 -10.332642 -10.769788
 -10.48611   -8.863618  -8.720648  -9.656884  -9.351282  -9.341074
  -9.767258 -10.032724  -9.761226  -9.67759   -9.035994  -9.78634
  -9.108494  -9.68397   -9.550512  -9.745218  -8.985476  -9.408064
  -9.186504  -9.463396  -9.934124  -9.511652  -9.20112   -9.20315
  -9.864872  -9.636352  -9.609324  -9.761864  -9.705836  -8.914948
  -9.311842  -8.950676  -9.503242  -9.616168  -9.472444  -9.964226
  -9.619068  -9.839178  -9.774856  -9.940504  -9.717146  -9.563272
  -9.661698  -9.53955   -9.72486   -9.384574  -9.366768 -10.10012
  -9.542218  -9.281914  -9.796316  -9.897874  -9.78141   -9.12224
  -9.121776  -9.121776  -9.785702 -10.131266  -9.480854  -9.562634
  -9.565302  -8.929796  -8.925968  -8.471886  -9.821372  -9.49344
  -9.579918  -9.590532  -9.31915   -9.852344  -9.727644  -9.50649
  -9.097706  -9.8861    -9.620286  -9.581658  -9.507302  -9.458466
  -9.497384  -9.646212  -9.704676  -9.503416  -8.74959   -9.226872
  -9.477084  -9.855882  -9.61263   -9.448374  -9.571972  -9.806872
  -9.28841   -8.989478  -9.766098 -10.177956  -9.218694  -8.783578
  -9.745972  -9.22606   -9.767374  -9.42703   -9.880242  -9.597492
  -9.88784   -9.803972  -9.714188  -9.805074  -8.886064  -8.656326
  -9.587574  -8.923532  -9.776654  -9.09556   -9.604394  -9.603756
  -9.460206  -9.544654  -9.738026  -9.709548  -9.667788  -8.992436
  -9.854548  -9.610716  -9.466934  -9.524934  -9.533112  -9.385096
  -9.399364  -9.334868  -9.179022  -9.662394  -9.574234  -9.495992
  -9.475982  -9.221884  -9.517916  -9.768824  -9.845906  -9.780076
  -9.701254  -9.536882  -9.700732  -9.055946  -9.838714  -9.84086
  -9.25593   -9.432018  -9.477548  -9.54796   -9.772884  -9.598652
  -9.639832  -9.590358 -10.071584  -9.20895   -9.184416  -9.703516
  -9.728166  -9.683564  -8.4361   -10.023676  -9.499588  -9.603176
  -9.153676  -9.19938   -9.444314  -9.608048  -9.885172  -9.210052
  -8.814608  -9.276752  -9.590242  -9.65787   -9.839816  -9.282668
  -9.64888   -9.541232 -10.043512  -9.974434  -9.356676  -8.821742
  -9.922466  -9.530792  -9.502546  -8.692402  -9.024858  -9.32872
  -9.458176  -9.646154  -9.44994   -9.306854  -9.517452  -9.632176
  -9.35917   -9.178848  -9.676082 -10.005522  -8.58545   -9.627826
 -10.017122  -9.561068  -9.569536  -9.69963   -9.50736   -9.570116
  -9.572494  -9.373438  -8.806604  -9.113946  -9.666396  -9.634148
  -9.205354  -9.749336  -9.892886  -9.371524  -9.473604  -9.924844
  -9.503706  -9.284292  -9.250652  -9.19068  -10.12477   -9.934878
  -8.767686  -9.595636  -9.611818  -9.596564  -9.098402  -9.622084
  -9.180588 -10.105166 -10.054822  -9.668658  -9.565476  -9.617386
  -9.80374   -9.554282  -9.777756  -9.649518  -9.753686  -9.258076
  -9.813426  -9.582992  -9.941896  -9.576612  -9.704328  -9.4221
  -9.118354  -9.431148  -9.941664  -9.941606  -9.483754  -9.539666
  -9.559212  -9.325356  -9.848806  -9.361432  -9.453072  -9.405222
  -9.710244  -9.69296   -9.758036 -10.104238  -9.682346  -9.234992
  -9.571276  -9.422332  -8.928056  -9.398436  -9.8919    -9.680258
  -9.59059   -9.656884  -9.647256 -10.054184  -9.710882  -9.441878
  -9.33046   -9.591518  -9.783034  -9.73008   -9.777176  -9.81679
  -9.832392  -6.952286  -7.71806   -7.007328  -9.6309    -8.658472
  -9.250942  -9.474764  -6.568906  -5.639688  -6.122364  -5.89918 ]"
604,"[-10.686094 -10.404446  -9.798926  -9.194392  -8.746168  -7.529386
  -5.977944  -8.26993   -8.863966  -7.54957   -9.085004  -9.226408
  -6.208262]"
605,"[ -9.103448  -8.777024  -9.36207   -8.614044  -9.12427   -8.506048
  -8.557088  -9.505736  -8.628254  -8.690372  -9.559792  -8.416844
  -9.104318  -9.09208   -8.186352  -9.600218  -8.827252  -8.806314
  -9.55405   -8.421368  -9.698296  -8.648612  -8.661488  -9.687508
  -8.545952  -8.777198  -8.633938  -8.698086  -9.693714  -8.27631
  -8.698666  -8.831718  -8.448222  -9.082394  -8.805792  -8.327002
  -9.031296  -8.621816  -9.350006  -8.37752   -8.790132  -8.678424
  -9.063312  -8.741006  -9.285684  -8.535338  -8.687762  -9.075608
  -8.658472  -8.90793   -8.88908   -8.713514  -9.087266  -8.91054
  -8.780098  -8.726042  -8.515676  -9.448084  -8.641884  -9.166204
  -9.063602  -8.831544  -9.385386  -9.468094  -8.437492  -8.355944
  -8.849118  -9.093994  -8.836068  -9.142656  -8.686428  -9.330982
  -8.844942  -8.966684  -8.601052  -8.563178  -8.473742  -9.754034
  -8.466608  -9.636816  -9.159998  -8.642754  -9.138132  -8.71943
  -9.099968  -8.861472  -9.044346  -8.68144   -9.3554    -8.940062
  -8.835836  -9.149152  -9.19793   -8.99406   -8.368414  -9.15472
  -9.112496  -8.592642 -10.453108 -10.041598  -8.297828  -9.794054
  -8.177826  -8.246672  -9.894568  -8.734858  -9.846544  -8.525768
  -8.665606 -10.23555   -9.547902  -8.801732  -9.217012 -10.247092
  -9.71964   -8.46104   -9.414328  -9.193696  -8.823424  -9.211908
  -9.02393   -8.530234  -9.731356  -8.803008  -9.797592  -9.938416
  -8.514632  -8.49497   -9.209414  -8.592352  -8.347418  -8.815594
  -9.455334  -8.6565    -9.762328  -8.648322 -10.02559   -8.609984
  -9.833378  -8.709802  -8.683586  -9.379934  -8.793612  -9.34612
  -8.754926  -8.82151   -9.406498  -8.492708  -9.810178  -8.729812
  -9.343568  -9.601726  -8.718444  -8.98623   -9.15675   -8.740252
  -8.75046   -9.117426  -8.551288  -9.125546  -9.815514  -9.137204
  -9.25825   -8.755796  -8.978632  -8.947428  -9.411486  -8.559466
  -9.077928  -8.952126  -8.34098   -8.97869   -8.434476  -9.87276
  -8.810548  -8.80701   -9.402322  -9.136102  -8.488996  -8.862516
  -9.015462  -9.187084  -8.691996  -8.612594  -9.817602  -8.942788
  -9.012214  -8.749358  -8.873594  -9.169742  -9.406382  -8.787464
  -8.676742  -9.340726  -8.933972  -8.568804  -9.767954  -8.33837
  -8.551346 -10.173664  -8.62489   -9.542508  -7.97703   -8.767976
  -8.7232    -8.966974  -9.21156   -9.167248  -9.797418  -9.193058
  -9.214924  -8.835778  -8.909206  -9.22896   -8.608476  -8.961638
  -9.398784  -8.978458  -8.680976  -9.103854  -8.490098  -9.026076
  -9.663438  -9.096024  -8.51034   -8.81716   -9.605148  -9.469254
  -8.898998  -8.987216  -8.38941   -9.05032   -8.957288  -8.013454
  -9.635076  -8.62837   -8.712586  -8.983272  -9.29015   -8.704234
  -9.028396  -9.873746  -8.725694  -9.972636 -11.269052 -10.51859
  -8.115186  -8.241104  -9.21533   -9.220434  -8.011656  -9.23795
  -9.380688  -7.882664 -10.025532  -8.585566  -8.653426  -9.229424
  -7.227032  -8.35519  -10.040902  -9.58334   -8.806024  -8.532728
  -8.622744  -8.597804  -9.128098  -7.974014  -9.410326  -9.32321
  -8.555232  -9.668658  -9.338     -8.936524  -8.866228  -8.68666
  -9.177398  -9.043824  -8.424152  -8.966336  -9.187664  -8.338718
  -9.340726  -9.174324  -9.035008  -9.494426  -9.298154  -9.943926
  -9.008096  -8.886354  -8.668738  -8.507382  -9.436078  -8.810142
  -9.795968  -9.877226  -9.825432  -8.477222  -9.521802  -8.127598
 -10.015846  -7.928484  -8.68724  -10.096582 -10.33125   -9.418446
  -7.54609   -8.457908  -9.120442  -8.232462  -9.057454  -9.53781
  -8.748952  -9.263412  -9.212082  -8.664504  -9.51432   -8.217556
  -9.022364  -9.060122  -8.23658   -9.778568  -9.038952  -8.53644
  -9.113018  -9.005022  -9.325994  -9.396348  -9.11093   -9.212778
  -9.407252  -9.378136  -9.365144  -8.56138   -9.165856  -8.61097
  -9.052118  -9.925656  -8.296726  -9.843238  -8.70609   -8.772326
  -9.762908  -8.799238  -8.528552  -9.490714  -8.558944  -9.162144
  -9.167422  -7.943448  -9.571508  -8.393992  -8.82093   -9.470298
  -8.403736  -8.827426  -9.251638  -9.074506  -9.048696  -9.058034
  -9.633394  -8.866054  -8.317838  -9.19039   -9.558168  -8.018848
  -9.838772  -8.382102 -10.047514  -8.800572  -8.287214  -8.888964
  -8.759798  -9.289338  -9.257264  -8.499146  -8.996496  -9.518438
  -9.10774   -8.409246 -11.18791  -10.965364  -9.785006 -10.876856
  -9.413574  -9.527834 -10.86485   -8.442886  -9.844108 -10.932188
 -10.953822  -9.731066  -9.153966  -8.294696  -9.805596  -8.53325
 -10.235608  -8.7232    -7.406774]"
606,"[ -8.896388  -8.480934  -9.261382  -9.151878  -9.223914  -9.953902
 -10.981952 -11.081944 -10.97012  -10.499682 -10.079936  -8.257982
  -9.047942 -10.0427   -10.545734 -11.14441  -10.843912 -10.547474
  -9.963878 -10.45885   -9.868932 -10.49133  -10.06068  -10.440116
  -9.727354  -9.96295  -10.11723  -10.034522 -10.413378 -10.398472
 -10.446206  -9.981858 -10.628442 -10.292564  -9.753512 -10.678728
 -10.833008  -9.915622  -9.34757   -9.977392 -10.632154 -10.812766
 -10.605358 -11.269748  -8.99261   -9.598594 -11.342538  -9.832508
  -9.927222 -10.252486 -10.108704  -9.051712 -10.629138  -8.927824
  -7.374352  -9.065226  -8.69159   -6.79905   -9.1553    -8.422354
  -7.947856 -10.44493  -10.682034 -10.6517    -9.231454  -9.586182
  -9.85159   -8.808228 -10.494636  -9.140046 -10.010684  -9.269908
  -9.910692  -9.405222  -9.502256 -10.241814 -10.852612  -9.020798
 -10.3443    -9.480158 -10.409086  -9.828622  -9.100374  -9.829956
  -9.339914  -9.770796 -10.977718  -9.592098  -8.92881  -10.62792
 -10.766192 -11.250608  -8.238146  -9.821372 -11.082872  -9.083612
 -10.67084  -10.66127   -8.773022 -10.590046  -9.498718  -9.968344
  -9.52621   -9.805364  -9.4888    -9.317816  -9.419838  -9.85043
 -10.080342  -9.282668  -9.77416  -10.109226  -9.119514 -10.02443
  -9.5468    -9.187954  -9.74574   -9.877052  -8.367834  -9.337304
  -9.161854 -10.423528 -10.586508 -10.190078  -8.362672 -10.218382
  -8.92997   -9.799216 -11.578598  -8.636896  -9.149674 -10.996626
 -10.767932  -9.082162  -9.726658 -10.235898 -10.291288 -10.635576
  -8.703016 -10.35532  -10.148376  -9.835234 -11.018898  -9.793126
  -8.578084  -9.675908 -10.746994 -10.29616  -10.31936  -10.855222
  -9.365608  -9.821024  -9.887028  -8.021922 -11.271894  -9.102578
  -9.686464 -10.870012 -10.28195   -8.306122  -8.632952 -10.538948
 -10.199648  -9.093066  -9.877574  -9.308884  -9.799506  -8.405534
  -8.835546  -7.258178  -7.019798  -8.114026  -7.892814  -8.397878
  -9.169394  -8.34301   -9.403366  -9.836394  -9.920494  -9.950712
  -9.736866  -9.16574   -8.563468  -9.189578  -9.079436  -9.776422
  -9.475112  -9.239052  -8.972832  -9.042722  -7.938112  -7.26247
  -7.328474]"
607,[ -8.55036   -6.780954 -10.046006  -6.8759    -5.151328]
608,[-8.53238  -9.484044 -6.513516]
609,[-8.434244 -9.219622 -9.49982  -6.09    ]
610,"[-15.961136 -16.24667  -15.613368 -15.7615   -16.040132 -16.449844
 -16.47838  -15.97117  -16.047034 -16.051268 -15.90128  -16.047788
 -15.921696 -16.393062 -16.337382 -16.199864 -15.958758 -15.836958
 -15.725134 -15.961194 -16.107006 -15.864392 -16.212856 -16.180608
 -15.566446 -15.964732 -15.98683  -15.650024 -16.562364 -15.97436
 -15.940082 -16.388538 -16.157524 -16.330828 -15.97726  -16.653656
 -16.221208 -16.028822 -15.69567  -16.006492 -16.37949  -15.714404
 -16.545022 -16.688862 -15.704718 -16.297072 -15.986076 -15.993442
 -16.05817  -16.60105  -15.851168 -15.680068 -16.16141  -15.947912
 -15.66667  -16.356    -16.68399  -16.095986 -16.33715  -15.694858
 -15.950812 -15.335316 -16.595076 -16.25421  -16.465446 -16.186698
 -15.980624 -15.599564 -16.04222  -16.307802 -16.219062 -15.86706
 -16.575356 -15.809988 -15.91375  -16.576052 -16.085894 -16.017164
 -16.019368 -15.941822 -15.500384 -15.686564 -15.26299  -16.2197
 -16.051384 -16.523272 -15.909632 -16.137572 -16.177766 -16.228516
 -15.720726 -15.726236 -16.03468  -16.404836 -16.154798 -15.924016
 -16.588058 -16.776558 -16.267782 -16.23217  -16.266158 -16.559928
 -15.598404 -16.707944 -15.82878  -16.077716 -16.058518 -15.856388
 -16.234084 -16.147142 -16.207462 -15.836552 -15.99466  -15.37232
 -15.665162 -15.833304 -16.383202 -16.550416 -15.936254 -16.30148
 -16.306642 -15.507634 -16.060722 -15.67015  -15.924944 -13.401596
 -13.689044 -16.425542 -16.213726 -15.654606 -15.679198 -15.678908
 -15.988744 -15.890898 -15.826054 -16.249106 -15.884344 -16.023022
 -16.111588 -16.39022  -15.965254 -16.016004 -15.797286 -15.72554
 -16.148998 -16.13995  -15.576596 -16.115416 -16.031316 -15.985264
 -16.25131  -16.356812 -16.081312 -16.58162  -16.074236 -15.653794
 -15.78818  -16.446886 -15.794038 -16.417074 -15.933238 -15.774608
 -16.095638 -16.264998 -15.59852  -15.84357  -15.897452 -15.977202
 -15.948318 -15.721712 -16.538584 -16.86495  -15.558442 -15.955452
 -15.71945  -15.661798 -15.723278 -15.830288 -16.72459  -16.230894
 -16.164426 -15.713186 -16.603428 -15.869554 -16.002258 -16.381752
 -15.78789  -15.905862 -15.523352 -15.809002 -15.79949  -15.961426
 -16.780154 -16.004288 -16.20114  -16.535104 -16.3995   -15.821182
 -15.559544 -15.655708 -15.96073  -15.708314 -15.802506 -16.650698
 -16.01438  -16.110718 -16.0863   -16.583998 -16.281006 -15.754772
 -15.884228 -15.963398 -16.192498 -16.579242 -16.02511  -16.219468
 -16.229212 -16.076498 -15.962296 -16.328972 -16.211    -16.568048
 -16.693154 -16.046512 -16.939828 -16.413652 -15.761674 -16.254152
 -15.846992 -15.624794 -15.835972 -15.899308 -16.208796 -15.659072
 -16.136528 -15.901976 -16.303336 -16.552272 -16.034564 -15.554092
 -15.533676 -16.276192 -16.087228 -16.100278 -16.654642 -16.777718
 -16.783576 -16.542992 -15.705646 -16.174228 -15.758252 -15.369768
 -16.390684 -15.521264 -16.360524 -15.687724 -16.76809  -17.381092
 -16.132236 -16.405474 -15.983756 -16.219062 -16.442188 -16.460052
 -16.314066 -16.019658 -16.035202 -15.90157  -15.676646 -16.162338
 -15.853778 -16.119534 -16.315168 -15.972214 -16.36035  -16.114546
 -15.878138 -15.909516 -16.016468 -16.530464 -16.108746 -16.16228
 -15.674616 -16.224108 -15.637206 -15.690276 -15.870424 -15.661508
 -15.626882 -15.48136  -15.973432 -16.26059  -16.219178 -16.007014
 -15.717014 -15.661392 -15.858882 -15.917404 -15.936718 -15.772056
 -16.037116 -16.27451  -15.97465  -15.529848 -15.522656 -16.63411
 -16.088156 -16.175678 -16.307802 -16.047962 -16.285414 -16.318184
 -15.945012 -16.123246 -15.988106 -16.036884 -16.240754 -16.746746
 -16.550648 -16.584462 -15.953016 -15.861144 -16.052602 -16.31105
 -15.938632 -16.022152 -16.194586 -15.697004 -15.747406 -16.349156
 -16.598266 -16.03265  -16.202474 -15.597418 -15.801636 -15.940372
 -15.785976 -16.039146 -16.36528  -16.535916 -16.27335  -16.357276
 -16.325202 -15.938748 -15.527702 -15.933064 -15.980392 -16.37978
 -16.289068 -15.65159  -15.676588 -15.919492 -15.942054 -16.141052
 -15.838698 -15.920478 -15.56546  -16.22144  -15.921116 -16.413536
 -16.230894 -15.74961  -16.50912  -15.880284 -15.929004 -15.816136
 -15.581816 -16.16779  -15.954002 -15.84792  -15.933528 -16.154102
 -15.336708 -16.003012 -15.889796 -15.79021  -15.795894 -15.905746
 -15.554382 -15.596026 -15.67682  -15.011908 -16.232692 -16.294462
 -16.303046 -16.471304 -15.923784 -15.551714 -16.399558 -16.058402
 -16.455586 -16.167442 -16.172836 -16.044076 -15.896234 -16.230256
 -15.911836 -16.133976 -16.429544 -15.86677 ]"
611,"[-10.075064 -10.1239   -10.55629   -9.006298 -10.73377  -10.009872
 -10.70999   -8.223008]"
612,"[-11.364752 -10.899012 -10.153306 -11.500878 -10.333164 -10.279398
 -10.277136 -10.303468 -10.53193  -10.388786  -8.809388  -8.233332
  -6.966844  -7.996402  -7.710172  -7.389316  -7.654724  -7.38485
  -7.878778  -7.801348  -8.081894  -6.383712]"
613,"[-11.385516 -10.952256 -11.277056 -11.088904 -10.94489  -11.11976
 -10.853018 -10.956896  -9.756122 -10.274468 -10.645262 -10.102034
 -10.61777  -10.7213   -10.589234  -9.847472  -9.577656 -10.162586
 -10.917224 -11.25693  -11.307738 -10.56992  -11.140756  -9.956106
 -11.251188 -11.913084 -10.659182 -11.91958   -9.679504 -10.887296
 -11.608178 -11.449084 -10.028664 -11.72296  -11.54838  -11.559922
 -11.442182 -10.486052 -12.061796  -9.984758 -10.549736  -9.867192
 -10.818102 -10.641898 -11.147832 -11.543508 -10.299582 -11.49125
 -11.032818 -11.565722 -10.186656 -11.503604 -11.32102  -11.228974
 -11.179964 -11.170974 -10.993204 -11.545422 -11.778002 -11.579178
 -11.465788 -11.192202 -11.40048  -10.598108 -10.471552  -6.351232]"
614,"[-7.729718 -9.228322 -9.057396 -8.866228 -9.133028 -6.811694 -7.15082
 -9.258018 -9.838076 -7.089108 -7.052974 -8.251544 -8.029346 -7.19171
 -7.468486 -7.783252 -8.2476   -7.83203  -7.701066 -7.55421  -8.379202
 -8.148826 -5.73359  -6.065524 -8.95085  -8.849466 -9.110118 -9.27159
 -9.666628 -9.320658 -9.277158 -7.145484 -6.464332 -7.716842 -9.017724
 -8.020182]"
615,"[ -8.709744  -8.04547   -8.331584  -8.832182  -7.384096  -7.956034
  -8.521244  -8.038046  -7.653622  -7.361012  -8.852714  -8.086998
  -8.777372  -8.440044  -8.424268  -8.09477   -8.367022  -8.235942
  -7.561518  -8.323174  -8.997772  -7.819792  -8.67013   -8.097902
  -7.91903   -8.436448  -7.909286  -8.841056  -8.30299   -8.552912
  -8.452398  -8.621758  -9.24375   -8.005914  -8.444104  -8.075166
  -7.959688  -8.655514  -8.254212  -8.438304  -8.38651   -8.54021
  -8.007654  -8.026272  -9.586298 -11.16007   -8.923126  -9.153444
 -10.416916  -9.429524  -7.634888  -9.414212  -8.517126  -9.396812
  -9.691974  -8.799412  -6.348912]"
616,"[ -8.86733  -11.043722 -10.829992 -10.90429  -10.82251  -10.44812
  -9.755368  -9.388286  -9.278202  -9.350934  -8.773718  -8.363716
  -7.155054  -7.200352  -9.03495  -10.179696 -10.616436 -10.406708
  -9.8107    -9.376106 -10.417496  -9.862552  -9.55724   -9.75357
  -9.91075   -9.482594  -9.917362 -10.404272 -10.798382  -9.560314
  -7.875646  -8.5521    -7.364492  -8.916688  -7.442154  -8.069772
  -9.135754  -8.643798  -8.769484  -8.305658  -5.868092  -6.300076
  -9.870788  -9.776306 -11.382732 -11.854852 -11.574596 -11.59826
 -11.686884 -11.208326 -11.74529  -11.927758 -11.348048 -10.293086
 -11.750568 -11.616704  -9.72022   -9.58044   -9.42065   -9.264688
  -9.448258  -7.963458  -8.020414  -8.587016  -7.867584  -7.86828
  -7.08441   -6.311966  -7.153952  -6.28633 ]"
617,"[ -9.957846  -7.994082  -9.5149    -8.466086  -9.917478  -9.864582
 -10.189208  -9.982438  -9.872644 -10.071236 -10.051284  -9.301286
  -8.263782  -9.612572  -8.749822  -9.88755   -9.853504  -8.739382
  -7.97442   -8.054286  -9.785238  -8.33025   -8.757014  -8.628892
  -8.650642  -9.608744  -9.525398  -8.36418 ]"
618,"[ -9.114004  -9.50533   -9.94758   -9.312886 -10.079588  -9.934066
  -9.26202   -9.734894  -9.264166  -9.05844   -9.353428  -9.513856
 -10.220644  -9.794808  -8.676452  -8.668854 -10.106906  -9.87044
  -8.190354  -9.15037   -9.59813   -8.844072 -10.429908  -8.965988
  -9.049102 -10.371328 -10.288736  -9.529806  -8.80643  -10.22598
  -9.678982  -9.901412  -9.679446  -9.142772  -9.318106  -9.597202
  -9.185866  -9.785702 -10.381072  -9.936966 -11.10729   -9.936212
  -9.218288  -9.981626  -9.984642 -10.214032  -9.96469  -10.501712
 -10.735742  -8.73248   -8.63504   -9.215098  -8.079458  -8.895692
 -10.764278 -10.069844  -9.83506   -9.06192   -9.572726  -8.984954
  -8.826788  -8.919008  -9.697542  -6.39363   -6.176304  -7.240372
  -8.307978  -7.923612  -6.178508]"
619,"[ -9.101128  -9.09556   -9.290846  -9.19329   -8.480702  -9.07236
  -8.966452  -8.83369   -8.507266  -9.488568  -7.982946  -8.30328
  -6.805836  -7.984512  -9.520294  -8.475772  -8.71131   -8.757536
  -8.54862   -8.448048  -8.861704  -8.631908  -8.627152  -8.07708
  -8.40855   -8.365572  -8.447294  -8.651628  -8.62431   -8.454718
  -8.603024  -8.53731   -8.958854  -8.400314  -8.868722  -8.537426
  -8.762176  -8.698608  -8.901434  -8.545372  -8.426704  -8.552912
  -8.228228  -8.949458  -7.74996   -9.173976  -8.496536  -8.556508
  -9.114178  -8.68579   -8.927708  -8.339588  -7.870716  -8.472118
  -8.918486  -8.466608  -8.85979   -8.42131   -8.553608  -9.369088
  -8.374388  -8.620772  -7.520512  -9.07381   -8.537658  -8.939192
  -7.792126  -8.8711    -9.03379   -8.19424   -8.73016   -9.2742
  -9.226118 -10.157888  -7.85088   -8.236406  -9.475866  -9.178152
  -9.1002    -8.10869   -7.813528  -7.70762  -10.07605  -10.196342
  -9.517916  -8.301598  -8.043034  -8.808112  -8.453964  -7.907778
  -8.372184  -8.957868  -7.766432  -8.293304  -8.543748  -8.301772
  -9.623012  -8.11565   -9.184822  -8.97115   -8.93925   -9.007284
  -9.071084  -9.538448  -8.291796  -8.93722 ]"
620,"[-7.787428 -7.017304 -7.667832 -8.814956 -7.73314  -8.878292 -8.394804
 -8.397414 -8.412204 -8.727434 -6.388932 -7.35556  -9.02422  -8.948414
 -8.890762 -9.325008 -8.976544 -9.232498 -8.998874 -8.878466 -9.26173
 -8.78033  -8.614566 -9.003456 -8.964074 -8.834038 -9.23099  -8.773776
 -8.157294 -8.877074 -9.620518 -9.126648 -8.557204 -9.348266 -8.75249
 -8.210828 -9.300822 -9.23708  -9.11905  -9.041388 -8.65302  -8.32068
 -9.41485  -8.952706 -9.377266 -8.906422 -8.044368 -9.139292 -9.044578
 -9.148224 -8.905146 -9.061978 -9.091848 -9.015868 -8.968482 -9.293398
 -9.088078 -8.97753  -8.993886 -8.664098 -9.362534 -9.013664 -9.166668
 -9.145556 -9.070852 -9.025554 -9.172178 -8.832124 -8.861762 -8.141924
 -9.629856 -8.453964 -8.916456 -8.84906  -9.183604 -9.086686 -9.559618
 -8.457096 -8.91721  -9.301808 -7.768578 -8.212046 -8.82035  -9.182212
 -8.856774 -9.1234   -8.086476 -8.72929  -8.960188 -8.922082 -9.264746
 -9.079378 -8.423978 -8.981242 -9.061572 -9.317642 -9.060702 -9.293688
 -9.08396  -8.773834 -9.405396 -9.34496  -9.665178 -8.755448 -8.800688
 -8.20613  -8.897026 -8.79918  -8.950966 -9.40557  -9.120674 -9.2539
 -8.719836 -6.630212 -7.73517  -8.222892 -9.045796 -9.360214 -9.095966
 -9.585718 -9.015752 -9.454058 -9.487176 -9.129316 -9.549236 -9.616168
 -9.20402  -9.584384 -9.022132 -8.584    -7.711796 -8.125046 -7.75489
 -7.965604 -7.792938 -8.70928  -8.315402 -8.381464 -8.49787  -8.603952
 -8.114606 -5.107944]"
621,"[-10.098206  -8.441436  -7.652462  -8.163268  -8.107356  -8.317142
  -8.468986  -8.361106  -7.572654  -7.985614  -8.657602  -8.062406
  -8.666302  -8.93751   -8.999454  -8.703422  -9.081524  -9.437006
  -9.711056  -9.491932  -9.268342  -8.978864  -9.778336  -9.035066
  -7.470168  -8.054518  -8.08317   -8.008988  -9.217592  -8.846914
  -8.698028  -9.055598  -9.565186  -7.259338  -8.723722  -9.750786
 -10.840084  -9.419026  -9.552136  -8.945166 -10.05372   -7.804248
  -7.737606  -8.156424  -8.495086  -9.054554  -8.8305    -8.028476
  -8.353798  -9.072824  -9.415894  -8.803008  -9.308014  -8.6188
  -7.887942  -9.004094  -7.372264  -7.56465   -8.51817   -8.741412
  -8.473104  -8.152712  -5.55785 ]"
622,"[ -9.874036  -9.42181   -7.435426  -8.299974  -7.526834  -8.06983
  -8.278398  -8.856426  -9.31364  -10.935378  -9.910518 -10.2602
 -10.790204  -8.397182 -10.023386  -9.455334  -9.090456  -8.392136
  -7.70733   -9.839932 -10.34488   -9.38585   -9.300532  -8.091348
  -9.408644  -9.675502  -9.37454   -9.732806  -9.0828    -9.125198
  -9.951176  -9.742782  -9.779148  -9.598188  -9.525224  -7.416518
  -7.687436  -7.814572  -9.262832  -9.476214  -9.356038  -9.254248
  -9.241662  -7.726354  -7.63657 ]"
623,"[ -9.500226  -9.19677   -9.2597    -9.381616  -9.400814  -8.61735
  -9.448026 -10.71086  -10.149304  -9.838772  -9.44385  -10.05053
 -10.904406 -10.785564 -10.23961   -9.188244  -8.781722  -9.249376
  -9.123806  -9.085816  -9.375178  -9.506896  -8.88299   -9.427436
  -8.694258  -8.877306  -8.544386  -9.421868  -9.04945   -8.67767
  -9.392462  -9.20315   -9.027236  -9.059832  -9.524238  -9.068068
  -8.92272   -8.859384  -8.917964  -9.134652  -8.890298  -9.593896
  -9.35685   -9.189752  -9.420708  -9.671036  -9.287192  -9.626144
 -10.686442 -10.002448 -10.349462  -9.13761   -9.039532  -9.52969
  -9.285162  -9.433294  -8.632082  -8.751504 -10.644798  -9.475808
  -9.679794 -10.857078  -9.049102 -10.316402 -10.382812 -10.632792
 -11.410804 -10.148898 -11.412022 -10.08736  -10.185438 -11.352166
 -10.655702 -11.953684 -11.887216 -11.36858  -11.153516 -10.662256
 -10.824656 -11.17689  -12.029954 -11.802362 -12.011626 -11.95351
 -12.129598 -11.768896 -11.170046 -10.696534 -10.688994 -10.598108
 -11.116454  -9.393796  -9.061166  -7.971694  -7.539478  -8.681788
  -7.970708 -10.645958 -10.53918   -8.53296   -8.364644  -6.62708
  -6.883266  -7.153314  -6.905074  -7.491918  -5.77593   -5.303056]"
624,"[ -8.621816  -8.819654  -7.944028  -8.714036  -8.786362  -7.481072
  -7.882954  -8.1954   -10.67374  -11.190462 -10.488024  -9.605728
 -11.146672 -10.394876 -10.405896 -10.739454 -10.28166  -10.847276
  -9.40557   -9.248738 -10.28891   -9.707054]"
625,"[-12.577996 -12.923386 -12.068292 -12.67648  -12.676248 -11.837684
 -12.654904 -12.419772 -12.820204 -12.89021  -12.6701   -12.513326
 -12.845086 -12.404518 -12.590466 -12.885802 -12.647596 -12.948094
 -13.159968 -12.98243  -12.993798 -12.510194 -12.87455  -12.699216
 -12.236898 -12.808604 -12.337006 -12.698404 -12.713368 -12.694286
 -12.348026 -12.74637  -12.580084 -13.05986  -12.332772 -12.844506
 -12.736162 -12.19769  -12.469536 -12.690922 -12.726186 -12.615
 -12.29136  -12.345648 -12.6585   -12.84845  -13.1747   -12.854366
 -12.339732 -13.111828 -12.368616 -12.073048 -11.64176  -12.79973
 -12.483456 -12.427312 -12.575618 -12.697592 -12.850944 -12.45869
 -12.739178 -12.473132 -12.987882 -12.863994 -12.72317  -12.90297
 -12.850306 -13.0239   -13.233802 -12.299944 -12.528696 -12.727462
 -12.724272 -12.462692 -12.72578  -12.55381  -12.486936 -12.739874
 -12.787202 -12.539252 -12.43578  -12.60427  -12.775718 -12.504568
 -12.850538 -12.496274 -12.681062 -12.17507  -12.661284 -12.750836
 -11.730442 -12.777806 -12.717138 -12.682396 -12.759072 -12.801992
 -12.685296 -12.9166   -12.379984 -12.76493  -12.613086 -12.823684
 -12.720096 -12.747704 -12.30963  -12.435954 -12.16724  -12.67764
 -12.643246 -12.538904 -12.520692 -12.644464 -12.533858 -13.284552
 -12.79538  -12.689704 -12.552476 -12.111096 -12.742194 -12.03094
 -13.082074 -12.935856 -12.698346 -12.064174 -12.576836 -12.984518
 -12.418264 -12.476612 -12.474814 -12.580026 -13.143496 -12.809996
 -12.800484 -12.275584 -12.963    -12.40243  -12.601428 -12.727752
 -12.975122 -12.593946 -12.915846 -12.347678 -12.012032 -12.268914
 -13.12076  -11.20647  -11.311682 -12.91167  -12.850828 -12.36502
 -12.362758 -12.807734 -12.914338 -12.835342 -12.545922 -12.509034
 -12.89427  -12.996988 -12.7252   -12.58078  -12.594874 -12.953082
 -12.701652 -12.6063   -13.006326 -12.402836 -12.959752 -12.662444
 -12.558624 -12.43636  -11.952234 -13.137    -12.838648 -13.031788
 -12.328132 -12.807792 -12.534728 -12.484442 -12.85338  -12.720618
 -12.641332 -12.48943  -12.997278 -13.053886 -12.644406 -12.857382
 -12.861384 -12.742426 -12.866662 -12.959288 -11.421012 -12.605082
 -12.77827  -12.920602 -12.926692 -12.826816 -12.421164 -11.930832
 -12.999888 -12.676074 -12.506192 -12.785172 -12.95053  -12.375808
 -13.01984  -12.669056 -13.008994 -12.710526 -12.64603  -12.9688
 -12.827976 -12.677176 -12.67851  -12.710468 -12.84468  -12.739642
 -13.01085  -12.70954  -12.244902 -12.81684  -12.77827  -12.693184
 -12.95082  -12.907668 -12.572428 -12.770788 -12.697186 -12.667896
 -12.434214 -12.900534 -11.7218   -12.060578 -13.128416 -12.019978
 -12.604096 -12.752692 -12.878436 -12.943802 -12.672014 -12.807444
 -12.82119  -12.682512 -13.198364 -13.07639  -12.615232 -12.886672
 -12.523998 -12.70258  -12.983068 -12.6063   -12.545864 -12.8267
 -12.629036 -12.914396 -12.801818 -12.77421  -13.035384 -12.8586
 -12.666388 -12.654614 -12.29658  -12.498304 -12.80031  -12.939742
 -13.054988 -12.610708 -12.518952 -12.745442 -12.975702 -12.985968
 -12.515414 -12.674914 -12.139342 -12.605952 -11.87869  -12.635242
 -12.96938  -13.133114 -12.769918 -12.775486 -12.596266 -12.946006
 -12.526434 -12.669404 -12.552766 -12.837082 -12.043352 -12.062144
 -12.376678 -10.971512 -11.95873  -12.682164 -12.661226 -12.494998
 -12.97895  -12.648698 -12.33834  -12.779198 -12.645972 -12.964102
 -12.486182 -12.84526  -13.100344 -12.393846 -12.683092 -12.580838
 -12.815506 -11.945042 -12.929128 -12.49378  -12.77856  -13.24256
 -13.024306 -12.519068 -12.591162 -12.993972 -12.82438  -12.896938
 -12.72665  -12.854076 -12.934232 -12.855932 -12.801818 -12.879074
 -12.891544 -13.215648 -12.58658  -12.564018 -12.981966 -12.748748
 -12.858078 -13.044606 -12.460256 -12.71389  -12.8093   -12.921878
 -12.711338 -12.465882 -12.70229  -12.16579  -10.726404 -12.67126
 -12.397384 -12.515008 -12.783258 -12.109646 -12.68402  -12.978022
 -12.688892 -11.987208 -11.594838 -12.50451  -12.430212 -12.918224
 -13.155734 -12.316996 -12.916426 -12.600094 -12.995248 -12.477946
 -12.526608 -12.942816 -12.804196 -12.175186 -11.949102 -12.054372
 -12.408578 -13.002904 -12.950472 -12.478816 -12.837836 -12.945194
 -12.388452 -12.901578 -12.774326 -12.99722  -12.86179  -12.510774
 -12.309224 -12.16753  -12.6324   -12.89949  -12.942816 -12.131106
 -12.704204 -12.886324 -12.698114 -12.620394 -12.951922 -12.67329
 -12.776472 -13.205208 -12.939568 -12.808198 -12.9659   -12.494128
 -13.057134 -12.887948 -12.451324 -12.51205 ]"
626,"[ -9.77271   -7.833596  -8.413886  -8.632198  -8.177942 -10.57717
 -10.841012 -10.759696 -11.21198  -10.970816 -10.590452 -10.96606
 -11.235238 -10.882192 -11.113902  -9.978204 -11.537998 -10.455254
 -10.854062 -11.81779  -13.243894 -12.762726 -12.723054 -12.64458
 -11.866104 -12.236318 -12.819566 -12.531016 -10.668926 -13.782888
 -12.406374 -13.408266 -10.766366 -11.297298 -10.18132  -10.330032
 -11.941156 -12.116954 -12.735176 -13.055104 -12.791146 -12.510658
 -12.984924 -12.913062 -12.794394 -12.971178 -11.768896 -12.159758
 -12.712266 -12.592554 -12.089056 -13.783004  -7.75025   -6.7048  ]"
627,"[ -9.299024  -9.260628  -9.81708   -9.516118  -9.530502  -8.874986
  -9.573712  -8.700174  -9.418852  -8.851148  -8.086998  -8.819422
  -9.783266  -9.115512  -9.071026  -8.055446  -8.89372   -8.591308
  -9.195784  -9.655318  -9.652766  -9.979074 -10.160962  -9.724628
  -9.847124  -9.710592 -10.101338  -8.367428  -6.472278  -5.513712
  -7.843456  -9.133318  -6.125264]"
628,"[ -6.679628  -8.001912  -6.788552  -7.035052  -7.449694  -7.92367
  -7.344192  -8.419106  -7.542784  -9.070794  -6.514734  -8.078472
  -6.861864  -7.0064    -7.931616  -7.893162  -9.551672  -9.709432
  -9.99833   -9.622258  -9.904312 -10.029244  -9.805654  -9.27942
  -9.546104  -8.71914   -8.652672  -9.429002 -10.404156 -10.276382
 -10.065552  -9.93105   -9.84405   -9.3177    -9.976928  -9.288294
  -8.68463  -10.078718  -9.651084 -10.306136  -9.87073   -9.99108
  -9.209124 -10.102672  -9.726716  -9.566984  -9.923916 -10.079356
  -8.575358  -9.613094  -9.828216  -9.189578  -9.23389   -9.888304
  -9.910228  -9.634786  -9.138712  -9.124038  -9.43921  -10.360656
  -9.782976  -9.426914  -9.048928  -9.291078 -10.38548   -9.405338
  -9.799274  -9.418678  -9.599174 -10.478164 -10.157076  -9.339972
  -9.085642  -9.179602  -9.290672  -8.699072  -7.972448  -8.548562
  -9.256568  -9.60074   -7.588546  -7.557168  -8.573328  -9.925714
 -10.232592 -10.188454 -10.002622 -10.20481   -8.55906   -8.181944
 -10.149594  -8.957926  -9.159418  -8.91634   -9.83796  -10.039742
 -10.039742 -10.461576  -9.276114 -10.20162   -9.13442   -8.635968
  -8.671406 -10.042178  -9.80954   -9.196712  -8.355306 -10.55339
  -9.408238 -10.381478 -10.460648  -9.75212   -8.419454  -8.57733
  -6.97421   -7.997562  -7.895714  -9.93482  -10.711788 -10.041308
 -10.47277   -9.954714 -10.424978  -9.193406 -11.017216 -10.899766
  -9.906284 -10.348824 -10.124828  -9.518264 -10.074252 -10.767758
  -9.845848 -10.436462  -9.33655   -9.73414   -9.733676  -9.921016
  -9.654506  -9.484798  -9.653926  -8.062464  -9.542392  -7.619692
  -6.998106]"
629,"[ -9.004152  -8.707772  -9.665642  -9.084192 -10.359844  -9.86957
  -8.841868  -9.559154  -9.247752 -10.00413   -8.013048  -7.40689
  -8.938728  -8.2621    -7.508912  -9.753164  -8.017108  -7.853954
  -7.811092  -7.745146 -10.373822 -10.010162 -10.318258  -9.501038
  -9.428248  -9.188998  -9.249956  -9.057802  -9.209124  -9.0422
  -8.093262  -8.404142  -9.005544  -9.157504  -9.114874  -9.499704
  -9.263238  -8.952996  -9.031064  -8.77656   -9.36671   -9.105884
  -9.005544  -8.682658  -7.67369   -9.179138  -8.814608  -8.709396
  -8.626514  -8.454718  -8.465274  -8.488706  -8.81658   -8.055156
  -8.973992  -7.886376  -7.788356  -8.665316  -9.036632  -9.05902
  -8.675118  -8.972948  -9.056816  -9.002644  -9.425812  -8.694258
  -8.24325   -7.855346  -8.96564  -10.427356  -8.16292   -7.558734
  -9.134188  -9.4221    -9.837786  -9.222812 -10.18625   -9.672892
  -9.292238  -9.172758  -9.263702  -9.431032  -9.977972 -10.163746
  -8.662706  -8.894532  -9.508346  -9.495934  -9.278724  -9.800492
  -9.47836   -8.315518  -8.733872 -10.079878  -8.42798   -7.285844
  -9.333244  -9.641572  -8.73799   -8.65969   -9.298966  -7.498472
  -5.927136  -8.560162  -9.334578  -8.16872   -9.85333  -10.713528
 -11.978334 -11.587124 -11.833566 -11.060948 -10.291346  -8.145694
  -7.38833   -9.174672  -9.741216  -8.16002   -8.223472  -9.947696
  -8.183046  -8.479542  -9.596854  -5.756558]"
630,"[ -9.81476   -9.678924  -9.742724  -8.921676  -8.925156  -9.351224
 -10.244482  -9.31828   -9.676024 -10.056504  -9.527544  -9.774508
  -9.233194  -8.699768  -9.259642  -9.1901    -9.072186 -10.357234
  -9.603408  -9.55028   -9.07062   -9.985048  -9.577714  -9.558226
 -10.050762  -8.642232  -9.940156  -9.522034  -9.120036  -9.167712
  -9.077116  -9.380108  -9.611586  -9.2191   -10.251616  -9.874268
 -10.445104 -10.934392  -8.474728 -11.546814  -9.519482  -9.903964
 -10.397834  -9.280986 -11.146498 -10.039046  -9.811048 -10.55919
 -11.183386 -10.207246 -11.102186 -11.036472 -10.57456  -10.347432
 -10.916064 -10.883526 -10.26977  -10.212234  -9.659378  -9.665642
 -10.208986  -9.721612 -11.093428 -10.537962 -10.386698 -10.536686
  -9.895728  -8.73451   -8.483544  -9.151472 -10.269828  -9.533402
  -9.985222  -9.098576 -10.243902  -9.080422  -9.705372 -10.877436
  -9.836858 -11.02986  -10.407172 -10.502582 -10.60066  -10.940018
 -10.953996  -9.316366  -9.235688  -9.120268  -9.2742   -10.853192
 -10.21641  -10.148086 -10.256488 -10.717762  -9.924496 -10.64097
 -10.361758  -9.602712  -8.902478  -9.401278 -10.565802 -10.140024
 -10.878828 -10.79438  -11.014954 -10.765148 -10.933522 -11.041634
 -10.998134 -10.897446 -10.924996 -10.234216  -9.389388 -11.017796
 -11.469732 -11.731892 -10.794032 -10.302714  -9.64511  -10.721706
 -11.617226 -11.318352 -11.508302 -10.52845   -9.690408 -10.053488
 -10.00558  -10.552752  -9.58508   -8.982402  -6.20484   -6.705206
  -7.962124  -8.378564  -9.135638  -8.520374  -9.825606 -10.264028
  -7.422202  -8.227184  -7.572016  -8.53035   -8.25659   -7.102332
  -8.929854  -9.04858   -9.66135   -9.27594   -9.263586  -9.737794
 -11.433888  -9.015404  -9.520062  -8.646756  -8.205028  -8.54427
  -9.527312 -10.029882  -9.244214 -10.17117  -10.81671  -11.301822
 -11.432496 -11.333606 -11.19226  -10.813172  -9.775088  -8.632836
  -8.672682  -8.849466  -8.199054  -8.50773   -8.99029   -8.261752
  -8.285822  -8.414988  -8.167618  -8.702958  -8.478382  -9.301576
  -8.348172  -8.40304   -8.99812   -7.953308  -8.446772  -8.72349
  -7.259222  -7.811382  -9.290672 -10.251326 -10.674668 -11.13194
  -9.959528 -10.971802 -10.566846 -10.968728 -11.225552 -10.85325
 -10.538194 -11.321832 -10.52642  -10.555246 -10.782316 -10.458328
  -9.758268 -10.179058 -10.324116  -9.428074  -9.337072 -11.217084
 -11.422114 -11.287496 -10.266    -11.10874  -11.635496 -11.12237
 -10.370574 -10.867286 -10.963508 -11.289352 -11.085018 -11.232222
 -10.391164  -9.008386  -9.932152 -10.019732 -10.576416  -9.483
 -10.0021   -11.072316  -9.751598 -10.111836  -9.854374 -11.530574
 -11.151486 -10.93213  -10.335426 -10.277252  -8.65737   -6.095742
  -5.35166   -6.36144   -7.643066 -11.604118  -9.03031   -7.45648
  -7.808888  -8.96564   -8.209146  -7.900644  -8.784216  -9.015346
  -9.253146  -6.953156  -8.088912  -8.228866  -9.379818  -9.421752
  -9.50765   -9.688378  -9.528704 -10.204752 -10.927722 -11.23489
 -11.261744 -11.217664 -11.487596 -10.986534 -10.99013  -10.283168
  -8.992668  -8.853352  -5.034922]"
631,"[ -9.839642  -9.703806  -9.833146  -9.310682  -9.133144  -9.638092
  -8.36737   -9.157272  -8.73799   -9.040054  -8.530234  -9.89161
 -10.083126 -10.399458  -9.4221    -9.294384  -9.11992   -9.687972
  -8.107936  -8.65824   -6.92027 ]"
632,"[ -9.67208  -10.169546  -9.797418 -10.2022   -10.016542  -9.577714
 -10.098206  -9.661524  -9.568434  -8.443292  -6.44061   -7.220304
  -8.589336  -8.340922  -8.937162  -9.514552  -9.870092  -8.969236
  -8.839084  -6.683108 -10.202606 -10.537556 -10.840548  -9.95164
 -10.55832  -10.451136 -10.26136  -10.55136   -8.643218  -9.731936
 -10.504032 -10.62705  -10.808996 -10.992624 -10.689748 -10.83324
 -10.223544 -10.005    -11.003354 -10.426602 -10.599616 -10.931028
 -10.912526 -11.056134  -9.994038 -10.193152 -10.558726 -10.643
 -10.355436 -10.124596 -10.53715   -9.832624 -10.79699  -10.352188
  -9.934472 -10.611738 -10.425036 -10.623164 -10.905276 -10.74856
 -10.713238 -10.856208 -10.554202 -10.540688 -10.87123  -10.636794
 -10.154698 -10.050124 -10.898142 -10.744906 -10.528566 -10.876798
 -10.461808 -10.774718 -10.884918 -10.1993   -10.750242 -10.906842
 -10.839736 -10.423412 -10.672348 -10.244424 -10.888166 -10.36924
 -10.106268 -10.263564 -10.991406 -10.929056  -8.805038  -9.07903
  -7.837598  -8.536962  -9.83738   -9.988528  -9.408064 -10.2167
 -10.003434 -10.873376 -10.943266 -10.246744  -8.470146  -7.471966
  -7.978074  -7.592664  -8.065364  -5.282582  -5.992502  -7.550788
  -9.275998 -10.39592   -9.647894  -9.364912  -9.195088  -9.085468
  -9.577424  -9.988354 -10.0688    -9.898164  -9.938764  -9.897004
 -10.463026  -9.9992    -9.412936  -9.80345  -10.201678  -9.28928
 -10.152494  -9.422622 -10.046934  -9.777988  -9.840048 -10.143214
  -9.935748 -10.225052 -10.453456 -10.064914 -10.383102 -10.776342
  -8.484994  -9.483406  -7.9054    -9.479404  -8.61097  -10.169604
 -10.391222  -9.590706  -9.631654  -9.100084  -9.769056  -8.244584
  -9.919682 -10.642188 -10.261476 -10.35938   -9.485726  -8.723142
  -7.941534  -5.749482  -7.090152  -8.219006 -10.25991   -9.165682
  -8.998816  -9.418272  -8.593628  -9.419374  -9.057164  -9.159708
  -7.394246  -6.363122  -7.1398    -9.74951   -9.555442  -9.710012
  -8.6449    -9.491932 -10.207188  -8.958448  -9.813716  -9.564374
 -10.516908 -10.11056   -9.693714 -10.017818 -10.851336 -11.16819
  -8.415626  -7.653506  -8.846856 -11.653128 -10.341864 -10.727912
  -9.316134 -10.45305  -10.231548  -8.92127   -8.426066  -8.15016
  -8.474322  -9.658798  -9.455856  -8.505236  -6.627834]"
633,"[ -8.692924  -8.929274  -8.93809   -9.350296  -9.447388  -9.45603
  -9.022132  -9.202396  -9.565592  -9.391302  -8.985476  -9.312074
  -9.618952  -9.747886  -9.406788  -9.315554  -9.316192  -9.465078
  -9.35772   -9.530908  -9.524238  -9.23708   -9.326342  -9.390374
  -9.475518  -9.372046  -9.329184  -9.451854  -9.110002  -9.340262
  -9.574118  -9.245432  -9.450404  -9.383356  -9.40615   -9.338174
  -8.912976  -9.216896  -9.255466  -9.510608  -9.681592  -9.472328
  -9.502082  -9.270488  -8.675118  -9.266254  -9.27217   -9.245142
  -9.560372  -9.638556  -9.229134  -9.11035   -9.290382  -9.252508
  -9.07729   -9.073694  -9.063428  -9.616284  -9.123516  -9.263238
  -9.60074   -9.285104  -9.182444  -9.202164  -9.283596  -9.185808
  -9.419722  -9.356328  -9.333012  -9.160056  -9.165682  -9.414502
  -9.48184   -9.364622  -9.67556   -8.946848  -9.560952  -9.370712
  -9.474416  -9.231628  -9.366942  -9.22171   -8.984026  -9.506316
  -9.322746  -9.522788  -9.168988  -9.673298  -9.247694  -9.519772
  -9.234064  -9.351282  -9.470124  -9.693772  -9.240966  -9.43457
  -9.065168  -9.520642  -9.205876  -9.452086  -9.428248  -9.099446
  -9.048348  -9.027178  -9.497558  -8.957868  -9.459974  -9.49344
  -9.530328  -9.310218  -9.052988  -9.316076  -9.524064  -9.358184
  -9.389504  -9.534388  -8.463302  -9.518264  -9.402554  -9.291542
  -9.630494  -8.933856  -9.496804  -9.003456  -9.40238   -9.438456
  -9.593316  -9.157794  -9.671558  -9.593954  -9.455044  -9.346236
  -9.193058  -8.986926  -9.405164  -8.329438  -9.725846  -9.17386
  -9.526558  -9.28464   -9.322572  -9.212314  -9.367638  -9.367986
  -9.132158  -9.387126  -9.465774  -9.775958  -9.26927   -9.112438
  -9.56768   -9.592678  -8.988956  -9.514436  -9.444894  -9.038256
  -9.580382  -9.512522  -9.392462  -9.500748  -9.24433   -9.432888
  -9.372974  -9.086454  -9.403946  -9.546394  -9.488974  -9.27304
  -9.27507   -9.44385   -9.457422  -9.3873    -8.903232  -9.346932
  -9.44878   -9.384864  -9.172352  -9.255814  -8.955722  -9.840454
  -9.40992   -9.139466  -9.496166  -9.33046   -9.48184   -9.293804
  -9.513566  -9.605032  -9.199554  -9.310334  -9.511246  -9.697252
  -9.314046  -9.440022  -9.350818  -9.418214  -9.430162  -9.387242
  -8.915006  -9.291078  -9.190912  -9.297284  -9.580788  -9.134362
  -9.331214  -8.95056   -9.261208  -9.083728  -9.39252   -9.255118
  -9.677184  -9.501908  -8.806314  -9.379122  -9.519714  -8.921792
  -9.261092  -9.292702  -9.174092  -9.528994  -9.681534  -9.3119
  -9.632988  -9.467572  -9.504576  -9.746784  -9.647256  -9.53955
  -9.246476  -9.395594  -9.660306  -9.465948  -9.728282  -9.621968
  -9.354704  -9.61002   -9.055772  -9.230584  -9.445706  -9.510898
  -9.067662  -9.203208  -9.494194  -9.609382  -9.57029   -9.712332
  -9.547438  -9.611354  -9.196132  -9.268748  -9.263644  -9.565302
  -9.62017   -9.4395    -9.632292  -9.591866  -9.595926  -9.648996
  -8.94244   -9.515074  -9.554108  -9.422158  -9.17473   -9.440776
  -9.571218  -9.345018  -9.45574   -9.438862  -9.604452  -9.5439
  -9.295254  -9.392926  -9.409166  -9.660074  -9.474358  -9.348846
  -9.509622  -9.555674  -9.229598  -9.349484  -9.530328  -9.38179
  -9.323964  -9.755658 -10.192398  -9.827752  -8.381696  -9.451854
  -9.357256  -9.82346   -9.44733   -9.81621   -9.710476  -9.430568
  -9.062732  -9.944564 -10.538136 -10.406012 -10.455486  -9.370538
 -10.01631  -10.980444  -9.462352  -9.980408 -10.62618  -10.37997
  -9.584384  -9.346468  -9.981684  -9.621156  -9.264456  -9.367406
  -9.5149    -9.359228  -9.736112  -9.455972  -8.911468  -9.57522
  -9.38672   -9.307782  -9.182966  -9.395188  -9.002586  -9.590242
  -9.501502  -9.294268  -9.498486  -9.519134  -8.654006  -8.85341
  -9.51548   -9.359634  -9.379818  -9.61669   -9.438398  -9.553586
  -9.51287   -9.459626  -9.258424  -9.638034  -9.37512   -9.484624
  -9.180124  -9.192652  -9.37106   -9.309522  -9.348672  -9.48822
  -9.578526  -9.06598   -9.32901   -9.368334  -9.644182  -9.24868
  -9.2597    -9.325588  -9.393506  -9.479346  -9.376802  -8.87255
  -9.22548   -9.564838  -9.30349   -9.395652  -9.697078  -9.265152
  -9.461772  -9.04075   -9.411892  -8.947776  -9.007226  -9.159824
  -9.22983   -9.33771   -9.068764  -9.176006  -9.085294  -9.118412
  -9.424188  -9.371234  -9.619242  -9.542218  -9.263876  -9.37715
  -8.958912  -9.223682  -8.890066  -9.274084  -9.280986  -9.277332
  -9.44646   -9.18488   -9.553064  -9.420012  -9.432308  -9.351746
  -9.400234  -9.50272   -9.522498  -9.410094]"
634,"[-10.175346  -9.70804   -7.796708  -8.734568 -10.167342  -8.834792
  -8.110604  -7.705184  -9.304476  -9.824968  -8.16292   -8.558306
  -9.513508  -9.843122 -10.165892 -10.337456  -9.924032 -10.334556
  -9.96411   -9.20663   -9.959818 -10.060506 -10.469638 -10.393542
 -10.41738   -9.551788  -9.5381   -10.067002  -8.045934  -8.354726
  -9.437122  -9.520584  -9.093298  -9.676604  -9.09121   -9.63235
  -8.243482  -9.046492  -9.154024  -9.500226  -9.816848  -9.273562
  -8.07012   -9.747422  -9.85449   -9.649344  -7.37615   -8.886644
  -8.232926  -9.948508  -9.173802  -9.515074  -9.74951   -9.805422
  -9.731994  -8.570486  -9.595984  -8.746342  -7.05019   -8.355132
  -9.447678  -9.566404  -9.072186  -9.55695   -7.21404   -7.178312
  -8.921386  -9.619938  -9.65033  -10.201446  -9.310972  -9.483
  -9.718132  -9.727934  -9.32698  -10.168328  -9.768766 -10.074774
  -9.340088 -10.273366  -9.844282  -9.501444  -9.328778 -10.611042
 -10.323884  -9.636526  -9.832044  -9.950132 -10.208348 -10.414248
 -10.22047  -10.23787   -8.815652  -9.770564 -10.494578 -10.69781
  -9.777176  -9.48938   -9.586298  -9.262948 -10.46146  -10.415176
 -10.441276 -10.260026  -9.673124 -11.020116  -8.186642 -10.838576
 -10.833646 -10.054184 -11.074636 -11.885998 -12.848218 -11.129504
 -11.560212 -13.702906 -12.770788 -11.552846  -8.48511   -8.46684
  -7.166132  -6.596978  -6.154206  -7.226336  -7.254408]"
635,"[ -9.18169   -9.087034  -9.182096  -9.239458  -9.879604  -8.4071
  -9.29276   -9.279768  -9.205992  -9.249956  -9.526152  -8.993712
  -9.086338  -9.271648  -9.229656 -10.303526  -8.71566   -7.046942
  -7.781048  -7.489366  -9.116034  -8.251602  -9.21562   -8.048486
  -9.327212  -8.072324  -9.662626 -10.070076 -10.086084  -9.956918
  -9.737156  -9.245142  -9.632118  -8.904798  -7.277086  -8.844884
  -7.225524  -8.703828  -8.280776  -9.402322  -9.400176  -9.461772
  -9.25245   -7.935908  -8.816058  -8.605982  -9.287482  -8.44944
  -9.254712  -8.116288  -8.68637   -8.263086  -9.4685    -7.423478
  -8.705974  -8.962972  -9.182966  -9.091964  -8.33083   -9.17212
  -9.195088  -9.399596  -9.870614 -12.26642  -10.808416 -11.269864
 -11.991152 -10.802732 -12.544008 -13.004296 -12.996988 -12.87397
 -12.97054  -12.827106 -13.147614 -12.657108 -12.010176 -12.873796
 -13.08422  -12.80901  -12.31543  -13.01607  -12.340602 -13.354848
 -12.211436 -11.925554 -12.539252 -12.976862 -13.067052 -12.635706
 -12.663836 -12.279354 -12.67851  -12.453412 -12.794626 -12.996698
 -12.644464 -13.170002 -12.993218 -12.157322 -10.55252  -10.381652
  -9.487582  -9.036226  -9.23563   -9.396986  -9.021958  -7.709302
  -6.517866  -7.127678  -9.346352  -9.538274  -9.846718  -9.484856
  -8.72436   -9.343104  -8.337384  -7.817066  -9.239806 -10.232476
  -9.734662 -10.073092  -9.557124  -8.951836  -7.53681   -9.661118
  -8.988376  -9.464846  -9.412936  -8.56573   -8.475424  -9.960514
 -10.757434 -10.139618 -11.085424 -10.713818  -9.378252 -10.484892
 -10.120246  -9.905066  -9.8281   -10.324696 -10.650946 -10.477468
  -9.703052  -9.989688 -10.342328 -10.945354  -8.856368  -9.003862
  -9.486306 -10.064044 -10.20278   -9.574524 -10.176564 -10.442088
 -10.385306 -10.311762 -10.320114 -10.471958 -11.241792 -10.263158
 -11.087512  -9.391476  -9.013026  -9.927686  -8.785434  -6.077646
  -6.236276  -7.633264 -10.73812  -11.321658 -10.487734  -9.697368
  -9.674632  -9.714652 -10.088694  -9.980002  -9.851126  -8.03242
  -7.217462  -7.239096  -7.580948  -7.411066  -9.165102  -8.680628
  -9.984004  -8.611492  -7.979756  -7.74213   -6.190398]"
636,"[ -7.797172  -8.6072    -8.983214  -9.307898  -9.218114  -8.212742
  -8.66578   -8.74756   -9.78199   -9.667266 -10.0195    -9.63844
  -9.96701   -8.180784  -7.325864  -8.837634  -9.199728  -9.454522
  -9.345598  -9.484682 -10.75958  -10.64735  -10.25469  -10.270756
 -11.097372 -13.079522 -12.372792 -12.542674 -13.4154   -12.913004
 -12.898272 -11.561198 -11.544378 -10.071294  -8.540964  -7.67398
  -7.32366   -8.470668  -9.917768 -10.317214 -12.52278  -12.685586
 -10.875232 -11.65481  -12.532698 -12.89949  -13.110262 -12.92037
 -13.139668 -13.005688 -12.883134 -13.1776   -13.190302 -13.14338
 -13.1225   -13.373872 -13.192042 -10.539006  -9.786572 -12.746892
 -11.743202 -11.354022 -10.866242 -13.143496 -13.359836 -12.685238
 -12.750024 -13.302068 -12.268508 -12.218396 -12.61181  -13.406526
 -13.316742 -12.970424 -13.2095   -13.805914 -12.69968  -13.467658
 -13.408788 -12.966364 -13.067342 -13.358212 -12.32326  -12.881742
 -13.0848   -13.171858 -13.388082 -12.867532 -13.407106 -13.682432
 -13.201844 -13.596882 -13.081726 -12.86701  -11.243126 -14.146084
 -10.7503   -12.556246 -12.49175  -12.490068 -12.952966 -11.975898
 -12.662676 -12.742136 -12.639882 -12.884352 -12.881742 -13.62536
 -11.024466 -11.467006  -9.406498  -8.338138  -8.423804  -9.13152
  -7.982946  -8.404084  -8.831776  -8.621526  -8.199112  -8.933914
  -9.036574  -9.089238  -7.391636  -6.863662  -8.798484  -6.43249
  -9.086918  -8.516952  -8.563584  -7.085918  -7.279    -10.15667
  -8.109038  -9.277854  -9.429698  -7.73314   -8.588698  -9.700384
  -9.708562  -9.129664  -9.899788  -9.188998  -9.149094  -9.773116
  -9.563736  -8.932522  -8.991218  -9.331156  -9.784832 -10.13318
  -9.353892  -9.717784  -8.861008 -10.111256  -7.644052 -10.164442
  -7.00582   -9.262658  -8.981358  -9.24897   -9.469254  -9.863886
  -9.519482  -9.50156   -8.922894  -9.212082 -10.010684  -9.529864
  -9.177456  -9.769868  -8.82528   -8.336804  -8.587944  -9.44907
  -8.074644  -9.436194  -7.55421   -9.371872  -9.860406  -8.248412
  -7.393956  -8.370908  -8.404548  -8.943252  -8.350724  -9.100838
  -9.768128 -10.264318 -10.4342   -10.30486  -10.014222 -10.3153
 -10.078022  -8.630864  -7.694106  -7.65397   -7.137828  -8.614566
  -7.503576  -8.86443   -8.914658  -7.225002  -8.60053   -7.7256
  -6.438     -8.86733  -11.348338 -10.000534  -7.959688  -8.870636
  -8.77221   -7.3863    -7.088064  -6.500002 -10.092986  -8.326538
 -10.493012 -10.12129  -10.122856 -10.784288 -10.291752 -10.6923
  -8.716646 -10.27731  -10.848494  -7.829478  -6.576272  -8.941164
 -10.297842 -10.228416  -8.590496 -10.263622  -9.717088 -10.062188
 -10.151682  -7.731922  -7.940548 -10.799832 -10.39679  -11.041576
 -10.49597   -9.33829  -10.580186 -10.031738  -8.791292  -8.438942
  -9.624172  -9.61727   -9.450984  -6.71959   -5.147268  -6.207102
 -10.38345   -6.921024  -6.134776  -5.470676  -7.340422  -9.706822
 -10.038176  -9.337478 -10.179406 -10.075528  -7.736678  -6.309066
  -6.047602  -8.23339   -7.420288  -8.359482  -9.5352    -9.110756
 -10.177898 -10.13637   -9.423028  -9.20344   -8.975964  -9.329126
  -9.113192  -9.30929   -8.06606   -7.430496  -8.480818  -8.878234
  -9.024626  -9.763952  -9.175542  -9.765518 -10.04038  -10.138168
  -8.887282  -8.894938  -9.478302  -8.503786 -10.012192  -9.981394
  -9.636236  -9.671442 -11.019652  -9.470646 -10.376374 -10.64271
 -10.380202 -10.544052  -8.156888  -8.869128 -10.93996  -10.754534
 -10.81207  -10.758478 -10.182132 -10.82744  -10.822858 -10.16711
 -10.383972  -9.654796  -8.84384   -9.697716 -10.53831  -10.706916
  -6.815522  -6.415612  -7.147166 -10.693634 -10.167632 -10.006218
 -10.391628  -9.143758  -7.594752  -7.909634 -10.389888  -9.04771
  -7.193044  -9.231628 -10.576532 -10.527812  -9.997634  -8.768034
  -9.27362   -8.738512  -8.41261   -9.60886   -9.507592  -9.73965
 -10.605416 -10.382058 -10.13289  -11.038386  -9.222058  -9.28116
  -8.478556  -8.565788  -9.718074  -8.70493  -10.587204 -11.02551
 -10.2225    -9.529226  -8.458082  -9.25303  -10.53251  -10.095074
  -9.88001  -10.281718 -10.5734   -10.241872 -10.757782  -9.134942
  -8.186352  -8.176028  -9.314568  -7.98718   -6.893764 -10.30602
  -9.98963   -9.134014  -9.668194  -8.489982  -8.304208  -9.67237
  -9.34931   -9.555152 -10.02704  -10.84745  -10.098438  -9.92177
 -10.439942 -10.804298  -9.23882   -9.351282 -10.605126 -10.034406
 -10.253588 -10.501016 -10.493418 -10.831094  -9.958484  -8.547112
 -10.256546  -9.306216 -10.298596  -8.09941 ]"
637,"[ -9.763372  -9.455044  -9.73269   -9.68919   -9.476562  -9.742028
  -9.750612  -9.441936  -9.731704  -8.950676  -8.849988  -9.506896
  -9.4482    -9.521338  -9.91916   -8.991682  -9.893002  -9.657696
  -9.328604  -9.476214  -9.596854 -10.045948  -9.44617   -9.517046
  -9.805422  -9.162144  -9.424884  -9.415314  -9.059484  -9.353196
  -9.172816  -9.255698  -9.276636  -9.586414  -9.128736  -9.563446
  -9.15037   -8.33083   -9.456784  -8.829456  -9.597724  -8.808808
  -9.81563   -8.921154  -9.695106  -9.378832  -9.30581   -9.629914
  -9.281276  -8.25282   -9.312712  -9.17966   -9.33046   -9.385792
 -10.941932 -10.168038  -9.697426 -10.19379   -9.87769  -10.001288
 -10.214612  -9.378658  -8.85109   -9.67585   -8.846218  -9.753628
  -9.906632  -8.690662  -8.506512  -8.074876  -8.813332  -8.163732
  -8.646234  -9.104434  -9.378774  -9.090108  -8.233622  -8.019718
  -8.54543   -8.987622  -9.30929   -9.465078  -8.353044  -8.65563
  -7.761328  -8.202592  -8.583478  -8.126496  -8.138328  -8.70406
  -8.601922  -8.860022  -5.9827  ]"
638,"[ -9.129142 -10.545966  -9.990674 -10.157772  -8.513356  -8.839548
  -9.249898  -6.861052  -5.302882  -5.099766  -8.489344  -7.945246
  -8.379782  -7.209458  -8.27863   -8.857412  -8.7377    -8.166516
  -9.03582   -8.714616  -8.6681    -9.865336  -8.421252  -8.529886
  -7.470516  -5.97922   -6.031942  -7.232948  -5.753716]"
639,"[-6.690822 -8.552158 -8.891284 -7.777452 -9.225828 -7.920944 -7.47968
 -9.101476 -9.566926 -8.899462 -9.36468  -9.273562 -9.309928 -7.972216
 -8.035436 -9.307782 -8.343184 -7.427306 -9.080654 -9.664714 -7.073332
 -8.946152 -9.211676 -8.864314 -8.300554 -9.078856 -8.146738 -7.996518
 -5.78869  -6.188252 -7.470168 -9.230236 -7.582166 -6.909018 -9.81505
 -8.35896  -8.95839  -8.607722 -7.481652 -9.362128 -8.785202 -9.854258
 -9.394724 -7.246346 -8.594208 -8.299394 -7.952148 -9.19271  -6.879206
 -6.326118 -8.590496 -8.69362  -8.479368 -8.285706 -7.86973  -8.1664
 -7.542494 -6.720634 -9.943114 -8.750866 -9.09701  -7.413734 -8.030042
 -8.740484 -9.195552 -8.182582 -9.292412 -9.586704 -6.471698 -7.15836 ]"
640,"[-10.23555  -10.259098 -10.233636  -9.867076 -10.387742 -11.174918
 -10.159744  -9.969446 -10.554724 -10.413262 -10.331772 -10.157772
 -10.015034  -7.429568  -8.779982 -10.667882 -10.805806 -10.625426
 -10.054648 -10.169546  -9.470472  -9.382602  -8.35113   -8.932696
 -10.088694  -8.65969 ]"
641,"[-8.4883   -9.341596 -9.443734 -9.236674 -9.881054 -9.365666 -9.817022
 -8.15567  -9.539376 -7.613196 -7.095894 -8.996322 -7.308812]"
642,[-7.348542]
643,"[-10.21699   -9.866844 -10.72304   -9.598188 -10.97099  -11.766054
  -7.822866  -5.696876  -5.694846]"
644,"[ -7.925526  -9.049798  -9.59581   -9.096894  -9.472328  -9.40122
  -9.639426  -9.524992 -11.047608  -7.687552  -5.96762   -9.257148
  -8.674364  -9.391766  -9.20286   -9.046376  -8.685094  -8.537658
  -9.448606  -9.042084  -9.027758  -8.634402  -8.339762  -9.755774
  -6.324552  -5.055628  -5.394522  -6.981634  -9.143062  -8.260476
  -9.07874  -10.253008 -10.242916  -7.069852  -8.13827   -8.941222
  -9.240618  -9.028396  -8.832994  -8.919066 -10.18973   -9.08106
  -9.002934  -9.423608  -9.639368  -9.451738  -9.54622   -9.399886
  -9.553296  -9.79591   -9.634844 -10.09983   -9.400408  -8.450832
  -9.384516  -8.449034  -9.247868  -8.918428  -8.262796  -5.153822
  -5.681622  -9.311262  -7.868744  -9.652186  -8.098366  -7.147166
  -6.189702]"
645,"[ -9.02915   -9.70659   -9.087788  -8.18873   -9.291658  -8.889138
  -9.446518  -9.27623   -8.925794  -9.30146   -9.60219   -9.427378
  -8.605286  -8.891748  -9.094574  -8.643218  -8.396486  -9.714884
  -8.803878  -9.0741    -9.406846  -9.09353  -10.113576  -8.823366
  -9.982612  -8.568688  -9.021262  -8.63156  -10.990826  -9.65613
  -9.143236  -9.02741   -9.208312  -9.814006  -9.445938  -9.714072
  -9.435324  -8.74756   -8.696404  -9.358242  -8.51846  -10.188106
  -7.68355   -7.875762  -7.405324]"
646,"[ -7.565868  -6.523956  -8.883976  -9.91017  -10.197908  -9.810526
  -9.975652 -10.793916 -10.388264 -10.55368  -11.041634 -10.297088
  -9.020392  -9.151878  -7.809004  -8.25253   -7.770898  -8.90097
  -9.065226]"
647,"[ -9.425     -9.282262 -10.454616  -8.835488 -10.829528 -10.173896
  -8.869418 -10.049254  -9.33046   -8.26036  -10.47857   -9.15182
 -10.342444  -9.156576 -10.028896  -9.053452  -9.495586 -10.323768
  -7.791546  -8.39956   -8.660908  -7.622244  -8.834734  -9.503474
  -8.678656  -9.872238  -9.447562  -7.710636  -9.586298 -10.52555
  -9.83216   -7.79056   -7.661394  -7.40428   -9.32727   -9.75966
  -8.959492  -8.944006  -9.367928  -8.646988  -8.638346  -8.33518
  -8.195458  -8.207232  -8.150102  -8.067742  -7.581064  -8.23774
  -9.078044  -7.01075   -6.178044  -7.43705   -6.592976  -7.529212
  -8.18641   -8.497986  -8.538702  -8.264884  -8.645074  -8.35432
  -9.5497    -8.684166  -8.874348  -8.148362  -9.067836  -8.921792
  -8.770992  -8.391672  -8.991276  -8.458314  -8.526174  -9.136624
  -9.26637   -7.120834  -8.852134  -9.530038  -9.583572  -9.235862
  -9.375294  -9.053858  -7.871702  -8.81629   -9.566868  -8.695824
  -7.972042  -8.665026  -7.297618  -7.410718  -8.054924  -8.858282
  -9.601378  -9.274954  -9.699978  -9.537984 -10.169256 -10.03806
  -9.96585  -10.264956  -8.10289   -8.276716  -8.066988  -8.986172
  -8.269814 -10.619046  -9.674226  -9.262368  -9.315264  -9.451216
  -8.982054  -8.565266  -9.16516  -10.133296  -9.438688  -9.554282
 -10.009988  -9.322166  -7.68094   -8.50686 ]"
648,"[ -9.280174  -8.989942  -8.986694  -8.761886  -9.445532  -7.329692
  -6.77904   -8.899056  -8.07998  -10.6662   -10.315764 -10.066538
  -9.87305   -9.742028 -10.25179   -9.493904  -9.653578  -9.504692
 -10.148782  -8.842912  -9.56275  -10.338152 -10.391338 -10.33647
 -11.545132 -11.297182 -11.917666 -10.730754 -11.185706 -10.961362
 -11.603886 -10.541326  -9.049218 -10.762828 -11.327864 -10.946166
 -10.841534 -10.709468 -11.554296 -12.048978 -11.468862 -11.954612
 -10.502814 -10.788754 -10.814854 -11.485856 -10.258924  -8.046746
  -6.575808  -6.270032  -8.788334  -9.777176  -8.48946  -10.70506
  -9.37106   -9.853852  -8.170112 -10.078022 -10.099308  -9.677242
  -9.9789   -11.164594 -11.563344  -9.93453  -10.759116 -10.817986
 -10.840954 -10.623512 -11.60522  -11.098068 -11.978682 -12.016556
 -11.694946 -11.388648 -11.765938 -11.58666  -11.588864  -9.831696
  -9.743942  -8.93635   -9.198858  -8.599138  -7.371046  -7.880112
  -9.20083   -9.243808  -9.836394  -7.943912  -9.912606  -9.954192
 -10.10447   -9.31277   -9.968054 -10.045136 -10.165428  -9.33597
  -9.612224  -9.338754  -9.720452 -10.543588 -10.783418  -9.858956
 -11.010024 -10.896402 -10.812824 -10.71724  -10.602458 -10.765206
 -10.454616 -10.92865  -11.094008 -10.44725   -9.758442 -10.14014
 -10.81062   -9.916434 -10.005116 -10.18538  -11.18907  -10.762886
 -10.04241   -8.942672  -9.543262  -8.85138  -10.156206 -10.844724
 -10.45508  -10.694214 -10.079066 -11.339812 -11.34306  -11.031194
 -11.767562  -8.978632 -10.411116 -11.078464 -10.823148 -10.22047
 -10.588364 -10.860094 -10.385654 -10.162644  -9.700036 -11.357444
 -10.096814  -9.700558 -10.64996  -10.37475  -10.52294  -10.331656
  -9.695222  -9.01465   -9.833784  -9.209878  -9.625216  -7.634656
  -6.775038  -8.82876  -10.177318  -9.944448 -10.25208  -10.179812
 -10.881902  -9.33191  -11.1505   -10.914498 -10.646422 -10.905566
 -10.500378 -10.944484 -10.648104 -10.931608  -8.680164  -7.89989
  -9.381558  -8.412552 -10.667476 -10.340762 -10.41332   -8.297596
  -8.263782  -8.166284  -9.432076  -7.746364  -7.039634  -8.339762
  -8.678076  -9.245026 -10.596658  -8.919646  -7.614646  -8.565556
  -7.949886  -7.607338  -5.826854  -7.503692  -9.314162  -6.52848
  -5.28583   -7.62787   -8.37839   -9.264514  -8.835546  -6.955186
  -7.24362   -6.840114  -8.446018  -9.129954  -8.71537   -8.791234
  -7.967982  -9.080944  -9.964168  -9.52824  -10.171054  -9.891436
 -10.311182 -10.095132 -10.89211   -9.973912  -9.448142  -9.352036
  -9.939692  -9.69905   -8.77076   -9.465832 -10.287634  -8.486212
 -10.418656  -9.866206  -8.993596 -10.558088  -9.802348  -9.921016
  -9.665178  -8.598906  -8.361686  -8.894764  -9.257612  -7.065966
  -8.407796  -9.678982 -10.2805   -10.00529   -9.48706  -10.030636
  -8.10086   -8.2041    -9.771608  -9.966836 -10.354392  -9.159592
  -9.116324  -9.86261   -8.485226  -8.67854   -9.001542  -6.955244
  -8.891342  -9.13761   -9.88523   -8.76148   -9.900658  -9.124618
  -8.9349    -8.837402  -8.185366  -9.634264  -9.191492  -9.995894
  -7.384154  -8.559466  -6.888312  -7.630016  -9.075202  -9.042838
  -9.868236  -9.765402  -8.903174  -9.752294  -9.19068   -9.388866
  -8.572284  -8.590728  -9.566636  -9.917188 -10.300974  -9.621852
  -9.401278 -10.24773  -10.811722 -11.654462 -10.923372 -11.10729
 -11.218244  -8.81687   -9.908082 -10.3066   -10.342328  -8.853468
  -8.871738  -9.145672  -9.483406 -10.080574  -9.906632 -10.097568
 -10.822916  -8.785608 -10.56064  -10.675306  -9.346874 -10.490982
  -9.70195   -8.526464  -8.135196 -10.178362  -9.381268  -8.622802
  -9.381906  -9.801362  -9.627884 -10.841766 -10.601472 -11.22996
  -9.068474  -9.403018 -10.488662  -9.843354  -9.38585  -10.360134
 -10.491504 -10.571022 -10.49626  -10.72884   -9.792894  -9.624404
  -8.929796 -10.597296  -9.34583   -9.161274  -9.88001   -7.75054
  -7.178486  -6.40146   -6.208784  -8.226256  -7.91033   -8.420962
  -8.395152  -8.490736  -8.052488  -9.547786  -6.736062  -9.53375
  -7.279754  -8.49439   -7.117238  -8.4216    -7.60119   -6.388584
  -7.431192  -8.851554 -10.01834   -8.803414  -7.904414  -5.188622]"
649,"[ -9.40209  -10.543994 -10.05256   -6.889762  -7.69718   -7.983816
  -9.204774  -9.219506  -8.70087   -8.912976  -8.988086  -7.984396
  -8.82557   -9.36352  -10.000708  -9.239574  -8.928462  -9.110176
  -9.62307   -8.92214   -8.918138  -8.935538 -10.140604 -10.36779
 -10.171866 -10.25063   -9.457306  -8.478208  -8.001564  -8.359714
  -7.464426  -6.466072  -6.922938 -10.343372  -9.238646 -10.498174
 -10.639868 -10.269132 -10.068626  -8.538006  -8.89024   -8.687066
 -10.0427    -7.967924  -8.908684  -6.648192  -8.05475   -9.725846
  -7.822228  -8.418932  -9.575162 -11.279956  -9.40151   -9.024568
  -9.133086  -9.39165   -8.64693   -7.425044  -8.649714  -8.866866
  -7.742942  -8.163326  -8.70696   -7.91323   -7.825534  -9.096372
  -8.617466  -9.497732  -6.642798  -7.466514  -8.778706 -10.743456
 -11.463932 -10.188454 -12.819972 -12.06226  -12.814636 -12.743876
 -11.672906 -10.615972 -12.377084 -12.789406 -12.111212 -11.5855
 -11.962848 -11.976826 -11.205484 -11.526398 -12.36473  -12.224486
 -11.549424  -9.342118  -6.30663   -6.261622  -8.67564  -12.61703
 -10.38142  -12.53583  -12.173446 -12.959926 -10.582448 -11.549482
 -10.875    -11.438354 -11.493048 -11.236746 -11.009212 -11.050566
 -10.541848 -12.578924 -10.875406 -11.751902 -10.990188 -10.645146
 -12.606648 -11.328792 -12.081226 -12.383522 -10.232244  -9.87798
 -11.446242 -11.638396 -11.179616 -12.619814 -10.39186  -11.30565
 -11.36887  -10.98955   -9.162376  -8.538586  -9.818472  -9.753802
  -9.788254 -10.6111    -8.672914  -9.486364  -5.657262]"
650,"[-11.424666 -11.860478 -11.659972 -12.11156  -11.327922 -11.971954
 -10.45682  -10.949066 -10.386756 -11.816108 -10.485704 -10.250398
 -11.26853   -9.281218 -11.050914 -10.112822 -11.04581  -11.414458
 -11.443226 -11.448852  -9.804784  -8.597978  -8.591772  -9.33539
  -8.348578  -7.98979   -9.050204  -9.33249   -9.8165    -9.499472
  -9.1901    -8.198474  -9.269154  -7.425624  -7.583674  -7.897106
  -6.699058  -7.526544  -9.43109   -9.37541  -10.21148  -10.320404
  -9.62162   -9.225596  -7.9634    -8.41725   -9.749684  -6.909598
  -8.51266   -9.289628  -8.900448  -8.540848 -10.355552 -10.039162
  -9.674632  -9.931572  -9.804088  -9.150138  -8.233506  -8.597224
  -8.760494  -8.786304 -10.26832  -10.334556  -9.820328  -9.802058
  -8.970918  -6.385278  -8.027258  -7.626768]"
651,"[-16.450772 -16.251948 -15.776522 -16.202358 -15.768808 -16.05614
 -16.103526 -16.126552 -16.09384  -16.139022 -16.216974 -16.218946
 -15.92245  -15.85111  -15.665742 -15.739924 -15.472544 -16.32671
 -16.519386 -16.29423  -15.64637  -15.766198 -16.04222  -15.974708
 -16.136528 -16.508482 -15.619342 -15.805116 -15.88301  -15.869148
 -16.439578 -15.963282 -16.624076 -15.587442 -16.566134 -16.278164
 -16.386334 -16.11878  -15.971924 -16.030504 -16.071046 -16.323926
 -15.668236 -16.021572 -15.79514  -16.531566 -15.921986 -16.132468
 -16.259546 -16.169066 -16.474494 -15.75251  -16.499492 -15.25516
 -15.734356 -16.252296 -15.702108 -16.11066  -16.143372 -16.068668
 -16.350258 -15.604726 -16.15967  -16.391612 -15.877732 -15.649908
 -15.580656 -15.619632 -16.122434 -16.034738 -16.074352 -15.583614
 -15.530544 -15.125066 -12.570166 -10.406012 -11.080378 -11.6609
 -11.448562 -11.293992 -11.86709  -11.556442  -9.53955   -9.797302
  -9.247984  -9.619474  -9.49605   -9.172236  -8.482152  -7.936836
  -9.304824  -8.478324  -8.64722   -9.966488  -9.849792  -9.4627
 -10.355726  -8.493288  -9.033442 -10.398066 -10.232708 -10.273714
  -9.735184 -10.4574    -9.77938   -8.456922 -10.384842 -10.556638
 -10.205796  -8.606098  -8.933276  -9.376106  -9.27188   -8.920168
  -7.95789   -8.57617   -8.821626  -9.49779  -10.581984 -10.379332
 -10.17929  -10.480484 -10.450846 -10.655934  -9.908314 -10.17088
 -10.410826  -9.77938  -10.083184  -9.246882  -9.960166  -9.95512
  -9.183314  -8.931304  -9.968982 -10.319128  -8.992552  -8.201084
  -9.96614   -8.584348  -8.961     -9.280232  -8.95578   -9.582644
  -7.927904  -6.265624  -6.690416  -8.849292  -8.72958   -7.62149
  -6.94231   -8.128004 -10.113692 -10.568064  -9.025554  -7.028556
  -7.109524  -6.685428  -9.995256  -9.706416  -9.305462 -10.95243
 -11.156358 -10.712774 -10.184162 -10.480368 -10.23381  -10.392092
  -9.456204  -9.675038  -8.366152  -8.308674 -10.7068    -8.375374
  -8.47293  -10.391744  -9.623012 -10.7242   -10.826918 -10.952952
 -10.522244 -11.451056  -9.887144 -11.407266 -10.011612 -10.612144
  -8.80759  -10.39853  -10.144026 -10.730754 -11.030788 -10.729826
 -11.273344 -10.639288 -10.04763   -9.982438 -10.917108  -8.93287
  -9.006182  -9.620634  -9.426334  -7.926222  -7.181154 -11.003586
  -8.258678  -9.348498 -11.458596 -10.866358 -10.930912  -9.405048
 -10.670898  -9.280754  -8.269292  -9.69992   -7.196292]"
652,"[ -8.232752  -7.83435   -6.888602  -7.632626  -7.81173   -8.463882
  -7.041838  -7.877096  -7.438732  -8.345794  -7.967692  -7.758022
  -8.475076  -9.341074 -10.100758  -9.367754  -9.462352  -9.96179
  -9.684434 -10.025938  -8.147144  -8.038278  -9.648358  -9.21562
  -8.997192  -9.311958  -9.261962  -9.69441   -9.799274  -8.918196
  -7.770376  -7.340306 -10.007494  -9.276404  -6.31852   -7.349876
  -7.783194  -9.024336  -9.97455   -9.788022  -8.67158   -8.681788
  -9.41369   -8.975906  -9.502372  -9.992008  -8.797846  -9.284988
  -9.054032  -8.830732  -9.73588   -7.818458  -8.147898  -8.564454
  -8.42392   -7.88887   -8.322362  -7.897338  -8.334252  -8.602444
  -8.415568  -8.403272  -6.069468]"
653,"[-10.053604 -10.021878 -10.409782 -10.542022 -10.922966 -11.223464
  -9.464208 -10.1471    -9.637106  -9.096662  -9.677764  -9.55927
  -7.68964   -7.958296  -8.615204  -9.08918  -10.385306  -9.44733
  -8.892154  -6.319854]"
654,"[-10.21148   -8.32068   -8.883744  -9.854606 -10.117926  -9.499472
  -9.698006 -10.039626 -10.344822 -10.058128 -10.976036 -11.507838
 -10.129178 -10.932304 -10.562206  -8.994524 -10.074252 -10.196922
  -9.34206   -9.778974 -10.12071  -10.150638  -9.576032 -10.366224
  -9.707054 -10.406766 -10.698216 -10.828136 -10.47828  -10.605416
 -10.977892 -12.253776  -9.536534 -10.018108 -10.677626 -11.770926
 -10.071294  -9.824446  -9.75125   -9.923046 -10.126742 -10.847508
  -8.857296  -9.219854  -9.511768  -9.844746 -10.00094   -9.591866
 -10.601646 -10.600486 -10.98085  -11.100678  -9.99833  -10.331772
  -9.938242  -9.551382 -10.853946  -9.34409  -10.52932  -10.442958
  -9.568144  -8.413654 -10.23091   -9.5439    -9.83564   -8.811302
  -8.50918  -10.776632  -9.695976  -9.016564 -10.091188 -10.220702
  -9.835408 -10.426602 -10.869954 -10.639926  -9.450404  -9.525282
 -10.191006  -9.713144 -10.235782 -10.042004 -10.282646 -10.04241
 -10.270872 -10.361642 -10.520504 -10.69317  -10.406708 -10.997032
 -10.425906  -9.904486 -12.050834 -11.679866  -8.928404  -9.702646
 -10.619858  -8.229504  -7.520976  -8.998526  -9.107218  -8.293768
  -8.783636  -8.027896  -8.462664  -8.38709   -8.685094  -8.212568
  -8.558596  -8.230548  -8.053938  -8.48279   -8.388366  -7.946464
  -8.05446   -8.63997   -8.054924  -8.424384  -8.524434  -9.161216
  -9.062906  -8.013396  -8.294754  -8.20062   -6.740122]"
655,"[ -9.226814  -9.575162  -9.319092  -9.629566  -9.885694  -8.80962
  -9.268052  -9.164174  -9.28609   -9.694294  -9.415372  -9.321122
  -9.003166  -9.692612  -9.284408  -9.33452   -9.458872  -8.64403
  -7.7807    -9.631364  -9.34786   -9.109306  -9.682404  -9.266892
  -9.9876    -9.342814  -9.35482   -9.589546  -9.805422  -9.442516
  -8.878176  -8.981532  -9.24665   -9.550744  -9.68687   -8.852888
  -8.996032  -9.296994  -9.379934  -9.069054  -8.571472  -9.507186
  -9.122472  -8.88763   -9.530618  -9.10571   -9.47923   -9.25216
  -9.668252  -9.738026  -9.13384   -9.63873   -9.448258  -9.139582
  -9.159186  -9.79765   -8.987332  -9.637396  -9.57319   -9.05409
  -9.223566  -9.58015   -8.79773   -9.13326   -8.973876  -9.651142
  -9.299314  -9.47575   -9.442748  -9.62597   -9.049798  -8.95085
  -9.393854  -8.41841   -8.994466  -8.483196  -9.606714  -8.116172
  -6.893706  -6.257214  -7.44778   -8.628022 -10.16914   -8.636084
  -9.581484  -8.227242  -7.323196  -8.682368  -7.440646 -10.09461
  -9.590126  -8.540326  -5.744494]"
656,"[ -9.670456  -9.536244 -10.902028 -10.402532 -10.325624 -10.210668
 -11.45094   -9.4453   -10.586276  -9.30697  -10.18219   -9.700558
 -10.776458 -11.398624 -10.970062 -11.108508 -10.814564 -11.008922
 -11.290512 -11.217026 -11.166102 -11.109668 -11.090296 -11.379948
 -11.362548 -10.002506 -10.685166 -10.735046  -9.936444 -10.311298
  -9.998272 -11.167494 -10.5821   -11.395376 -10.423818 -11.496006
 -10.824598 -10.561626  -9.62249  -10.826396 -11.218476 -11.458828
 -10.945992 -11.471008  -9.712506  -9.226466  -9.831174 -11.575292
 -10.097568 -11.32711  -11.098068  -9.75386  -10.998888 -10.940888
 -10.253762 -10.459952 -10.748386 -11.15253  -10.126858 -10.545444
 -10.328872 -11.159084 -10.38432  -11.441254 -10.46349  -10.904928
 -11.06147  -10.977544 -11.488872 -10.665446 -11.26969   -9.934994
  -9.889232 -10.393136 -10.363324 -10.718284 -11.273344 -11.25287
 -11.148122 -10.604024 -11.643152 -10.820364 -11.956004 -11.202062
 -11.389634 -11.420838 -11.562764 -10.897852 -10.192746 -10.740614
  -6.754796  -5.07065 ]"
657,"[-10.009872 -10.006392 -10.431184 -10.351608 -10.241408  -9.271996
 -10.257184 -10.244192 -10.87036   -9.589488 -10.726984  -9.679504
 -10.428632 -11.046216 -10.590336 -11.576626  -9.027178  -7.378702
  -8.748894  -9.420592  -7.49447   -6.654398  -6.138314  -8.760842
  -9.304708  -9.697948  -9.730892  -9.68426   -9.43312   -9.327328
  -9.08019   -9.12253   -9.26956   -9.017202  -8.943136  -9.444778
  -9.078856  -9.20576   -9.594998  -9.451332  -9.228554  -6.478484
  -6.849162  -8.404026  -7.380326  -6.94782   -8.438188 -10.341574
  -9.872702  -9.60074  -10.227604  -9.485784  -9.650968  -8.89401
  -6.691112  -6.188368  -7.765968  -5.307986  -5.29366   -8.059796]"
658,"[-10.918732 -10.126916 -10.307702 -11.09221  -10.530248  -9.986382
 -11.33581  -10.78568  -10.767874  -9.13152   -7.755644  -6.221022
  -7.956904  -9.307608  -8.981648 -10.206608  -8.344692  -9.635598
  -9.409862 -10.059462  -8.662474 -10.067582  -6.294914  -8.64809
 -10.730928  -9.969794 -10.265594 -11.61218   -8.973122 -10.95098
  -9.83506  -10.818914 -11.297936 -10.694504 -10.92662  -11.379484
 -11.458074 -11.251072 -11.650866 -11.687116 -11.119992 -11.216968
 -11.581788 -10.590162 -11.05364  -11.224334 -11.728644 -11.37003
 -11.218766 -10.941236 -11.076086 -10.074774  -9.924438  -8.722736
  -9.697368  -7.714754  -8.203462  -8.402576 -10.241176 -10.306542
 -10.586914 -10.599152 -10.391686  -9.662742  -9.412936 -10.129526
  -9.493556  -9.445126  -9.5932    -8.251776  -8.108632  -8.692634
  -8.77308   -9.332722  -8.498044  -9.282552 -10.748792  -8.982402
  -7.910214  -9.063602  -9.027062 -10.409956 -10.13434   -9.229482
  -8.306238  -8.846102 -10.330206  -7.509318  -8.953112  -8.40855
  -8.72958   -8.81832   -8.298582  -7.85204   -9.217824  -8.82702
  -8.673146  -8.73567   -9.441936  -9.261556  -8.875102  -8.85602
  -8.793032  -8.099642  -8.999686  -8.9291    -8.962276  -8.861414
  -8.149232  -8.485458  -8.925446  -6.229664  -8.198068  -9.780656
 -10.064508  -9.86899   -9.620344  -8.962392  -9.171192  -9.360446
  -9.915332  -9.457074  -7.53304   -6.401982  -7.383516  -8.174462
  -9.305346  -8.394746  -9.57812   -8.972716  -9.121138  -9.25506
  -8.809504  -9.50707   -8.416554  -9.551266  -8.884208  -9.668136
  -9.311146  -9.7585    -7.65455   -8.724824  -8.229678  -9.649808
 -10.269364  -9.557994 -10.030868  -8.623556 -10.806676  -8.308848
  -8.958564  -9.250884  -9.959934  -9.846022  -9.784194  -9.485842
 -10.959216 -10.199358 -10.861486 -10.365122 -10.288562 -10.864154
  -9.917072  -9.728456  -9.908894 -10.19437   -9.574408  -9.57406
  -8.48772   -9.794982 -11.171496  -9.051422 -10.398878 -10.148434
 -10.550954  -9.134652  -9.304998  -8.157932  -8.960884  -7.762488
  -8.46046   -6.141562]"
659,"[ -8.363948  -8.991914  -6.300714  -8.026736 -10.231722  -9.35453
 -10.251964  -8.996322 -10.118332  -9.27942   -8.80121   -7.102216
  -8.078066  -8.477512  -6.152814  -6.847132  -9.976     -9.722888
  -9.593142  -8.209668  -9.375468  -9.19097   -9.193174  -8.79715
  -9.158954 -10.921632  -9.426102  -9.311668 -11.452042  -9.719582
  -9.565244 -11.638396 -10.561394 -10.985896 -11.597622  -9.07236
  -9.471226  -9.58131   -9.654738  -9.990906  -9.383472  -9.642384
 -10.673218 -11.46515  -10.079936  -9.077058  -9.879836 -10.501886
  -9.893582 -10.710164 -11.753816  -9.645922 -10.645726 -10.52584
 -10.29674  -10.903652  -9.548482 -11.16239  -11.029686 -10.846174
 -11.215866  -9.044926  -7.598464  -8.377288  -9.210284  -9.285916
  -8.41      -9.160346  -9.143352  -9.132332  -9.107566  -8.976776
  -9.206514  -9.291078  -8.799992  -9.10919   -9.290614  -9.457016
  -8.86269   -8.402402  -8.960304  -9.184648  -9.281392  -8.24267
  -8.637418  -8.448976  -9.083844  -8.17568   -9.19706   -8.200214
  -9.069286  -9.218636  -8.080154  -9.150312  -8.341676  -9.39455
  -9.400988  -9.073404  -9.38585   -9.228206  -8.80121   -8.86327
  -8.773138  -9.279014  -8.425138  -9.773464 -10.509832  -9.982844
  -8.83717   -8.159962  -8.212452  -9.351746  -8.151262  -8.858108
  -8.32851   -8.302004  -9.318802  -8.314996  -9.072882  -9.369146
  -9.356154  -9.253552  -8.827194  -8.905668  -9.413806  -8.846392
  -9.153966  -9.381558  -8.468754  -9.258076  -9.401278  -8.950386
  -8.680048  -9.164754  -8.980314  -8.166342  -9.106464  -8.54021
  -8.622512  -9.047826  -8.22933   -8.69623   -8.430068  -8.898128
  -7.854302  -8.878814  -9.776306 -10.123784 -10.615218 -10.145186
  -9.024858 -10.228242 -10.443306 -10.430024  -8.898302  -9.808554
  -9.109538  -8.966278  -9.577946  -9.45864  -10.30109   -9.937836
  -9.40934   -8.155032  -9.324544  -8.477802  -9.362592  -9.569478
 -10.444524  -9.681534 -10.071874  -9.238298  -9.148456  -5.765432]"
660,"[ -7.897164  -9.977276  -9.328662  -9.78054   -7.903776  -7.8155
  -8.331004  -8.587132  -8.710846  -9.096546  -9.19213   -8.547982
  -9.57638   -9.272576  -8.962044  -9.893118  -8.835836  -8.268364
  -7.72299   -6.09464   -8.13015   -9.655318  -8.437898  -9.652302
  -8.356698  -8.410348  -9.142598  -8.294928  -9.27971   -9.597376
  -8.233506  -8.44422   -9.319846  -8.082706  -9.738954 -10.010452
  -9.467108  -7.97964   -7.946174]"
661,[-8.572052 -6.891618]
662,"[ -7.960384  -8.579882  -8.394282  -8.408956  -8.60865   -9.477316
  -9.802406  -9.912548 -10.54556   -9.71007   -7.474924  -5.534882
  -5.419462  -7.528458 -10.86369   -7.45619   -6.519026  -8.226952
  -7.927034  -7.64266   -6.809374  -8.124872  -7.92251   -7.72473
  -8.541022  -9.729094 -10.062246 -10.127844 -11.397     -9.162666
 -10.083996  -8.840592 -10.369414  -9.277622  -9.421462  -9.549468
  -9.997286 -10.29268   -9.695512 -10.039858  -9.637918  -9.99833
 -10.240944 -10.482572 -10.769672 -10.148144 -10.251384 -10.558204
 -10.916354 -10.123784 -11.615834  -9.439268  -9.289512 -11.078
 -11.3129   -10.120768  -9.88175  -11.754396 -10.584014 -10.441914
  -8.991334 -11.066458 -10.566962  -9.048464 -10.089448 -11.29318
 -11.444154 -11.288888 -10.34314   -9.965502 -10.239146  -9.128794
 -10.227024  -9.93105  -10.156264  -9.919218 -10.273134  -9.757688
 -11.498558  -9.663322 -10.376258  -9.922408  -9.747654 -10.260606
  -9.881982 -10.027852 -10.211712  -9.735416 -10.269944  -8.87661
 -10.479208  -9.097184 -10.188512  -9.919856 -10.088694 -10.69201
  -9.516466  -9.752178  -9.892074  -9.8049   -10.276788  -9.891494
  -9.639484 -10.240596 -10.854294  -9.831232  -7.706924  -7.51332
  -8.25195  -10.654252  -9.782338 -11.385168 -10.377418 -10.609766
 -10.890196 -10.161194  -9.315902  -9.57551  -10.062362  -9.503764
  -9.82897  -10.103194 -10.328118 -10.220412  -9.726716 -11.059788
  -8.846798]"
663,"[-10.3182   -11.16732   -9.979422 -11.327806 -10.4052   -10.29761
 -10.62792  -10.93851  -10.540978 -10.550606 -10.81062   -9.660016
 -10.444582 -11.086294 -10.280732 -10.422078  -8.986462 -10.74682
  -9.749336  -8.611956  -8.965118 -12.13128  -13.44295  -13.29592
 -12.907726 -12.548184  -9.862784  -8.75278   -9.437644 -10.04357
  -9.687972 -10.210842 -10.215482 -10.727332  -9.807162  -9.985222
 -10.168038 -10.715964 -10.557856 -10.530306 -10.504786 -10.143214
  -8.718676  -8.441668  -8.927708  -9.825316  -9.684318 -10.894546
 -10.313618 -10.002622 -10.083532 -10.553506 -10.080864 -10.501016
 -10.175288 -10.10157  -10.753258 -10.452702 -10.173954 -10.334846
 -10.576242 -10.67838  -10.425558 -10.387336 -10.448352 -10.011902
 -10.28079  -10.030056 -10.256836  -9.974202 -10.254516 -10.41854
 -10.220064 -10.03313  -10.627688 -10.29152  -10.313618 -10.365296
  -9.517452 -10.403402 -10.313676 -10.297436 -10.029534  -9.777176
 -10.363324 -10.469464 -10.490982 -10.20162  -10.038524 -10.17059
  -9.947986 -10.22656  -10.294594 -10.298364 -10.277252 -10.344126
 -10.314952 -10.079588  -8.825976 -10.493244 -10.5734    -9.957324
  -9.823402 -10.512906 -10.323246 -10.290824  -9.996358 -10.439072
 -10.324406 -10.270176 -10.318548  -9.49518   -8.29342  -11.043722
 -10.188048 -10.382348  -8.943078  -6.429764  -8.306992  -9.947986
  -7.284916  -8.405998  -8.33402   -7.570914  -7.284626  -7.733778
  -6.935814  -7.602176  -9.72283   -9.308014  -9.105362  -7.387982
  -8.844362  -9.98093   -8.488242  -8.279442  -9.503822  -9.46009
  -9.02277   -9.809366  -9.128272 -10.08069   -9.810352  -9.696208
 -10.030694  -9.925076  -9.303954  -9.697542  -9.457944  -8.50106
  -8.7261    -6.870622  -7.10732   -8.92243  -10.792002  -8.897548
  -9.353312  -7.250928  -7.975696  -8.00545   -7.445054  -7.75518
  -8.876088  -8.262912  -8.1867    -8.1867    -9.301344  -9.858782
  -8.257576  -8.194472  -9.867714  -5.447882]"
664,"[ -9.113888  -9.075144  -9.454464  -9.24404   -9.860464  -9.892306
  -9.919914 -10.27354   -9.589662 -10.311646  -9.243286 -10.123842
 -10.677278  -7.81521   -5.601466  -7.682274  -7.255104  -7.812542
  -7.675314  -7.361476  -8.251834  -8.000926  -9.646908  -9.52766
 -10.452702 -11.39381  -10.25614  -12.131048 -11.748886 -11.353674
 -11.474778 -11.234716 -12.060056 -12.10866  -10.897446 -12.129946
 -11.787746 -11.573436 -11.712694 -10.404678 -11.750394 -10.576648
 -10.467956 -11.188258 -11.333664 -10.429386  -8.947718  -9.265094
  -8.789494  -9.433816 -10.987172  -9.864118  -9.650562 -10.527406
 -10.517488 -11.472864 -11.401176 -11.064776 -10.573052 -11.09917
 -10.889384 -10.094146  -9.826534 -11.281522 -11.206006 -10.92662
 -10.848494 -10.842926 -10.924474 -11.40164  -11.302286 -11.008516
 -10.376316 -10.72942   -9.808264 -11.431336 -10.733306 -11.235818
 -10.985548 -10.287924 -10.362512 -10.468362 -11.197712 -10.284502
 -11.049    -10.249644 -11.282508 -10.906088  -9.492976  -8.854338
  -8.257344  -8.382972  -9.87218   -6.686298]"
665,[-9.708678 -8.482152 -8.565266 -8.243772 -7.896236 -5.979452]
666,"[-10.921342 -10.021878 -10.24483   -9.325298  -7.927498  -9.889696
  -8.895344  -8.31662   -5.92731 ]"
667,"[ -7.84566  -10.012192  -9.617734  -8.190934  -8.455878  -8.809562
  -8.229562  -8.31024   -8.486792  -9.5816    -9.499762 -10.101164
 -11.372176 -10.676234 -10.9852   -11.578482 -10.866996 -11.257974
  -9.17995   -6.842898  -5.782194  -6.529814  -6.806648  -6.82718
  -5.238386]"
668,"[ -9.57841  -10.194776  -8.750054  -8.979676  -9.660712 -10.096582
  -6.056186  -6.7773    -9.360098  -8.628602  -9.140394  -7.111728
  -6.231868  -8.372764  -8.040482  -8.253342  -8.17017   -7.379746
  -9.986962  -9.573016 -10.04212   -9.782686  -9.994096  -9.64279
 -10.381014 -11.027134  -8.431634  -9.79591   -9.248158  -7.27407
  -8.908162 -11.31464  -10.643174 -10.952024 -10.137066  -9.678344
  -8.135486  -6.262318  -8.151726  -6.644306  -7.957078  -8.373286
  -9.423202  -9.264166  -9.154894  -9.67121   -8.881888  -9.342002
  -8.993828  -8.821336  -8.032072  -8.745646 -10.135848 -10.06097
 -10.476656 -10.226618  -9.629334 -10.331366  -9.808496  -9.464672
  -9.507244  -8.4448    -9.648706 -10.072976  -9.884244  -9.355574
  -9.708678 -10.287924  -8.483892  -8.31488  -10.241408 -10.083996
 -10.181726  -9.729732 -10.453224  -9.668252  -9.289976  -9.670398
 -10.104064  -9.672776  -9.99862  -10.039394 -10.08243   -9.388576
  -9.165624  -9.455508  -9.598594  -9.758036  -8.799354  -7.886434
  -9.100432  -9.847588  -9.591228  -9.942476  -9.550512  -9.691452
  -9.821662  -8.679642  -8.531452  -8.679062  -9.288642  -7.909866
  -7.802856  -6.924678  -8.47815   -8.787754  -9.49924  -10.458618
  -9.29392   -9.54042   -9.367986  -8.961348  -9.46154   -9.018768
  -9.575568  -9.320542 -10.083358  -9.068532  -9.36265   -9.688088
  -6.00648 ]"
669,"[ -8.166574  -7.417562  -8.108864  -9.99224  -10.10911   -8.542008
  -9.670572  -8.9581   -10.429038 -10.134456  -8.557436  -5.894018
  -7.32308   -9.016158  -8.472118  -8.8943    -8.449962  -8.726564
  -8.257634  -9.12862   -8.012236  -7.731052  -9.104318  -9.28406
  -9.782106  -8.627326  -7.83841   -6.953968  -9.673762 -10.343952
 -10.025242  -9.999258  -8.062058  -9.263064  -8.453674 -10.85093
  -9.065284 -10.247266 -10.022168  -9.478012  -8.14204   -7.58814
  -7.916594  -9.58102   -8.407158  -9.334114  -9.51896   -9.13935
  -9.074042  -9.750728 -10.397254  -9.871078 -10.521548 -10.443654
  -9.464846 -10.146172 -10.396442  -9.968982 -10.969366  -9.256336
  -9.081756  -8.437144 -11.11947   -9.35163   -8.522462 -10.177782
 -10.194486  -9.692032 -11.352224 -10.681106 -10.43623  -10.865836
  -9.646096  -9.778162 -10.146636  -8.8479    -8.599196  -7.578512
  -7.83087   -7.186142  -6.367588  -9.01262   -7.28277   -8.74524
  -8.169184  -8.949574 -10.602342 -10.814622 -11.458944 -10.802384
  -9.994386  -8.565324  -8.59009   -9.13123   -9.404584  -8.180262
  -8.410696  -8.49149   -7.33004   -6.642508  -7.862944 -10.313038
 -10.479904 -10.164384 -10.255908  -9.333534  -7.154648  -6.25153
  -8.58806   -7.066604  -6.61954   -7.876458  -9.126416  -8.62692
  -9.883142  -9.075666  -7.98979   -8.303976  -8.640666  -8.356872
  -8.636548  -8.999628  -8.452746  -8.279268  -8.792916  -9.557762
  -6.355408  -6.612406  -9.256104 -10.229924  -8.161992  -8.609288]"
670,"[ -8.163326  -8.485864  -7.120544  -6.553942  -7.9634    -8.311806
  -9.042838  -9.204078  -8.756144  -9.338116  -8.09187   -9.04713
  -8.781258  -9.257148  -8.887282  -8.388656  -6.942774  -5.466094
  -6.646626  -7.117238  -6.925374  -7.488728  -8.936176  -7.937532
  -7.123154  -6.523898  -7.822982  -6.937438  -9.149152  -9.493904
  -9.360272  -8.912976  -6.580796  -6.824918  -7.893046  -9.8078
  -8.933044  -9.131288  -8.877248  -9.402496  -8.052952  -8.35809
 -10.51511  -10.640622 -11.493396 -11.279492  -9.390838  -7.285786
  -5.477694]"
671,"[ -9.522904  -9.633452  -9.94961   -9.175542  -9.66744   -9.132912
  -9.552774  -9.564026  -9.958368  -9.71993   -8.295682  -9.819516
  -8.20294   -8.770702  -7.543712  -6.662112  -9.060992  -9.023524
  -9.889754 -10.886542 -10.747574 -11.070982 -10.360192  -8.841636
  -9.27536   -8.40884   -8.410174  -7.308986  -9.859594  -8.200272
  -9.024104  -8.581448  -7.17721   -9.207964  -9.454348  -9.96991
  -9.134536  -8.83891  -11.062978 -10.793568  -9.012388  -9.717204
  -9.52563   -9.920436  -9.099794  -9.00972   -7.336768  -6.05955 ]"
672,"[ -8.213786  -7.62468   -8.106196  -7.686798  -8.752084  -8.839838
  -8.849698  -9.402844  -7.962066  -7.616502  -7.677634 -10.110328
  -8.84384   -9.757514  -8.86791   -9.360446  -8.147144  -9.656246
  -8.811592  -8.9465    -8.777662  -9.93598   -9.513624  -9.970896
  -9.616864 -10.366572  -8.67825   -9.342408  -9.49025   -9.055714
 -10.262926  -9.086164  -8.670304  -8.908684  -9.581716 -10.01602
 -10.271336  -7.62874   -5.286642  -6.175666  -8.950154  -8.85892
  -6.090696]"
673,"[ -9.28928   -9.302736  -9.205644  -9.21881   -8.7232    -8.715602
  -9.567332  -9.011982  -9.438398  -9.075782  -9.282204  -9.120558
  -9.035936  -9.041968  -9.14486   -9.053104  -9.392984  -8.848944
  -9.135986  -9.76053   -8.735786  -9.044114  -9.523426  -9.127692
  -8.321898  -9.301924  -9.121776  -8.977646  -9.55028   -9.103042
  -8.778126  -9.553644  -9.249434  -8.80034   -8.919182  -8.620018
  -8.898998  -9.092486  -9.49663   -9.48445   -8.989246  -9.505214
  -8.992494  -9.565012  -9.35859   -9.639484  -8.927012 -10.190252
  -9.45168   -9.185808 -10.138458  -9.177862  -9.411602 -10.04096
  -9.666628  -9.118644  -8.957752  -9.386082  -9.803218  -8.998062
  -9.146774  -8.96274   -9.21997   -9.857216  -8.650178  -8.992436
  -9.096662  -9.045854  -9.271184  -9.50388   -8.865996  -9.672254
  -9.12775   -9.266718 -10.016426  -8.918486  -9.003282  -9.650214
  -8.919994 -10.196052 -10.379158 -10.763466 -10.413262  -9.877516
  -8.97521   -9.52679   -8.834966  -9.346584  -9.116324  -9.366884
  -9.531604  -8.89778   -9.8803    -9.338116  -9.591402  -9.64888
  -9.307666  -9.65352   -9.07207   -9.426914  -9.045738  -9.207036
  -9.052988  -9.32466   -9.147064  -9.181864  -9.478766  -8.942962
  -9.61698   -9.12282   -9.545466  -9.18604   -9.456958  -9.096894
  -9.06743   -9.332316  -9.082858  -9.271648  -8.706206  -9.238762
  -8.839084  -9.451274  -8.96332   -9.09498   -9.114236  -9.367638
  -9.791966  -9.075086  -9.596854  -9.30059   -9.511826  -9.298212
  -9.906632  -9.643196  -9.39107   -9.102056  -9.107276  -8.783114
  -8.10463   -8.913092  -8.891052  -7.632104  -9.614196 -10.177144
  -9.225074  -9.527196  -8.680454  -9.211966  -9.5671    -9.126416
  -9.730602  -8.739034  -9.256626  -8.931942  -9.381558  -9.287366
  -9.633684  -9.152806  -9.386604  -9.192536  -8.89691   -9.158664
  -9.245896  -9.891958  -9.32988   -9.353544  -9.53984   -9.28174
  -8.993944  -9.670804  -8.85225   -9.892248  -9.908372  -9.399306
  -9.628696  -9.578468  -9.208718  -9.967938  -9.391882  -8.68231
 -10.099656 -10.740904  -9.209878  -9.114642  -9.984932  -8.610274
  -8.55007   -9.151878  -9.067952  -9.374076  -8.554362  -9.516118
  -9.14022   -9.41282   -9.219158  -9.439674  -8.729522  -9.397508
  -9.262368  -9.044404  -9.114294  -9.555268 -10.068104  -9.209066
 -10.043686  -9.060702  -9.798462  -8.829688  -8.248122  -8.565324
  -9.043012  -9.010648  -9.134652  -9.346642  -8.909612  -8.972078
  -9.340668  -9.409108  -9.61176   -8.950212  -9.670456  -8.644088
  -9.147528  -9.57406   -9.425232  -9.543204  -9.414212  -9.139814
  -9.098576  -9.55173   -8.964654  -9.043418 -10.512326 -10.309268
  -9.386662  -9.583398  -9.47778   -9.256858  -9.138886  -8.968076
 -10.157772  -9.883142  -9.901934 -10.550896  -9.468326  -7.804596
  -8.894242  -6.659386  -8.153756  -7.4588    -6.337428  -8.431344
  -9.250884  -9.222232  -7.813122  -7.336304  -5.10168   -6.328786
  -8.192964  -7.15285   -9.407426 -10.146462  -9.12717   -8.30937
  -7.734706  -7.50375   -8.990928  -8.64867   -9.186504  -9.317236
  -9.440312  -9.013258  -8.692692  -9.745334  -8.633068  -8.296552
  -6.039656  -6.714718  -7.408456  -6.73525   -8.470088  -7.598928
  -8.319172  -5.765432]"
674,"[ -8.495318  -8.820292  -6.890516  -8.21657   -9.86957   -7.660002
  -8.682542  -8.253806  -8.624658  -8.031202  -8.625992  -7.76939
  -8.085084  -8.957404  -8.178232  -7.60612  -10.893908 -10.744732
 -11.101606 -10.918848 -10.660458  -8.76902  -10.065436 -11.033166
 -10.401314  -9.972926 -11.278912 -11.462482 -10.909684 -10.805864
 -10.064914  -9.109248  -9.83129   -9.687044  -9.425116  -9.649402
  -9.73588   -9.332432  -7.752396  -6.183786  -8.556972  -8.324334
  -8.7232    -7.94774   -8.776038  -7.942984  -8.530756  -9.220782
  -7.89902   -8.93084   -8.954562  -8.89256   -6.576388  -6.319564
  -8.342372  -6.604286]"
675,"[-12.904304 -12.79219  -12.943454 -12.777458 -13.07146  -12.592902
 -12.423252 -12.233012 -12.518952 -12.970366 -12.820436 -12.698752
 -12.593018 -12.877682 -12.93835  -12.490126 -12.729782 -12.60862
 -12.823858 -12.472958 -12.946528 -13.16455  -12.517966 -12.90384
 -12.866372 -11.478954 -12.682164 -12.921298 -12.734248 -12.85193
 -12.747472 -12.289156 -12.63211  -12.806748 -12.94937  -11.977
 -12.251688 -12.59905  -12.952444 -12.988346 -12.322158 -12.591626
 -12.841026 -12.714006 -12.333004 -12.62979  -12.914976 -12.921646
 -12.468608 -12.606532 -12.67561  -12.849958 -12.688776 -12.9775
 -13.01172  -12.93603  -13.011024 -12.940322 -12.903318 -12.96068
 -11.859782 -13.030918 -12.855178 -13.27881  -12.734016 -12.645392
 -12.782272 -12.633154 -12.659486 -12.394542 -12.816376 -12.528174
 -12.806458 -12.618016 -12.75188  -12.725432 -12.178724 -12.816434
 -12.902158 -12.361134 -12.641564 -13.149064 -12.745442 -12.960216
 -12.690516 -12.1191   -12.8847   -12.986084 -12.74985  -12.395296
 -12.177332 -12.225936 -12.898098 -12.815158 -12.930462 -12.924024
 -11.542812 -12.817072 -13.015954 -13.137058 -13.018738 -12.804544
 -12.726534 -12.779604 -12.56483  -12.65879  -12.735118 -12.875072
 -12.60166  -12.541282 -12.854946 -12.605778 -12.847464 -12.701014
 -12.772296 -12.578344 -12.801702 -12.82931  -12.987418 -12.809706
 -12.443378 -12.31021  -12.299944 -12.890674 -12.882496 -12.731406
 -12.762262 -12.317924 -12.612158 -13.111074 -12.807792 -11.93524
 -12.864284 -12.954474 -13.024306 -12.702812 -12.023574 -12.941076
 -12.264448 -12.901114 -12.616044 -12.693706 -12.95836  -12.801006
 -13.005862 -12.652932 -12.907436 -13.151616 -12.322042 -12.62805
 -12.751126 -12.68489  -12.843752 -12.589016 -12.844912 -12.995712
 -12.921994 -12.95894  -12.56947  -12.518256 -12.145954 -12.929824
 -12.92791  -12.818    -13.11467  -12.245598 -12.035    -12.494708
 -12.878262 -12.862486 -12.85396  -12.60775  -12.595454 -12.769976
 -12.839634 -13.091064 -12.888876 -12.794452 -12.512224 -12.652236
 -12.718356 -12.835168 -13.050406 -12.54888  -12.994146 -12.942236
 -12.875246 -12.863066 -12.851524 -12.816086 -12.3395   -12.48595
 -12.695272 -12.765626 -12.828672 -12.630196 -12.531074 -12.637388
 -12.619002 -12.556884 -12.629326 -12.725026 -12.578112 -12.74115
 -12.997046 -12.923212 -12.700666 -12.713658 -12.627412 -12.45376
 -12.801934 -12.939568 -12.555666 -12.58252  -11.433714 -11.846906
 -12.042192 -12.609548 -13.01172  -12.413392 -12.692256 -12.265144
 -12.49146  -12.673232 -13.008878 -11.833566 -12.949196 -12.17159
 -12.606358 -12.237072 -12.426268 -10.967046 -12.843462 -12.85106
 -12.749154 -12.635938 -12.739758 -12.375228 -12.7397   -13.128416
 -12.683498 -12.782446 -12.881162 -12.753852 -12.537106 -12.417916
 -12.257372 -12.216598 -12.601544 -12.47261  -12.721372 -12.576256
 -12.973034 -12.55468  -13.163564 -12.617436 -11.962384 -13.020362
 -12.530262 -12.344836 -12.476264 -12.428762 -12.781286 -12.651598
 -12.521968 -12.923386 -12.90732  -12.539136 -12.75913  -13.041242
 -11.639962 -11.442414 -12.231794 -13.153588 -12.4497   -12.634024
 -12.892588 -12.442682 -12.944962 -12.914918 -12.493316 -12.99461
 -11.717914 -12.418844 -12.301162 -12.691618 -12.666678 -13.172206
 -12.937248 -12.789638 -12.230344 -12.69736  -12.815622 -12.824206
 -12.64516  -13.039676 -12.74811  -12.879016 -12.491576 -12.997742
 -12.69359  -12.649452 -12.66923  -12.455326 -12.772528 -12.892182
 -12.4845   -12.841722 -12.726302 -13.029758 -12.361772 -12.376678
 -12.7078   -12.28556  -12.90935  -13.022102 -12.420236 -12.537454
 -12.13476  -12.697302 -12.478062 -11.543102 -11.96366  -12.266652
 -11.364114 -11.309536 -12.94937  -11.921726 -12.418206 -12.447902
 -12.90268  -12.748632 -12.646842 -12.409158 -12.956446 -12.67677
 -12.963464 -12.483746 -12.81829  -12.618654 -12.248266 -12.886266
 -12.745268 -12.837778 -12.453064 -12.468434 -12.71186  -12.829136
 -12.556362 -12.436476 -12.896068 -12.890268 -12.91515  -12.975122
 -12.921588 -12.358698 -12.669114 -12.859238 -12.9253   -12.962768
 -12.445176 -12.40533  -13.026742 -12.544588 -12.284516 -12.613434
 -12.929708 -12.775718 -12.395354 -12.077572 -12.445814 -13.076912
 -12.833138 -12.505032 -12.999018 -12.97199  -12.29223  -12.74173
 -12.762088 -12.531074 -12.84323  -12.648118 -12.499464 -12.61935
 -12.776994 -12.75304  -12.732044 -12.905812 -12.959114 -12.412812
 -12.709134 -12.657804 -12.435026 -12.404228 -12.80495  -13.254798
 -13.074476 -12.661458 -12.167414 -12.405214]"
676,"[-10.116244 -11.382268 -10.726404  -7.76678   -8.710324  -8.811244
  -7.046884  -5.614632  -5.130564  -6.403316 -11.240806 -10.52091
 -11.065936 -11.561604 -11.55128  -10.866416 -11.32421  -11.288076
 -11.896032 -12.01267  -11.05016  -11.84853  -11.543044 -11.68526
 -11.938256 -11.928512 -11.966676 -11.244808 -11.422114 -11.518916
 -10.906146 -11.474256 -11.959832 -10.471494 -10.128888 -11.752134
  -9.646676 -11.226886 -11.449374 -11.338536 -11.167784 -10.860732
  -9.838192 -11.65336  -10.337398 -11.252    -11.30188  -11.039024
 -10.803486 -11.068952 -11.469732 -11.44398  -11.019826 -12.061796
 -11.115584  -9.629856  -9.748582  -8.155032  -8.262622  -7.063878
  -8.388946 -10.200866  -6.015528]"
677,"[ -9.498602 -10.090202  -8.906422 -10.072512  -9.885462  -9.62394
 -10.090724  -9.762328 -10.145882  -9.68687  -10.634764  -9.982728
  -9.544828 -10.339834  -9.566172  -8.373286  -9.546046  -8.675408
  -9.951234  -8.580056 -10.243148  -8.952474 -10.179638  -9.710244
  -9.758848 -10.117172 -10.499392  -9.438862  -9.599754 -10.000998
 -10.522012 -10.09345  -10.483616 -10.098902 -10.175578  -9.524818
 -10.138632  -9.64337  -10.278064  -9.335042  -9.715754  -9.749162
 -10.062884 -10.617074  -9.582238  -9.796548  -9.416996  -9.423724
 -10.054242 -10.504496 -11.095168 -11.172308 -10.897504 -10.42231
 -10.067814  -8.996844 -11.278564  -9.502836 -11.148296  -7.860682
  -7.130752  -8.195748  -8.257866  -8.486038  -8.440276  -8.698492
  -6.941208  -7.51767   -8.10492   -8.248934]"
678,"[ -8.413654  -8.26964   -8.421194  -9.70891   -8.263318  -8.942324
  -7.773914  -7.31873   -8.569558 -10.074194  -9.682868 -10.736322
 -10.707786  -9.948972 -10.281196 -10.530074 -10.870534  -9.813426
 -10.73232   -9.942708  -9.296472 -10.228706 -10.79467  -10.296624
  -9.70311   -8.302816  -5.749772]"
679,"[ -9.43573  -10.195588  -9.007168  -8.047674  -8.753882  -8.406984
  -7.092878  -8.681614  -8.393586  -8.964886  -8.814086  -8.608766
  -8.143374  -8.107008  -8.500422  -8.296784  -8.485168  -7.904124
  -8.75916   -7.16735   -7.671312  -8.214424  -8.013686  -7.301562
  -8.215236  -9.106116  -9.036516  -9.652998  -9.399944  -9.431322
  -9.205934  -8.502162  -9.733676  -8.588466  -9.038836  -9.460728
  -9.089122  -8.588176  -8.255604  -8.121914  -7.352138  -6.718082
  -6.792902  -6.498262  -8.405128  -8.753592  -7.609194  -8.09622
  -8.707424  -8.30386   -9.75531   -8.90213   -8.997076  -8.468522
  -9.640644  -8.946558 -10.339718  -9.694932  -7.226162  -7.619982
  -7.490352  -9.533924  -7.166538  -9.607294  -6.118478]"
680,"[-10.920762 -10.458792  -9.934008  -8.96593   -8.977124  -8.119304
  -8.165182  -8.45872   -8.404722  -7.99936   -8.523274  -8.458314
  -7.936778  -8.898476  -9.25216   -9.260512  -8.94447   -9.211386
  -9.41775   -9.34902   -9.039706  -9.494774  -9.258018  -9.153212
  -9.41456   -9.159534  -9.475866  -9.245084  -9.373844  -9.25071
  -9.130186  -9.315206  -8.98362   -9.122878  -8.8421    -9.82955
  -9.28957   -9.088426  -9.437412  -9.11731   -9.34902   -9.356328
  -9.292528  -8.941802  -8.883048  -9.542566  -9.087556  -9.425464
  -8.89575   -9.595346  -8.811882  -9.377324  -9.483116  -9.191202
  -9.262832  -9.060238  -9.149616  -9.13819   -9.410384  -9.354936
  -9.474126  -9.324312  -9.396986  -8.829224  -9.305694  -8.958854
  -9.298502  -9.250362  -9.80374   -9.23534   -8.870288  -9.13123
  -8.963088  -8.928578  -8.957636 -10.361468  -9.485262  -9.04162
 -10.781852  -9.320948  -9.938764  -9.847356  -9.605206  -9.326052
  -9.047246  -9.579512  -9.301344  -9.47662   -9.08512   -9.272286
  -8.76264  -10.095538  -8.662242  -9.90524   -9.096546  -9.17299
  -9.62191   -8.915992  -9.788312  -8.422354  -8.724128 -10.051864
  -9.38121   -8.980198  -9.546162  -9.227974  -9.314162  -9.226466
  -9.303374  -9.24955   -9.466296  -9.227336  -9.093298  -9.008096
  -9.79359   -9.199206  -9.267182  -9.01552   -9.225944  -9.684724
  -8.984432  -9.087498  -9.346758 -10.126452  -9.060006  -8.711716
  -8.694432  -8.645306  -9.990268  -9.967532  -8.86182   -8.557494
 -10.012714  -9.502024  -9.105884  -9.182328  -9.234586  -8.968424
  -9.250014  -9.017666  -8.994466  -9.23998   -9.381442  -9.38846
  -9.511536  -9.14689   -9.205238  -9.501676  -9.152226  -9.345366
  -9.030716  -9.371698  -9.69528   -9.123226  -8.974804  -9.205238
  -9.178732  -9.266022  -9.011634  -9.417576  -8.685152  -9.140104
  -9.074448  -9.30668   -8.938032  -8.679294  -9.188476  -9.081582
  -9.258482  -9.509506  -9.13703   -8.717748  -9.14573   -9.232962
  -8.889892  -8.432272  -8.477338  -8.987332  -9.571392  -9.117194
  -9.346758  -8.767918  -9.077058  -9.068242  -8.417134  -8.954736
  -8.279558  -8.956418  -8.728594  -8.969642  -9.316656  -8.19569
  -9.184938  -9.534214  -8.655572  -9.491642  -9.05728   -9.609208
 -10.241234  -9.287714 -10.66881  -10.008364  -9.759834 -10.329974
  -9.356792  -8.259316  -9.186272  -9.451854 -10.068568 -10.422426
  -8.506222  -9.388054  -9.068358  -8.572922  -8.448802  -7.3051
  -8.52194   -9.26086   -9.538448  -9.451216  -9.792372  -9.03524
  -9.328024  -9.212024  -9.246186 -10.64851  -10.59283  -10.073672
  -9.200366  -8.770006 -10.59225  -10.479208  -9.12717   -9.196364
 -10.481064  -7.968156  -6.711122  -7.111438  -9.36671   -9.321412
  -8.138966  -8.00429   -7.716436  -7.572132  -9.910924  -8.645016
  -8.779982  -9.582934  -9.32524   -8.95375   -8.470552  -9.19271
  -9.300416  -9.60509   -9.310334  -9.358996  -9.020334  -8.498102
  -6.481036  -6.724114  -6.153916  -7.918334  -7.433686  -6.411204
  -7.477534  -8.212162  -7.96282   -8.311342  -8.913788  -8.92852
  -8.40623   -9.077928  -9.251812  -9.255234 -11.005674 -10.259678
  -9.879836  -9.81534  -10.125002  -9.944506 -10.517952 -10.637606
 -10.32777  -10.283458 -10.445684 -10.235956 -10.114272  -9.942998
 -10.673276 -10.699608 -10.403866 -10.688936 -10.34836  -10.510296
  -9.404932 -10.045426 -10.1935   -10.427878 -10.211538 -10.071236
 -10.110908 -10.19756  -10.194776 -10.00935  -10.223718  -9.789356
 -10.602516  -9.958774  -9.69354  -10.53686   -9.651316 -10.417902
 -10.586914 -10.805748 -10.00413  -10.10331  -10.066828 -10.210146
 -10.120188 -10.093682  -9.0045    -9.586414  -9.427668  -9.722424
  -9.241546 -10.535468  -9.910692  -9.40296  -10.036262 -10.326378
 -10.571022 -10.05053   -9.734256  -9.297516 -10.004942 -10.587958
 -10.1326   -10.35242  -10.339312  -9.965908 -10.385596 -10.6517
 -10.602168 -10.522534 -10.572472 -10.283864 -10.551476 -10.330206
 -10.436752 -10.222732 -10.29761  -10.330322  -9.751366  -9.473604
  -9.600044 -10.046354 -10.258692  -9.258366 -10.162354 -10.463722
 -10.069612 -10.242336 -10.291056 -10.59776  -10.69636  -10.597064
 -10.425558 -10.633372  -9.70021   -9.41079  -10.264898 -10.124596
 -10.292738 -10.438724 -10.458908 -10.511978 -10.56963   -9.838192
  -9.786456  -9.608744 -10.538832 -10.611796 -10.490344  -9.934124
 -10.246106 -10.262984 -10.385828 -10.107022 -10.450788 -10.753374
 -10.381768 -10.28688  -10.347954 -10.233868 -10.160324 -10.538832
  -9.658218 -10.724316  -9.571218 -10.76567 ]"
681,"[-9.685942 -9.479868 -9.509912 -9.8861   -9.393622 -9.300184 -9.358938
 -9.068938 -9.022886 -9.110002 -8.796918 -9.036516 -8.85457  -9.21388
 -9.36265  -9.62713  -9.47952  -9.577888 -9.52215  -9.162376 -9.314336
 -9.62133  -9.489032 -9.558922 -9.543726 -9.069634 -9.314684 -9.238008
 -9.270082 -9.251174 -9.230526 -9.447098 -9.531314 -9.114584 -9.350006
 -9.357662 -9.553702 -9.578062 -8.872782 -9.395942 -9.234586 -9.227104
 -9.07004  -9.324428 -9.322572 -9.506606 -9.458002 -9.305404 -9.126532
 -9.089586 -9.548888 -9.476504 -8.892038 -9.43109  -9.619764 -8.856716
 -9.18836  -9.245896 -9.30813  -8.886354 -9.122298 -8.89981  -8.86617
 -9.690524 -9.52215  -9.455044 -9.54477  -9.373554 -8.955954 -9.197872
 -9.44124  -8.992958 -9.305636 -9.297284 -9.55347  -9.512232 -9.711694
 -8.884324 -8.90358  -9.079088 -9.565302 -9.020914 -9.5207   -9.546278
 -9.456842 -9.25129  -9.432308 -9.506664 -8.933624 -9.370016 -9.280058
 -9.069692 -9.243518 -9.293514 -9.14834  -9.402264 -9.644124 -9.372046
 -9.462178 -9.291426 -9.209472 -9.294094 -9.46357  -9.653462 -9.451274
 -9.351804 -9.128272 -9.261498 -9.38324  -9.175484 -9.602538 -9.167828
 -9.398378 -9.639542 -9.316134 -9.65642  -9.410558 -9.142424 -8.658936
 -8.922488 -9.59407  -9.400408 -9.277796 -9.461018 -9.442806 -9.299604
 -9.405918 -9.77271  -9.541464 -9.314104 -9.177108 -9.295776 -9.433526
 -9.237602 -8.447874 -9.248796 -9.44298  -8.929506 -9.09498  -9.211212
 -9.456146 -8.669782 -9.186504 -8.71682  -9.2191   -9.49315  -9.321238
 -9.378368 -9.495296 -9.465658 -9.179486 -9.438688 -9.370538 -8.864662
 -9.475286 -9.370422 -9.530792 -9.236616 -9.41688  -9.157388 -9.572784
 -9.551962 -9.843006 -9.182676 -9.474474 -9.53404  -8.877132 -9.268574
 -9.022306 -9.31538  -9.175368 -9.44472  -9.211328 -9.140394 -8.864082
 -9.471864 -9.323558 -9.213416 -9.287482 -9.563852 -9.298154 -9.463744
 -9.631422 -9.149848 -9.141322 -9.037154 -9.523426 -9.229076 -9.6135
 -9.547496 -9.468616 -9.120442 -9.42152  -9.545176 -9.159592 -9.028164
 -9.352152 -9.172932 -9.37019  -9.425464 -9.302736 -9.43312  -9.34786
 -9.238472 -9.377324 -9.15878  -9.177572 -9.625912 -9.419896 -9.90872
 -9.87305  -9.874964 -9.407832 -9.49431  -9.160636 -9.44298  -9.303142
 -9.680316 -9.11238  -9.19967  -9.345308 -9.158954 -9.51171  -9.591228
 -9.57986  -9.148688 -9.41311  -9.663844 -9.617038 -9.567042 -9.048928
 -9.531894 -9.224436 -9.39136  -8.9813   -9.095096 -9.18053  -9.140568
 -9.2829   -9.534272 -9.55811  -9.43544  -9.412066 -8.927418 -9.380514
 -9.055192 -9.16284  -9.200888 -9.185634 -9.597376 -9.454174 -9.382022
 -9.254132 -9.543204 -9.111626 -9.550976 -9.761574 -9.711578 -9.518148
 -9.37251  -9.276172 -9.481782 -9.44153  -9.509564 -9.485494 -9.400698
 -9.11383  -9.205934 -9.544886 -9.558748 -9.34148  -9.098228 -9.415778
 -9.394028 -9.082452 -8.983562 -9.420534 -9.389388 -9.694758 -9.561416
 -9.38817  -9.509796 -9.302272 -9.198162 -9.085468 -9.319382 -9.630842
 -9.523716 -9.49054  -9.451274 -9.400176 -9.572552 -9.323442 -9.527544
 -9.047768 -9.651258 -9.091442 -9.423608 -9.495876 -9.343104 -9.28696
 -9.399248 -9.553064 -9.509738 -9.445416 -9.622258 -9.27391  -9.07932
 -9.70398  -9.665932 -9.6599   -9.423492 -9.381674 -9.594824 -9.340262
 -9.148166 -9.158664 -8.97115  -9.008444 -9.210342 -9.158606 -9.21214
 -9.45835  -8.917094 -9.751018 -9.223856 -9.449708 -9.405048 -9.29334
 -8.664388 -9.112264 -9.414444 -9.57435  -9.47198  -9.594708 -9.484102
 -9.228438 -9.465194 -9.569072 -9.556486 -9.505214 -9.489148 -9.602248
 -9.398552 -9.246882 -9.258134 -9.447098 -9.308478 -9.472966 -8.705394
 -9.264224 -9.570638 -9.359808 -9.189752 -9.521686 -9.411312 -9.512464
 -9.515074 -9.638614 -9.411544 -9.338406 -9.237776 -8.967728 -9.229366
 -9.553006 -9.442226 -9.245258 -9.390896 -9.692728 -9.158838 -9.364216
 -9.172004 -9.093588 -9.522498 -9.763778 -9.259584 -8.915528 -9.418562
 -9.632524 -9.233368 -9.64685  -9.029208 -9.517974 -9.03524  -9.26608
 -9.281566 -9.3148   -9.548772 -9.133144 -9.435266 -9.604568 -9.538564
 -9.150022 -9.041736 -9.48503  -9.483464 -9.389388 -9.66454  -9.262252
 -9.647488]"
682,"[-10.478048  -9.8745    -9.469834 -10.29558  -10.157366 -10.88486
  -9.84173  -10.14971   -9.947348 -10.38229  -10.49887  -10.60095
 -10.087766 -10.298248 -10.18712   -9.733212 -10.692706 -10.410246
  -9.349658  -8.663402 -11.425884 -10.929172 -11.000976 -10.395398
 -10.106384 -10.327538 -10.54759  -10.924242 -10.04125  -11.01391
  -9.938996 -10.630298  -9.939924 -10.537556 -10.240538 -10.168038
 -10.35648  -10.626702  -9.979132 -10.623338 -10.222732 -10.269132
 -10.539006 -10.470508 -10.117056 -10.49887  -10.358046  -9.905472
 -10.662836 -10.681106 -10.098032 -10.64677  -10.707438 -10.665388
  -9.351224 -10.796352 -10.447946 -10.669506 -10.539064 -10.671884
 -10.024082 -10.369878 -10.58703  -11.162738 -10.324638 -10.309442
 -10.449164 -10.704712 -10.573342 -11.08931  -11.014142 -10.878016
  -9.306216 -10.884396 -11.666004 -10.803834 -10.205506  -9.923858
 -10.80453  -10.477294 -10.543182 -10.016542 -10.13115  -10.647408
 -10.16682  -10.245874 -11.02377  -10.490286 -10.829296 -10.64387
 -10.665852 -10.458444  -9.953206 -11.092906  -9.748466  -9.970664
 -10.731044 -11.020638  -9.884998 -10.431996 -10.792872 -10.594686
  -9.75009   -9.9847   -10.554898 -10.564816 -10.297262 -10.439768
 -10.009292 -10.956664 -10.441914 -10.585    -10.004884 -11.147832
 -10.976906  -9.861102  -9.149152  -8.42943   -7.640456  -9.073752
 -10.220702 -10.466738 -11.016868 -10.942628 -11.359532 -10.793104
  -8.934726  -9.298038  -9.231048 -10.18509   -9.33481  -10.394934
 -10.917166 -10.944716  -9.663206 -10.903362 -10.698622  -9.799854
 -10.119202 -10.768628 -10.573632  -9.943056 -10.276092  -9.954192
 -10.548228 -10.320404 -11.11483  -10.902608 -10.304048 -10.624962
 -11.048362 -10.126916 -10.810446  -9.8861   -10.899476  -9.15762
 -10.883642  -9.638672  -9.910344 -10.034058 -10.866184 -10.341574
 -10.613536 -10.407636 -10.860384 -10.630704 -10.46059  -10.508788
 -10.67838  -10.791248 -10.85702  -11.108334  -8.662532 -11.36626
 -11.184952 -10.437332 -10.19031   -8.321898  -8.159092  -5.502518
  -5.161768  -6.587814  -7.688828]"
683,"[ -9.68107   -9.691626  -9.243634  -9.398204  -9.179776  -9.83477
  -9.988296  -9.131056  -9.558632  -9.509216  -9.217882  -9.338754
  -9.403366  -9.510666  -9.309812  -9.111162  -9.527834  -9.449302
  -9.5584    -8.575996  -9.800202 -10.474046  -9.00972   -9.299314
  -8.95056   -9.75096   -9.286322  -9.299256  -9.142366  -9.249724
  -9.483638  -9.407484  -9.117078  -9.579976  -8.720358  -9.996126
  -9.511478  -9.421926  -9.299314  -9.671964  -9.414386  -9.19706
  -9.470124  -9.478708  -9.338754  -9.332374  -8.428154  -9.491236
  -9.20431   -9.409224  -9.347338 -10.422658  -9.845616  -9.037908
  -9.622026  -9.320484  -8.893894 -10.278818 -10.338674  -9.000324
  -9.612572  -9.51142  -10.127438  -9.753048  -9.748234  -9.015926
  -9.817718 -10.151856  -9.475402  -9.648822  -8.737294  -9.338464
  -8.747618 -10.182828 -10.186656  -7.605946  -9.118992  -8.592758
  -9.05177   -9.562692  -9.994618  -8.69884  -10.68041  -10.140024
 -10.01834   -9.042664  -9.148572  -9.115686  -9.659262  -9.087672
  -9.519598  -9.188244  -9.410848  -9.301402  -9.048058 -10.15116
 -10.102904  -9.035878  -9.944216  -9.538738  -8.998468  -9.554978
  -9.420186  -8.76554   -9.305926  -9.328256  -8.867156  -9.032746
  -8.837112  -9.369262  -9.205412  -8.977994  -9.372394  -9.621562
  -9.956396 -10.268494  -8.594846  -9.669354  -9.759602  -9.560546
  -9.691974  -9.27797   -9.832508  -9.828738  -9.030426  -9.63612
  -9.442168  -8.954504  -9.530908  -9.00653   -8.951314  -8.490736
  -8.32764  -10.372198  -8.977298  -9.052118 -10.21815  -10.46813
 -10.773732 -10.428922 -10.810214 -10.329974  -9.975652  -9.189752
  -9.293862  -7.520976  -8.792104 -10.375156 -13.361112 -11.051262
 -12.341008 -12.7281   -12.339964 -13.280608 -11.827476 -10.996742
 -10.48785  -10.605126 -12.487748 -10.676814  -9.995836  -9.287366
  -9.040924  -9.49634   -9.252682  -9.77764   -5.068504]"
684,"[-10.979458  -8.528842  -8.632314  -9.999374  -9.83071  -10.367848
 -10.538948 -10.531756  -9.193812  -9.26985  -10.16624  -10.502524
 -10.122334  -9.135116  -8.539514 -10.124364 -10.049254  -9.352906
  -9.466354 -10.13608  -10.69346  -10.791306 -10.497942 -10.812012
 -10.122102  -9.869918  -9.923452  -7.77026   -7.665164  -7.785572
  -9.798926  -9.070678  -9.382486  -9.484972 -10.304454 -10.391396
  -9.647604  -7.57654   -7.68645   -8.927128]"
685,"[-11.048478 -10.67171  -10.922212 -10.257822 -10.70825  -10.58239
 -10.535816 -10.927432 -11.665598 -11.621228 -11.727484 -11.89522
 -10.724026 -10.464012 -10.011728 -10.854004  -9.769984 -10.406476
 -11.953336 -11.143482 -11.582716 -11.821154 -11.85781  -11.141626
 -10.650192 -10.920356 -10.39563  -10.529842 -10.716544 -11.842266
 -11.466194 -11.94017  -10.613362 -10.782722  -9.69847  -10.413842
 -10.112648  -9.864988 -11.286626 -10.514124 -10.55948   -9.520584
 -10.812534 -10.699956 -11.171786 -10.646944 -10.353638 -10.664576
 -10.437448  -9.984584 -10.50989  -11.029802 -10.040206 -10.442958
 -10.726578 -10.597528 -10.329162 -10.672696 -11.936632 -10.841534
 -10.28833  -10.480774 -10.698912 -10.100642 -11.23634  -11.53185
 -12.048572 -11.207862 -10.634706 -10.761784 -10.265768 -10.447482
 -11.969518 -12.04283  -10.677046 -11.99121  -11.150906  -9.411312
 -10.278934 -10.076804  -9.95135  -10.612956 -10.125234 -10.485008
 -10.616668 -10.189208 -10.73957  -10.646306 -11.416546 -10.048964
  -9.69209   -9.875312 -11.175904 -11.387198 -12.133194 -11.534344
 -10.116998 -10.214206 -10.155336  -9.842078  -8.993886  -7.807902
  -8.163558  -6.113432  -5.78637   -6.278674 -10.041134 -10.895532
  -8.574314  -9.751424 -10.726694 -11.812744 -12.16579  -11.134782
 -10.223718  -9.873282 -10.37446  -10.079588  -9.897236 -10.259272
  -9.284698  -8.479194  -9.162898  -8.509064  -7.38833   -9.135058
  -5.903182  -5.077784]"
686,"[-10.610462 -10.66475   -9.71703  -10.665214 -10.594454 -10.772746
  -8.783172  -8.148652  -7.813064  -9.378136  -9.685246  -8.540558
  -9.306622 -10.804066 -11.065124  -9.725962 -11.066168 -11.235644
 -10.277368 -11.637352 -11.458074 -11.798128 -11.479418 -11.459466
 -11.53243  -11.612702 -11.232512 -11.233498 -11.058338 -10.967974
 -11.409644 -11.161868 -10.807082 -10.859224 -10.501828  -9.708388
 -10.779474  -9.897642 -10.21989  -10.449686 -11.141974 -11.34277
 -11.528776 -11.749756 -10.769266 -10.992914  -9.284466  -7.766084
  -7.524978 -11.84795   -8.608708  -8.810084  -9.19387   -7.451608
  -5.806322  -6.547794  -8.704814  -8.987738  -8.396602  -7.389954
  -7.424928  -6.568674  -8.893372  -6.984186  -8.272192  -7.527704
  -8.207232  -8.59821   -8.62866 ]"
687,[-6.76106  -7.980104 -6.49919  -5.89599  -6.31475  -8.535802]
688,[-6.5076]
689,"[ -9.650388  -9.523484  -9.305578  -9.91568   -9.490134  -9.449418
  -9.044694 -10.04009   -8.98188   -9.303954  -9.83796   -9.439616
  -9.555558  -9.551556  -9.454812  -9.542682  -9.424826  -9.70369
  -9.875834  -9.634438  -9.3786    -9.860174  -8.98072   -9.520584
  -9.368218  -9.479288  -9.269908  -9.733386  -9.238182  -9.43022
  -9.299256  -9.48706   -9.898686  -9.405976  -9.10629   -8.868084
 -10.11723   -9.880938  -9.65236   -9.710128  -9.590706  -9.463164
  -9.41485   -8.658878  -9.61988   -9.953496  -9.72834   -9.254306
  -8.828528  -9.184822  -9.266022  -9.448316  -9.834538  -9.730138
  -9.836974  -8.85805   -9.534736  -9.819052  -9.40731   -9.724048
  -9.92264   -9.61089   -9.949204  -9.574292  -9.75241   -9.675734
  -9.817486  -9.404236  -9.433468  -9.824794  -9.689132  -9.824736
  -9.42732   -9.476678  -9.51084   -9.27565   -9.843702  -9.009024
  -9.616922  -9.696788  -9.47169   -9.422854  -9.179138  -9.521512
  -9.300358  -9.922408  -9.838076  -9.725208  -9.901006  -9.0886
  -9.820618  -9.605612  -9.030832  -9.478882  -9.86638   -9.715754
  -9.253726  -9.875486  -9.236848  -9.829144  -9.769346  -9.65642
  -9.48967   -9.589546  -9.26086   -9.734488  -9.903906  -9.758384
  -9.241604  -9.217476  -9.127808  -9.442864  -9.83506   -9.696556
  -9.197002  -9.645806  -9.47082   -9.810004  -9.45893   -9.35453
  -9.520178  -9.603002 -10.016774  -9.396812  -9.921828  -9.624346
  -9.510144  -9.579686  -9.532126  -9.629392  -9.846602  -9.887608
  -8.775342  -9.896424  -9.609904  -9.388634  -9.798578  -9.64221
  -9.869222  -9.75821   -9.752758 -10.01138   -9.143062  -9.773406
  -9.512638  -9.91771   -9.439036  -9.61582   -9.49837   -9.538622
  -9.747306  -9.767606  -9.892712  -9.522672  -9.701428  -8.839316
  -8.6913    -8.700638  -9.251928  -8.984084  -9.12166   -9.224494
  -9.520004  -8.4883    -9.378252  -9.654332  -9.656826  -9.71036
  -9.69615   -9.911272  -9.417866  -9.32408   -9.431496  -9.634322
  -9.61379   -9.57319   -9.983366  -9.45806   -9.697716  -9.460148
  -9.135464  -9.549584  -9.62365   -9.86      -9.756296  -9.558806
  -9.08251   -9.977972  -9.122298  -9.491004 -10.046006  -9.80751
  -9.476098  -9.592446  -9.363926  -8.891806  -9.748234  -8.704814
  -9.017144  -9.749626  -9.396     -9.830072 -10.239726  -8.989304
  -8.774704  -9.32785   -9.481782  -9.84666   -9.686174  -9.834886
  -9.20228   -9.39774   -9.143584  -9.535084  -9.320774  -9.59523
  -9.317004  -9.379528  -9.633278  -9.776248  -9.67121   -9.554456
 -10.101976  -9.322804  -9.485726  -9.283306  -9.437412  -9.398552
  -9.89393   -9.17241   -9.544538  -9.524238  -9.188534  -9.453014
  -9.896888  -9.170728  -9.08077   -9.089876  -8.488706  -9.058846
  -9.504808  -9.714362  -9.532648  -9.332722  -9.822126  -9.526964
  -9.641398  -9.549642  -9.821082  -9.463628  -9.727064  -9.909532
  -9.879662  -9.2191    -8.930956  -9.406788  -9.47401  -10.056388
  -9.38498   -9.130708  -9.54477   -9.800318  -9.5352    -9.003456
  -8.95346   -9.48097   -9.603582  -9.341364  -9.960108  -9.44733
  -9.109712  -9.137436  -9.544364  -9.576322  -9.736344  -9.746552
  -9.796142  -9.527718  -9.161448  -9.835002  -8.953634  -9.353776
  -9.649228  -9.853794  -9.793474  -9.704444  -9.362766  -9.35569
  -9.55463   -9.832392  -9.557762  -9.31248   -9.746668  -9.311552
  -9.381616  -9.321818  -8.289766  -8.900796  -9.47691   -9.699978
  -9.673414  -9.439906  -7.913926  -8.80643   -8.52281   -8.259084
  -9.40093   -9.030948  -9.768766  -8.805038  -9.213242  -9.247056
  -9.179544  -9.101998  -9.600798  -9.915042  -9.4888    -9.537462
  -9.565418  -8.820524  -9.419142  -9.567854  -9.466992  -9.621968
 -10.003376  -9.6338    -9.095502  -9.476562  -9.515248  -9.410616
  -9.456146  -9.95396   -9.586762  -9.657464  -9.761284  -9.751946
  -9.86551   -9.563736  -9.676836  -9.878038  -9.531836  -9.512696
  -9.64946   -9.584732  -9.274026  -9.56014   -9.913534  -9.799216
  -9.825606  -9.466354  -9.376918  -9.734372  -9.84318   -9.450578
  -9.357256  -9.800086 -10.165544  -9.525166  -9.32466   -9.363694
  -9.714884  -9.685304  -9.698992  -9.868468  -9.641282  -9.319382
  -9.294616  -9.56159   -9.398784  -9.480854  -9.949204  -9.401684
  -9.634728  -9.724164  -9.841614  -9.036748  -9.870324  -9.707402
  -9.434106  -9.600682  -9.774392  -9.571682  -9.110002  -9.531778
  -9.550396 -10.553622  -9.430742 -10.650018 -10.636794 -10.510412
  -9.583108  -9.579976  -9.511304  -9.96382   -9.71529   -9.691742
  -9.043302  -9.202686  -9.016912  -9.473836]"
690,"[ -7.508158  -7.831972  -8.95201   -8.917964  -8.572458 -10.131382
  -7.966474  -6.647322  -8.025866 -10.98056   -9.612688 -10.770368
 -10.48582  -10.462098 -10.225342  -9.933834  -9.865568  -9.06366
 -10.392614 -10.118448  -9.612746 -10.287344  -9.842368 -11.411268
  -7.599798  -7.44633  -10.812418 -10.426602 -10.60269   -8.816
  -9.740868  -9.21243  -10.077848  -8.310472  -8.63852   -6.41625
  -7.168974  -9.176876 -10.287054  -9.69267   -9.553296  -7.725078
  -6.343228  -8.020588 -10.044034 -10.580998  -9.697832  -8.837924
  -7.687204  -6.81065   -9.743536  -7.109698  -6.036756  -5.735736
  -7.737722  -9.23157  -10.56064   -9.199786  -8.455588  -7.76214
  -9.540304  -9.108436  -9.816152  -9.120036  -9.810062  -9.613558
 -10.142634  -9.996648 -10.019384  -9.39948   -6.881584  -7.831566
  -7.476722  -8.59676  -11.461032 -11.542406 -10.575256  -9.052002
  -8.03068   -8.327872  -9.376744 -10.842868  -9.992704 -10.162122
 -10.360366 -10.48582   -9.641166 -10.30689   -8.867794  -7.537738
  -7.842934  -8.033812  -9.30465   -9.490714  -8.265754 -10.301264
  -9.228148  -9.514552  -8.919008  -8.361918  -8.644842  -8.193834
  -8.01618   -8.344576]"
691,"[-8.971266 -9.625332 -8.97202  -8.29313  -8.475424 -8.35432  -9.707924
 -8.582028 -9.019522 -7.703908 -7.806336 -8.656036 -8.986694 -7.259802
 -8.178638 -8.577388 -9.754266 -9.053916 -5.865656 -5.503736 -8.076442]"
692,"[ -9.957672  -8.817218  -9.157968  -8.890588  -9.571624  -9.956222
 -10.226966  -9.214692  -9.231628 -10.111546  -9.479752 -10.110618
  -6.715878  -6.542342  -8.021052  -8.136066 -10.678322 -10.377128
  -9.974898 -10.084692 -10.276614  -9.79562  -10.352478 -10.282414
  -9.371524  -9.597318 -10.541152 -10.526188 -10.846348 -10.763466
 -10.251906 -10.561916  -9.204136 -10.195472 -10.162876 -10.716834
 -10.588712  -9.752178 -10.308804  -9.908372 -10.813172  -9.52476
  -9.341074  -9.623998  -8.673842  -8.310878 -10.682092  -8.9465
  -7.135972  -6.254488  -9.74081  -11.48168  -13.093906 -13.76833
 -12.658268 -13.373524 -13.098604 -13.420214 -13.888738 -13.717116
 -12.950472 -13.424854 -13.246156 -13.292208 -13.25648  -12.984344
 -13.297834 -13.522874 -12.828556 -12.369892 -13.503792 -13.466034
 -13.530356 -12.836444 -11.839134 -10.572762  -8.376534  -9.540478
 -10.973716 -13.03318  -12.85715  -13.01984  -13.234962 -13.604016
 -13.579076 -13.535402 -13.76079  -13.245518 -13.01056  -13.499326
 -12.895778 -13.147788 -13.321846 -13.26866  -12.821364 -12.866198
 -11.29579  -10.19234   -8.716704 -10.104064 -10.229286 -11.167726
 -11.785136 -11.93379  -11.839772  -9.33597   -8.71189   -8.89662
  -7.764344  -9.086802 -10.045716 -10.615276 -10.517836  -9.888826
  -9.673936 -10.471262 -10.523868 -11.019362 -10.123204  -9.496804
 -10.00558   -9.038198  -9.529168  -9.373902  -8.046804  -7.202266
  -6.254198  -6.907626  -6.35419   -8.85979   -9.553122 -10.025706
 -10.48611   -9.00276   -9.884998  -9.317758 -10.144664 -10.541674
 -10.380898 -10.322028  -9.867888  -8.488532  -9.19155  -10.49394
 -10.330148 -10.67722   -9.691394  -7.499342  -8.362556 -10.094146
 -10.628732  -9.563098 -10.226792 -10.485182 -10.91009  -10.5792
 -10.164906 -10.350854  -9.762908 -10.971628 -10.426892 -10.614928
  -7.938228  -9.461076  -8.664272 -10.098322  -9.08367  -10.213452
 -10.19408  -10.385538  -9.236674  -9.26231   -9.891726  -9.74168
 -10.865952  -9.772594 -10.344068  -9.471574  -9.011518 -10.340936
 -10.629428 -10.55281  -10.211364 -10.245758  -8.698492  -7.454566
  -8.09506  -10.198372  -9.744058  -9.465426  -8.51846   -7.345178
  -9.435904 -10.15435   -9.561068  -8.841404  -8.327582  -8.52455
  -8.42943   -8.864372  -9.952394  -9.751656  -9.912432  -9.55985
  -8.23745   -7.841368  -7.890436  -8.375664  -8.48453   -9.249202
  -9.729268 -10.465868  -8.409478  -9.04684   -8.277064  -7.853722
  -7.073332  -6.310516  -7.475156  -7.011794  -9.812266  -6.989232
  -7.016202  -8.027316  -9.635424  -8.732132  -9.770796  -9.610484
  -9.104434  -9.385734  -7.845428  -9.242938  -9.529342  -8.774994
  -8.280022  -9.265152  -9.520758  -9.76662   -9.710418  -9.09063
 -10.093682  -9.693946 -10.2051    -9.170264  -9.873108 -10.158062
  -9.72486   -9.48561   -9.198278  -9.58189   -9.247694  -8.480064
  -9.635656  -8.602444  -8.874464  -9.009836  -8.962566  -9.198104
  -9.28232   -8.322768  -6.386206  -7.474634  -9.058324  -8.814492
  -9.22113   -8.17771   -8.84703   -7.840962  -9.90031   -8.602038
  -9.200134  -9.6135    -9.990558  -9.47894   -9.630088  -6.12219
  -6.544836  -8.27747  -10.133296 -11.007414 -11.754048 -10.32951
 -10.530364  -9.987484  -7.072172  -8.846508  -8.050922  -8.359018
  -9.292296 -10.386872  -9.818588  -9.861682  -9.472096 -10.582912
  -9.784136  -9.54245   -8.932348  -6.990508  -5.738636  -5.812992
  -6.354886  -8.72639   -7.234572  -5.328402  -6.372112  -8.27776
  -8.516546  -8.338312  -9.251812  -9.889928 -10.67258   -8.99725
 -10.76161   -9.544248 -10.223486 -10.179348  -9.468094  -8.018674
  -7.943506  -8.618162  -9.899382  -8.496652  -8.810606  -8.936756
  -9.451564  -9.96875  -10.235434 -10.395746  -8.748198  -6.891444
  -8.315518 -10.725708 -10.510992 -11.185938 -10.766598  -9.060586
  -9.250072  -7.19664   -7.854534  -8.30473   -6.411552  -7.959572
  -9.080364  -7.832958  -5.81711 ]"
693,"[ -9.969214  -9.73008   -8.937452  -9.099098  -8.216802  -9.03321
 -10.809286  -9.39832  -10.326668 -10.710512  -9.73501  -10.268552
 -10.410188  -8.588988  -5.532272]"
694,"[ -9.680722 -10.039626 -10.325392 -10.421962  -9.181806  -6.53573
  -8.271322  -6.774922  -7.49621   -7.88278   -6.012512  -7.202614
  -5.072216  -5.819662  -5.830624  -6.35245   -5.900862  -6.402504
  -6.976124  -8.381464  -9.870498  -9.81128   -9.264282  -9.063544
  -8.878756  -6.958144  -8.327234  -9.938706 -10.17291  -11.429886
 -13.006848 -13.087178 -12.277266 -13.15237  -12.722068 -13.23212
 -13.01143  -12.962942 -13.170872 -13.604538 -13.425318 -13.094776
 -13.73904  -13.30317  -12.727288 -12.21248  -13.088802 -12.306672
 -13.070822 -11.188838 -12.560364 -13.870468 -10.82918  -11.577554
 -10.274062 -10.165892  -9.614312  -9.296762  -8.922372  -8.994582
 -10.472248  -9.807626  -9.76111  -10.872216  -7.216534  -6.376114
  -7.81318   -8.937916  -9.547728  -9.0016    -5.680578]"
695,"[ -6.905074  -8.399328  -8.431924  -9.635714  -9.598304 -11.004108
 -10.607736 -10.215946  -9.267066  -7.971172  -8.728652  -9.870208
 -10.055634  -9.722946  -9.481956 -10.172214  -8.507208  -8.742108
  -5.224176]"
696,"[ -5.311234  -6.423152  -6.559742  -6.112098  -7.138234  -9.47749
  -9.441878 -11.012866  -8.005972]"
697,"[ -9.10542   -7.565926  -6.587524  -6.287838  -8.015484  -7.185736
  -7.282074  -8.636084  -7.303012  -8.389062  -8.353624  -9.214228
  -9.671094  -9.089992  -9.444952  -8.79976   -9.104202  -9.52824
  -8.721344  -9.36352   -9.689248  -9.857042  -9.21881   -9.26869
  -9.261788  -9.560488  -8.848712 -10.037886  -8.90764   -9.652708
  -9.405628  -9.021958  -9.4917    -9.232846  -8.960652  -9.402612
  -8.896852  -9.328952  -8.820118  -9.70485   -8.42073  -10.04357
  -9.263876  -9.299314  -7.716958  -7.677634  -7.949654  -8.749474
  -7.442444  -8.895402  -9.849096 -10.47799   -8.655224  -8.180726
 -10.86398  -10.49771   -9.417924  -8.05098   -8.625528  -9.57841
  -9.955874 -10.308862 -10.350622 -10.70709   -7.884694  -5.845704]"
698,"[ -8.472176  -8.79396   -8.471944  -9.505504  -9.698876  -8.491084
  -9.193406  -8.958912  -8.51672   -9.079262  -8.997134  -9.403656
  -8.766526  -8.995626  -9.089412  -8.894938  -9.249492  -8.808634
 -10.110154  -9.651896  -8.291274  -8.887514  -8.553724  -8.82238
 -10.30863   -9.859188  -8.675118  -7.680824  -7.914506  -7.825128
  -6.841506  -9.056178 -10.105166  -9.892422 -10.300162  -6.966206
  -7.309334  -5.194422  -5.03759   -7.8793    -7.964212  -7.67514
  -7.076928  -8.878408  -5.682782]"
699,"[ -7.013128  -8.702494 -10.458096 -10.493824 -10.107486  -9.026076
  -7.497428  -8.904856  -6.805952  -9.103042  -9.29508   -7.50781
  -5.756848  -6.767324  -8.563062  -9.736982 -10.197734  -9.625042
  -9.367986  -7.513726]"
700,"[ -5.835844  -5.62281   -7.758834  -9.478766  -8.630864  -7.4124
 -10.68244   -9.358648 -10.099076 -10.449048  -9.129664  -8.292028
  -9.509854 -11.756716  -6.41016 ]"
701,"[ -9.752874  -9.0944   -10.205274  -9.000324 -10.244366 -10.037538
  -8.8566    -9.902688  -9.013664 -10.407404  -8.379492  -9.388518
  -9.05815   -8.781548  -9.665468  -8.84558   -8.382044  -9.632698
  -9.08599   -8.391498  -9.724048 -10.773094 -10.165544  -9.976638
 -10.241756  -9.862146  -9.973564 -12.673464 -10.874652 -10.780982
 -11.835248 -12.054546 -11.503604 -11.157518 -10.365296 -10.23033
 -10.776226 -12.158714 -10.340878  -8.868896  -7.68268   -9.103216
  -7.86393   -6.62882   -6.07173 ]"
702,[-8.595426 -5.803422]
703,"[ -9.379238  -7.96282   -9.447272 -10.239494 -11.34567  -11.567346
 -11.6812   -11.136754 -11.686652 -10.480252 -11.91581  -11.035718
 -11.692452 -10.835328 -11.707764 -11.300488 -10.273366 -11.02377
 -10.352304  -9.151646  -8.624368  -9.156692  -8.197488  -8.625876
  -9.242706  -8.83108   -9.324312 -11.070576  -6.105312]"
704,"[ -9.618546 -10.211886 -10.323478  -8.775864 -10.30167  -10.044962
  -9.14196  -10.48118   -9.863712  -9.536592 -10.452528 -10.731856
 -10.244424 -10.410246 -10.580012  -8.315692  -9.404874 -10.17262
 -11.087048 -10.679714 -10.647524  -9.70456   -7.756398  -7.733662
  -9.777408 -10.650656 -10.910786  -9.479288 -10.141996 -10.123204
  -9.603756 -10.03951   -9.201468  -9.673646  -8.716124  -9.811918
  -9.59465   -9.411718  -9.138712  -8.012932  -9.264572  -9.765808
  -7.800188]"
705,"[-10.557508 -10.330554 -11.655796 -10.896112  -9.340668 -10.820538
 -10.971222  -9.580614 -10.403576 -10.335426  -9.974202  -9.169858
  -9.40209   -9.735474  -9.532938 -11.84795  -10.396674  -9.375178
 -10.741658 -10.78104   -9.836394  -9.723352 -10.73812  -11.244924
 -11.941794 -10.564236 -10.548054  -9.648532 -10.772224  -7.57828
  -9.424826]"
706,"[ -9.775146  -8.483138  -9.570116 -10.173258 -10.279978 -10.184742
  -9.458582  -9.956512 -10.125408 -10.29036  -10.644624 -10.30834
 -10.550432  -9.816268 -10.1384   -10.048964 -10.695026 -10.455718
 -10.50293  -10.246744 -10.244888 -10.537382 -10.306832 -10.059056
 -10.306136 -10.348766  -9.082394 -10.328872 -10.835792 -10.15058
  -9.898048 -10.550664 -10.418714 -10.31936  -10.506468 -10.34227
 -10.380666  -9.81041  -10.226038 -10.503336 -10.40839   -9.101824
  -7.696368  -9.981742  -9.862262  -7.740448  -9.287424  -9.912374
 -11.432554 -10.221282 -10.846116  -9.762908  -7.822866  -8.392484
 -10.25962   -9.932848  -9.872818  -9.223276  -9.436484  -8.211466
  -7.758718  -8.422644  -9.753744  -8.376186  -6.818538]"
707,"[ -7.521266  -7.882896  -7.826636  -6.66826   -7.802624  -7.879416
  -7.667832  -7.109524  -8.045296  -7.673574  -7.687436  -7.773276
  -9.102926  -9.838308  -9.52505   -8.727202  -9.1727    -9.08628
  -7.844152  -7.411066  -8.669318  -9.043534  -9.199496  -9.182676
  -9.67121   -7.695034  -8.25108   -8.939656  -9.585718  -9.608976
  -8.625702  -8.522288  -8.86182   -8.282806  -8.719836  -9.445184
  -7.89322   -8.050284  -8.989478  -9.468616  -9.337652  -8.632952
  -8.419918  -9.14254   -8.692286  -9.5526    -9.042548  -7.842122
  -9.210632  -9.627594 -10.141126  -8.603604  -9.231338  -8.641478
  -8.364586  -8.634634  -5.080278]"
708,"[ -9.453304 -10.326262 -10.325508  -9.664192 -10.48843  -10.073962
  -9.994502 -10.310602 -10.394354  -9.171772 -10.416858  -8.80005
  -8.702784  -9.55028   -8.66955   -9.946652 -10.482282 -10.112996
  -9.893582 -10.665446 -10.077906 -10.219368 -10.408796 -11.82098
 -10.581404 -10.309268 -10.293492 -10.15493  -10.685456  -9.318512
 -10.15348  -10.35126  -10.135616 -10.190716  -9.77358  -11.410978
 -11.552556 -11.208732 -11.13107  -10.243902 -10.925286 -10.050414
  -8.834734 -11.702602 -10.342154 -10.788754 -11.06205  -11.07278
 -10.701348 -10.832718 -10.5038   -10.20104  -11.411094 -10.859108
 -11.290454 -10.894372 -11.25751   -9.904718 -10.39737  -10.536976
 -10.705408 -10.540108 -10.963624 -11.123066 -11.16094  -10.364136
 -11.451114  -9.502894 -11.365854 -11.174222  -9.670746 -10.53715
 -10.683368  -9.802348 -10.370168 -10.559538 -11.106188  -8.001622
  -7.370408  -8.968018 -10.598688 -10.311588 -11.624128 -11.758398
 -10.682614 -10.234158 -10.61168  -10.218266 -10.233114  -9.913592
 -10.688414  -9.875138 -10.060912 -10.5009   -10.210378  -9.33684
  -9.577598 -10.648684 -10.383972  -9.686116  -9.334404 -10.39708
 -10.174128  -9.702124 -10.290128 -10.046992 -10.104122 -10.133876
  -9.317816 -10.489822  -8.895808 -10.025242 -10.528276 -10.405142
 -10.294014 -11.442066  -9.616342 -10.151798  -9.208254 -10.409956
  -8.438942  -7.109234  -7.033428  -7.812832  -7.888174  -7.18736
  -8.609172  -8.091406  -9.02248   -8.489982  -8.187338 -11.800448
  -9.349136  -9.96092  -11.022436 -10.887876 -11.449664 -10.474742
 -11.840294 -10.247382 -10.718052  -9.533228  -9.652882 -11.184372
 -11.203744 -10.429154 -10.876508 -11.011474 -10.514066  -9.253146
  -6.863836  -9.667962 -10.24657   -8.504888  -7.618126  -9.263702
  -8.326538  -8.669202  -7.668412  -9.665642  -8.666534  -6.713674
  -7.104188  -8.591192  -8.80092   -9.491062  -8.404896  -8.497986
  -9.561242  -9.590532  -8.819712  -8.729754  -8.821278  -9.13964
  -7.898846  -6.820858  -8.455066  -9.360388  -9.220608  -7.183126
  -7.486292  -7.827564  -7.980162  -9.261324  -9.545292  -9.407658
  -9.371698  -7.424174  -7.75953   -7.994894  -9.175658  -9.867946
  -8.31285   -7.816544  -7.28161   -8.325262  -7.672298  -7.405904
  -7.872108  -8.057824  -7.057498  -8.04286   -7.254814  -8.165704
  -8.56544   -6.739252  -9.614892  -7.819618  -5.203006]"
709,"[ -8.117738  -7.897512  -8.594266  -8.372532  -8.68173   -8.704872
  -7.492382  -7.449172  -7.407412  -5.772334  -8.14175   -7.66615
  -7.91323   -7.760226  -5.905328  -7.244026  -9.396638 -10.816768
 -10.488314 -10.061086 -10.340124 -10.45943   -8.750808  -9.173802
  -9.631712 -10.911308 -10.518706  -9.47691   -9.89973  -10.50351
  -8.194762  -7.40428   -6.389686  -6.078574  -6.302164  -6.912034
  -6.555624  -8.934842  -7.1311    -8.618916 -10.105108  -9.983772
  -9.85565   -7.200642]"
710,"[ -8.9697    -9.926526  -9.87566  -10.217396  -9.647952 -10.23729
  -9.838772  -9.98006  -10.284734 -10.14391   -9.443908  -8.006552
  -8.084678  -7.309682  -9.596158  -8.83108   -8.371256  -8.567644
  -9.611992  -8.376592  -9.164406  -8.33895   -7.95499   -7.736098
  -6.244454]"
711,"[ -9.198104  -9.33307   -9.092486 -11.626738  -9.923162 -11.192492
 -10.67374  -10.411754  -9.636932  -8.479716  -9.542972  -9.96498
 -10.717298  -7.432468  -8.449266  -8.940352  -8.941164  -8.835662
 -11.134028  -9.59929   -9.585428 -10.36083  -11.144758  -8.984084
  -9.460496 -11.098532  -9.580904 -11.1824   -10.023386  -8.271438
  -8.28356   -9.236152 -10.055518 -10.754302  -9.23679  -10.859804
  -9.173918  -9.079958 -14.003984 -13.248534 -11.022204 -10.287982
  -9.350992 -10.012424 -10.169082  -7.822924  -8.688342  -6.349782
  -7.0673    -6.817784  -9.10223   -9.800318  -7.838352]"
712,"[-11.128576  -8.02198   -7.929354  -8.208044  -7.618648  -8.51353
  -9.426856  -9.455856 -10.904348 -10.891646 -10.314024 -10.2544
  -8.647974  -9.549642 -10.084634  -9.900948  -9.385618 -10.502234
  -8.271438  -9.515886  -7.975464  -7.70994   -9.616574  -7.63251
  -6.826948  -5.36355 ]"
713,"[ -6.975544  -8.637998  -7.958122  -8.94766   -9.881692  -8.422586
  -6.619076  -6.354132  -5.539232  -6.594426  -6.378956  -8.075282
  -9.1379    -9.35308   -9.418794  -9.507476  -9.142772  -8.254328
  -7.557342  -6.76048   -6.891618  -7.358576  -8.333208  -8.087346
  -8.50367   -8.12522   -8.230142  -7.991588  -7.876168  -8.861646
  -7.468312  -8.096162 -10.07489  -10.0282   -10.016252 -10.686964
  -9.38701  -11.245852 -11.101316 -10.759348 -10.882424 -10.330728
 -10.715848  -9.2858    -9.211676 -10.45247  -11.160418 -11.602958
 -11.585442  -9.061746  -6.102934  -5.1968    -5.32643   -6.222414
  -9.383066  -8.536904]"
714,[-6.824512 -5.111772]
715,"[ -9.415836  -8.512196  -9.67585   -9.8049   -10.059462  -9.877284
  -7.8155    -8.244004  -8.468754  -8.382566  -8.532148  -7.335318
  -8.292492  -8.327698  -8.026968  -8.701624  -8.23252   -8.330424
  -8.645074  -8.146274  -8.496652  -8.368124  -7.297154  -8.239886
  -9.073288  -9.033558  -8.525768  -9.80084   -9.601146 -10.066422
  -9.074854  -9.044056  -9.674284  -8.813564  -9.261962  -8.00922
  -8.658994  -8.462258  -8.522462  -8.20207   -8.08694   -8.699826
  -8.264536  -9.040692  -8.722504  -9.044694  -9.10107   -9.174556
  -8.393644  -8.43378   -8.395616  -6.119522  -7.741724  -8.337094
  -8.33286   -9.022944  -9.239052  -8.740078  -8.090246  -8.573038
  -8.390802  -8.555406  -7.833248  -8.489576  -9.011576  -8.188092
  -8.632836  -8.06809   -9.2046    -8.269234  -7.98718   -8.483428
  -9.038546  -8.716704  -8.821162  -6.581144  -7.9634    -8.831602
  -8.507846  -9.322514  -7.92425   -8.422644  -7.906966  -8.25398
  -8.325842  -8.342894  -8.64055   -9.278144  -8.82615   -8.1751
  -8.144534  -9.433004  -9.267646  -8.224516  -7.475736  -7.9663
  -9.354182  -9.762154  -7.824432  -8.804284  -7.978828  -8.975616
  -9.59407   -8.566194  -8.607432  -8.215352  -7.316526  -6.04766
  -8.002492  -9.454232  -8.85022   -7.956034  -6.795396  -7.801928
  -8.279674  -8.971208  -7.963864  -5.89454   -5.70256   -7.015332
  -7.554326  -9.10948   -8.053358  -7.31757   -8.239248]"
716,[-8.719488 -7.963458 -8.53557  -6.241786]
717,"[ -8.947486  -9.360852  -9.449302  -9.281276  -9.31074   -9.29218
  -9.092428  -8.781316  -9.101708  -9.006762  -9.19097   -7.865032
  -8.794134  -8.802196  -8.40333   -8.03068   -7.70472  -10.081154
  -8.436796  -6.0842    -5.53697   -5.882708  -6.384756  -8.561786
  -7.320818  -9.74632   -7.431772  -8.206942  -7.080466  -5.852722
  -6.1393    -8.524376  -6.977342  -5.392028  -5.646126  -7.57277
  -9.174034  -9.497964  -8.725752  -9.15443   -8.511094  -9.427784
  -7.337116  -9.002644  -9.140452 -10.064392  -6.017036]"
718,"[ -9.052118  -9.442052  -9.067082  -9.571334  -8.828122  -9.50272
  -9.454116  -9.058846  -8.303628  -9.183256  -9.637512  -8.906074
 -10.414712  -9.556312  -9.561532  -7.92048   -9.23592   -9.252914
  -9.188186  -8.903174 -10.737482  -7.868918  -7.435426  -7.787196
  -8.858978  -7.930862  -7.602756 -10.824656  -9.557936 -10.243322
  -9.99804   -8.328162  -8.812462  -9.178848  -9.63235   -9.555848
 -10.564816 -10.073092  -8.67245   -9.240618  -9.958136 -10.488778
  -8.640666  -8.537542  -5.338494]"
719,"[-10.949588 -10.73319  -11.428436 -11.698716 -10.47857   -9.367348
  -8.167734  -8.924808  -7.817472  -9.715928 -11.020058  -9.710592
  -8.978458  -9.503068  -9.442458 -10.165486  -8.060956  -9.896076
  -9.266602  -9.354646 -12.005362  -9.982902 -10.772862 -10.933522
  -8.607722  -6.825614  -8.593222  -5.536274]"
720,"[ -9.240328 -10.471958  -9.590996  -9.965908 -10.095828 -10.273366
 -10.536628 -10.401314 -10.61226  -10.71927   -8.939424  -8.962334
  -8.019776  -8.634228 -10.413146 -10.753432 -10.178594  -9.896366
 -10.445336 -10.24164  -10.226328  -9.686406  -9.998968 -10.519286
  -9.831     -9.879952  -8.596818  -7.891074  -8.186236  -9.547322
  -9.218346  -9.896192 -10.4168    -9.801014  -9.218114 -10.117926
  -9.127518  -9.853562  -9.177456  -9.124444  -9.328198  -9.838946
  -9.050726  -9.76227  -10.174186  -9.639078 -10.329452 -10.466448
 -10.300336 -10.919776  -8.376708  -8.482558  -9.834016  -9.90205
  -9.197466  -9.682984 -10.699144  -8.206478  -8.575938  -8.035958
 -11.179036  -8.526    -11.062166  -9.899962 -10.62821  -10.264608
  -9.642674  -9.37483   -8.882004 -10.047688 -11.553194 -11.695874
 -11.095168 -11.039488 -11.707532 -10.463838 -10.706568 -12.061622
 -11.649068 -10.366746 -12.741672  -9.143874  -9.026946  -9.74893
 -12.460952 -11.005094 -11.537128 -11.678764 -11.193478 -12.371632
 -12.201866 -10.72188  -11.877472 -11.679054 -11.502386 -12.233882
 -11.612006 -11.179326 -11.437774 -11.523962 -10.743166 -12.392454
 -11.17457  -11.840584 -11.359358 -11.512188 -11.12208  -11.266906
 -11.63712  -11.161346 -11.894698 -10.370748 -10.06445  -11.174222
  -9.553934 -11.95728  -10.939786 -10.003956 -12.05704  -11.039488
 -12.205926 -11.311102 -10.91009  -12.029722 -11.551744 -12.88557
 -10.219426 -10.675248 -11.602668 -11.730674 -10.610288 -11.853808
 -10.788522 -10.443364 -11.158794 -11.888376 -11.069764 -11.139132
 -10.875348 -10.095654 -11.99701  -11.104564 -12.295072 -11.198292
 -11.013794 -11.258438 -10.707728 -10.506352 -10.601008 -12.228488
 -10.928534 -11.149978  -9.595462 -10.923952 -12.076412 -11.560212
 -11.395492 -11.486958 -11.324732 -11.283378 -10.732494 -11.720756
 -11.259134 -11.877704 -11.137624 -11.300836 -11.484406 -11.202584
 -11.176194 -12.109936 -12.160802 -10.35619  -11.822082 -10.858528
 -10.876798 -11.342016 -10.543704 -11.810192 -11.150326 -11.136638
 -13.351484 -10.091014  -9.4888   -11.623722 -11.032934 -11.427566
 -12.086504 -11.081886 -11.755904 -10.600718 -11.776088 -11.812454
 -12.507584 -12.504336 -11.92683  -12.151812 -12.254762 -12.714006
 -11.568332 -12.211958 -10.588596 -12.619756 -10.264898 -11.766692
 -12.783374 -12.270654 -12.088534 -12.00252  -11.944868 -11.803174
 -12.289504 -11.767388 -11.490612 -11.206122 -11.204614 -11.042968
 -11.756136 -11.537244 -11.467296 -11.258902 -11.452216 -11.003702
 -11.956236 -10.62676  -10.84223   -9.418504  -9.473198  -9.837612
  -9.629218 -10.212698 -10.141242  -7.844094  -9.308826  -9.20866
  -9.840976 -12.73535   -9.662858  -8.968192  -9.163594 -10.435882
  -9.264572  -9.67817   -9.929078  -9.853736  -9.360214  -9.592736
  -9.457828  -9.819168  -8.807706  -8.114722  -9.74429   -9.42558
  -8.440508  -9.56449   -7.184054  -7.614414]"
721,"[-12.575966 -12.361076 -12.630428 -12.421686 -13.084278 -12.35748
 -12.523824 -12.478468 -11.516074 -12.259808 -12.931332 -12.964102
 -12.624976 -12.512572 -12.54337  -12.85976  -12.994378 -12.810924
 -12.522896 -12.138878 -12.655658 -12.14317  -12.586754 -13.123022
 -12.846884 -11.954206 -12.368674 -12.273844 -11.664206 -12.542906
 -12.820668 -12.842128 -12.848972 -12.510484 -12.760522 -12.427602
 -12.02311  -12.793698 -12.620974 -12.746718 -11.815876 -12.77508
 -12.853264 -12.411478 -12.991652 -12.275758 -12.642202 -12.670796
 -12.79625  -12.72984  -12.628108 -12.450164 -12.849088 -12.981212
 -12.427428 -12.86875  -12.9224   -12.75246  -12.53699  -11.89203
 -11.72876  -12.526956 -12.860398 -12.603052 -12.623816 -12.706292
 -12.648408 -11.790472 -13.228698 -12.873216 -12.572776 -12.936204
 -12.24815  -12.404344 -12.310616 -12.983996 -12.483108 -12.878378
 -12.662966 -13.042054 -12.786042 -12.90819  -12.63704  -12.320186
 -12.616392 -13.025988 -12.76522  -12.685064 -13.062876 -12.63037
 -12.681758 -12.696084 -11.84128  -12.700318 -12.797584 -12.757332
 -12.647828 -12.299886 -12.760058 -12.542268 -12.978312 -13.030512
 -12.136442 -13.020536 -12.702116 -12.653454 -12.17623  -12.431662
 -12.275004 -12.985388 -12.909408 -12.75391  -12.608272 -12.916542
 -12.66314  -12.76377  -13.045824 -12.785114 -12.097234 -13.017346
 -12.896938 -12.750256 -12.50393  -12.605198 -12.19653  -12.576894
 -13.006384 -12.7948   -12.52626  -12.724214 -12.560422 -12.724968
 -13.092688 -12.489256 -12.766902 -12.678162 -12.757854 -12.724388
 -13.023204 -12.456138 -12.820552 -12.728796 -12.555144 -12.519648
 -12.943396 -12.694982 -12.330626 -12.242002 -12.7252   -12.58194
 -12.654672 -12.713542 -12.641274 -12.537628 -12.666968 -12.586
 -12.32935  -12.76406  -12.26004  -12.170836 -12.097118 -12.438042
 -12.901056 -12.629964 -12.697592 -13.036486 -12.535134 -12.562568
 -12.714238 -11.800622 -12.889978 -12.775892 -13.044838 -12.210102
 -12.811562 -12.773456 -12.352608 -12.919964 -12.963174 -12.722648
 -12.803036 -13.13033  -12.470116 -12.441696 -11.98454  -12.656296
 -11.91581  -12.630022 -13.071228 -12.442682 -12.94038  -12.852626
 -12.674102 -12.517618 -12.780938 -12.869272 -12.30122  -12.765278
 -12.348374 -12.73941  -12.895778 -12.720096 -12.701826 -12.76754
 -12.90761  -12.103556 -12.327842 -13.022798 -12.683788 -12.816028
 -12.484442 -12.174316 -12.79132  -12.69765  -12.822002 -12.939046
 -12.687036 -12.750488 -13.050348 -12.880872 -12.931216 -13.018274
 -12.398486 -12.493548 -12.386654 -12.638084 -12.89253  -12.56454
 -12.66778  -13.043388 -12.79132  -12.036102 -12.537106 -12.831572
 -12.424934 -11.911112 -12.525854 -12.623816 -12.541514 -12.453992
 -12.767424 -12.45115  -13.090832 -12.825482 -12.712034 -12.684252
 -12.711512 -12.49987  -13.054176 -12.804718 -13.035906 -12.447902
 -12.198386 -12.763248 -12.729028 -12.802862 -12.775834 -13.15092
 -12.81017  -12.621554 -12.651424 -12.838126 -12.201344 -12.423832
 -12.309398 -12.725432 -12.895778 -12.78523  -12.726128 -13.131258
 -13.110146 -12.586058 -12.373894 -12.594758 -12.5541   -12.950646
 -12.614478 -12.93197  -12.31572  -12.375518 -12.815332 -12.921646
 -12.948732 -12.596672 -12.600848 -13.100518 -12.40069  -12.158308
 -12.912308 -12.44506  -12.593308 -13.186358 -12.556594 -12.930288
 -11.975028 -12.695098 -12.454282 -12.763596 -12.28643  -11.969924
 -12.715862 -13.04159  -12.393962 -12.70664  -12.703218 -12.309688
 -12.7397   -12.882206 -12.459328 -12.681816 -12.71244  -12.871998
 -12.776704 -12.737728 -13.027148 -12.834298 -12.330684 -12.770788
 -12.743818 -13.189664 -12.799846 -12.62138  -12.958708 -12.472378
 -12.355972 -12.526028 -12.615058 -12.807908 -12.551722 -12.948384
 -12.554796 -12.839924 -12.665866 -12.651888 -12.990956 -12.873564
 -12.936262 -12.894154 -12.169618 -12.27686  -12.794452 -12.844854
 -12.617088 -12.84729  -12.67909  -12.668998 -12.997452 -12.202736
 -12.93139  -12.846246 -12.773456 -12.7716   -12.827106 -12.458284
 -12.552708 -12.489836 -12.131628 -11.807988 -12.693474 -12.769744
 -11.792502 -12.532756 -12.116606 -12.674566 -12.918224 -12.771484
 -12.74231  -12.707974 -12.928026 -12.615116 -12.851292 -12.510194
 -12.674624 -12.807908 -13.094544 -12.419424 -12.915846 -12.228546
 -12.83714  -12.441986 -12.83917  -12.686456 -12.926692 -12.889688
 -12.405272 -12.551606 -12.40446  -12.220774 -12.77421  -11.924162
 -12.437984 -12.693706 -12.706872 -11.120804 -12.668476 -12.671318
 -12.892472 -12.432822 -12.096074 -12.265724]"
722,"[ -8.92446   -8.017688  -9.5613    -9.911678  -8.300032  -8.904624
  -8.155496 -10.280964  -9.03669   -8.792742  -8.132412  -8.118724
  -8.094422  -9.115744  -9.25303   -9.741912  -7.464484  -7.918624
  -9.335216  -7.901282  -6.474192  -7.157026  -5.987688]"
723,"[ -9.653172  -9.542856  -9.99775   -9.255002 -10.276672  -9.781526
  -9.85594   -9.780598 -10.301786 -10.280558 -10.216758  -9.931862
  -9.898048  -9.592852  -9.553876  -8.859732 -10.67055  -10.048384
 -10.35358  -10.01428   -9.627594  -9.297864 -10.212872  -8.990696
 -10.355146  -9.330344 -10.204346 -10.487734  -9.700964  -9.496282
 -10.03661   -9.354762  -9.898048  -9.680896  -9.550744 -10.63691
  -9.766446  -9.858666 -10.065842  -8.82441   -9.959238  -8.522984
 -10.422078  -8.22788  -10.341342  -9.738722  -9.600102  -9.627768
  -9.57058   -9.43747  -10.55455  -10.103194  -9.450404 -10.329742
  -9.96092  -10.030578  -9.359576  -9.684608  -9.706068 -10.165022
  -9.876008 -10.408042  -9.556196  -9.840454  -9.868642  -9.569014
  -7.820836  -7.708954  -8.392078  -9.207732 -10.29036  -10.26513
  -9.61843   -9.932906 -10.758768  -9.767664  -9.489148  -9.758906
  -8.397994 -10.00413   -9.804842 -10.661096  -9.882156 -10.471784
  -9.33046   -9.820618 -11.03914   -9.967126 -10.065146  -9.680258
 -10.400676  -9.659436 -10.359322  -8.907118  -9.744058  -9.485262
 -10.352942  -9.40093  -10.174244  -8.838214  -8.485574  -8.702204
  -9.705372  -9.503938  -9.552078 -10.24454   -9.661176 -10.139792
  -9.63554   -9.756702 -11.174222  -9.750902  -9.886622  -9.24578
  -9.975652  -9.712274  -9.313176  -9.069634  -9.73936   -7.76272
  -8.310704  -9.812788  -8.97724   -9.881112  -9.283596  -9.92438
 -10.037712 -10.140952  -9.6048   -10.508846  -9.422042  -9.215736
  -9.253784  -9.670862 -10.266638 -10.514588 -10.149246  -9.578932
  -9.44675   -9.922118 -10.109748  -8.098656  -9.272692  -8.948936
  -7.850416  -7.430322  -7.252494  -7.335086  -8.823424  -5.801624
  -5.38298   -8.800224  -8.562308  -8.925794  -7.052916  -5.011954]"
724,"[-10.445104  -9.52563  -10.382812 -10.228474  -9.913592 -10.51192
  -9.46415  -10.448758 -11.169872 -11.304258 -11.480056 -10.953938
 -10.883294 -10.538368 -11.681374 -11.613166 -11.096386 -11.14876
  -8.57037  -10.379158 -10.858586 -10.157018 -10.286184 -10.972846
 -11.141336  -9.15559  -11.137624 -11.015534 -10.856208  -8.43929
  -8.989014  -8.335644  -8.823656  -8.840592  -8.850916  -8.043034
  -8.56776   -8.716008  -8.640724  -8.761944  -9.36671   -8.564396
  -8.994756  -8.449556  -7.278304  -8.269292  -8.743152  -7.845544
  -8.67651   -9.041388  -8.911004  -9.47169   -8.521882  -8.682484
  -9.064704  -8.642174  -9.27478   -8.675176  -8.678308  -8.784564
  -8.903174  -8.252414  -8.508484  -8.785434  -8.66839   -8.286344
  -8.30183   -9.114758  -8.56631   -8.841056  -9.183372  -8.445032
  -8.48975   -9.092892  -9.50446   -9.065052  -9.064704  -9.383066
  -8.966568  -9.081698  -8.127366  -9.292354  -9.186156  -8.850394
  -8.473336  -9.54709   -8.392194  -7.977146  -8.243424  -9.011808
  -8.242032  -8.544038  -8.625818  -8.962276  -8.16089   -8.743268
  -8.383726  -8.650468  -8.444162  -8.422296  -8.401532  -8.927476
  -8.374852  -8.556972  -8.950444  -8.018732  -8.998526  -8.194472
  -8.716182  -8.36099   -8.20323   -9.912142  -8.033522  -8.567876
  -8.626398  -8.774646  -8.166052  -8.704176  -8.795526  -8.863966
  -8.289592  -8.593628  -8.109908  -8.486328  -7.798448  -8.476062
  -8.401184  -8.292202  -8.480992  -7.823098  -9.053974  -8.594324
  -8.4216    -8.139198  -8.400894  -8.082706  -9.137958  -9.509042
 -11.109262  -9.152806 -10.534308  -9.856636 -10.034986  -9.60886
 -10.234564 -10.289084  -9.978842 -10.993436 -10.778778  -9.273968
  -9.691046  -9.478534  -9.412356  -8.45234   -6.62447   -6.189006]"
725,"[ -9.421288  -9.9615   -10.616146 -11.548902 -10.712774  -8.437434
  -8.335238  -6.837562  -7.088354  -8.086476 -10.043396  -9.332896
  -8.143722  -7.03975   -8.508484  -9.408354 -10.079182 -10.17668
  -9.320774  -9.806118 -10.03922   -8.773602 -10.179522  -9.046898
  -9.710534 -10.1413    -8.826788  -8.884498  -8.76119   -9.836974
  -9.15153   -9.180588 -10.005638  -9.816036  -8.034856  -9.228438
  -7.730588  -8.801558  -9.751366  -8.27254   -8.18061   -8.844362
 -10.356712  -9.301634  -9.107972  -9.38788   -8.7725    -8.598616
  -9.292818  -9.07903  -10.001346 -10.217744 -10.167458 -10.913976
  -9.763314 -10.153306  -8.907002  -8.488706  -9.324312  -8.46365
  -7.339784  -7.892408  -8.980198  -7.291644  -9.304766  -8.752896
  -9.588792  -8.585624  -8.636142  -9.621214  -9.408934  -8.084968
  -8.083518  -8.016702  -8.325436  -8.50048   -8.0881    -8.739788
  -9.131462  -9.725092  -9.529226  -7.995938  -7.845428  -8.055214
  -9.249028  -8.747212  -9.381268 -10.101976  -9.412878  -9.842658
  -9.301576  -8.147898  -9.222232  -8.543284  -9.499588  -9.089296
  -9.064762  -9.060528  -8.924228  -9.004384  -8.752548  -9.414676
  -8.208914  -7.87988   -8.469972  -6.556088  -5.23015   -6.751026
  -7.79201   -7.146586  -5.887464  -6.113722  -7.00901   -8.41928
  -8.19105   -9.380108  -9.344612  -9.70311   -9.623476 -10.90052
 -10.326436  -9.572552  -9.970838 -10.060158  -8.81455   -7.833016
  -8.765888 -10.239668  -8.689386  -7.540348  -6.471524  -9.11586
  -8.792394  -9.792778  -9.990384  -7.000078]"
726,"[ -7.751758  -8.816174 -10.115258  -9.557994  -9.284176  -9.251058
  -8.263434  -9.72718   -9.711172  -6.896142  -5.741188  -5.631568
  -6.636766  -9.646154 -12.266652 -12.28991   -8.64925   -7.644806
  -6.80891   -7.941998  -7.779598  -8.918834  -8.174926 -10.372314
  -9.090514 -10.099192 -10.74827  -10.316344 -10.174766 -10.522012
 -10.188048 -10.36112  -10.789856 -10.53715  -10.128366 -10.269944
 -10.473466  -9.943578 -10.650192 -10.164674 -10.470972 -10.985954
 -10.495506 -10.440058  -9.222406  -9.786514  -9.725904  -9.416938
  -9.398958  -9.672486  -9.790052  -9.581716  -9.5004    -9.52186
  -9.997344  -9.437354  -9.90988   -9.081524  -9.56565   -9.342698
  -9.645806  -9.451448  -8.509064  -9.206456  -9.332084 -10.092812
  -9.564432  -9.028454  -9.947116  -9.485668  -9.65584   -9.487698
  -9.685072  -9.537288  -9.771608 -10.077732  -9.477606  -9.453594
  -9.01523   -9.89074   -9.79649   -9.580266  -9.691626  -9.763198
  -9.351108  -9.541058  -9.779206  -9.698586  -9.418388  -9.58914
  -9.0915    -9.15269   -9.71848   -9.30523   -9.480158  -9.985164
  -9.704792  -9.695338  -9.518264  -9.781758  -9.469022  -9.30784
  -9.13587   -9.581136  -9.553528  -9.132564  -9.494426  -9.27507
  -8.98275   -9.446402  -9.714884  -9.580614  -9.713144  -9.909938
  -9.341074  -9.625448  -9.834364  -9.486422  -9.09324   -9.527892
  -9.716566  -9.735068  -9.795504  -9.600218  -9.056642  -9.468094
  -9.80084   -9.61901   -9.979364  -9.374482  -9.86203   -9.341074
  -9.173164  -9.307608  -9.326864  -9.685246  -9.26521   -9.19503
  -9.252044  -9.610948  -9.268342 -10.01022   -9.711404  -9.10426
  -9.294268  -9.019232 -10.05575   -9.396     -9.353312  -9.362128
  -8.468058  -8.3433    -9.324138  -8.828006  -8.11507   -8.177884
  -8.503206  -6.963364  -9.462642  -8.022618  -7.211372  -7.911374
  -8.625992  -8.22904   -8.936176  -8.691938  -9.035994  -9.014476
  -9.695164  -8.531684  -7.593476  -7.991066  -8.64345   -9.027352
  -9.303316 -10.164906 -10.25382  -10.313154 -10.76248   -8.804806
 -10.31617   -8.277412  -9.489786  -8.922082  -9.9673   -10.399806
 -10.067524  -9.020276  -9.592446  -8.577214  -6.267944  -7.997736
  -6.729102  -7.712956  -7.669456  -5.23305   -5.535752]"
727,"[-10.635924 -10.792582 -10.49365  -10.324754 -10.787768 -10.399458
 -10.64706  -10.197386 -10.296798 -10.749894 -10.609708 -10.27847
 -10.739048  -9.9847   -10.76132  -10.850988  -9.904428 -10.924822
 -10.934102 -10.915948 -10.678496 -10.452992 -11.216504  -7.566506
  -6.867316  -5.417374  -5.217216  -6.952518  -9.009024  -9.31132
  -8.049994  -8.727376  -9.493614  -9.470182  -9.744116 -10.479962
 -10.085388  -9.787268  -8.519794  -5.18926   -5.893148  -8.556044
  -7.28538   -8.431228  -7.161724  -5.5071    -6.427154  -7.985208
  -9.06656  -10.140372  -8.46713   -8.246034  -9.11876   -9.70166
  -9.772884  -9.783788  -9.526906  -9.217766  -8.337906  -8.101266
  -9.698644  -9.735184  -9.50359   -8.780156  -8.64461   -8.470726
  -8.23658   -9.040924  -9.221362 -10.015034  -9.947754  -9.636178
  -9.631074  -9.489032  -9.927918  -8.509354  -9.17618   -9.89654
  -9.192188  -7.873094  -9.402786  -9.80838   -8.973296  -8.626166
  -7.664004  -8.996148  -9.252276  -7.127214  -6.276644  -6.212844
  -6.166328  -5.634294  -5.247028  -7.37992  -10.068394  -8.18844
  -7.92019   -9.507766  -6.557654  -6.18396   -8.284952 -10.347316
 -11.904732 -11.98686  -12.03906  -11.48545  -11.065066 -10.837358
 -12.126524 -12.112604  -9.93743  -10.058708 -10.258808 -11.983322
 -10.863922 -10.898432 -11.587878 -12.645914 -10.206608 -11.467876
 -11.24417  -10.67722  -10.628326 -12.351738 -10.709062 -10.730522
 -12.379984  -9.964342 -11.382732 -11.705154 -12.261374 -11.117208
 -11.39207  -12.364614 -10.776052 -10.78278  -10.16827  -11.82388
 -11.261628 -11.572218 -10.956954 -11.780438  -9.296588 -10.817464
 -12.444074 -11.864248 -11.30507  -11.798708 -10.89443   -9.107682
 -11.711012 -11.009038 -11.44514  -12.204766 -12.314386 -11.4579
 -10.899708 -11.637874 -11.725106 -11.439398 -11.539506 -11.496354
 -12.251398 -11.953394 -11.760196  -9.849618 -11.037748 -11.050334
 -10.384668 -12.08372  -10.431184 -10.993262 -11.000048 -11.735198
 -11.004572 -11.067502 -10.542254 -11.342596 -10.502872 -12.07879
  -9.986498 -10.517488  -9.700036  -9.408528 -10.29587  -11.514914
 -10.645436 -12.101062 -11.265978 -10.34604   -8.366674  -5.211242]"
728,"[ -7.85813   -7.940722  -7.980742  -7.747582  -9.417576  -9.80838
 -10.204752 -10.578214  -9.849792 -10.110154 -10.769266 -10.132194
  -9.905588 -10.038814  -9.614428  -9.363578  -9.54158  -10.353522
  -9.606656  -9.262078  -9.893002  -8.392368  -5.85684   -6.795222
  -8.283154  -8.627674  -8.107994  -8.356466  -8.880844  -7.405498
  -7.78447   -5.4143  ]"
729,"[ -9.368566  -9.52737   -9.314162  -9.744058  -8.992262  -9.176934
  -9.114932  -9.396348  -9.62568   -9.16516   -9.164116  -8.662532
  -9.21098   -9.611354  -9.13152   -9.214924  -9.203614  -8.968888
  -9.51751   -9.13152   -9.309116  -9.097996  -9.38875   -9.392984
  -9.519482  -9.227684  -9.248158  -9.914926  -8.885542  -9.168466
  -9.664366  -9.40267   -8.503322  -9.460844  -9.33191   -9.271068
  -9.805828  -9.159708  -9.435382  -9.319614  -9.21127   -9.432482
  -9.468036  -9.259294  -9.04539   -9.567738  -9.346874  -9.353544
  -9.488568  -9.244272  -9.467398  -9.477606  -9.74806   -9.515422
  -9.487466  -9.619416  -9.601146  -9.488104  -9.441124  -9.277912
  -9.336666  -9.55579   -9.150602  -9.293572  -9.354124  -9.5584
  -9.517916  -9.465426  -9.450752  -9.704096  -9.321644  -9.391128
  -9.260512  -9.52476   -9.343394  -9.272228  -9.114352  -9.352326
  -9.683738  -9.438804  -9.287424  -9.497964  -9.275766  -9.067778
  -9.57174   -9.827346  -9.61176   -9.473256  -9.166552  -9.24375
  -9.431612  -9.213126  -9.295254  -9.453768  -9.47053   -9.530908
  -9.29392   -9.353022  -9.504866  -9.291716  -9.115396  -9.169568
  -9.31886   -9.237254  -9.239226  -9.20605   -9.531662  -9.389446
  -9.460264  -9.34583   -9.387822  -8.931188  -9.045622  -9.470124
  -9.358474  -8.944934  -9.26492   -8.504888  -9.122182  -9.223218
  -9.114294  -9.466644  -9.600682  -9.461018  -9.194508  -9.253958
  -9.267008  -9.517974  -9.424942  -8.953286  -8.775052  -9.428712
  -9.255582  -9.504228  -9.421752  -9.072998  -9.273098  -9.00943
  -9.511246  -9.215678  -9.154256  -9.439268  -9.304708  -9.560546
  -9.655434  -9.532648  -9.231628  -9.42297   -9.466586  -9.235862
  -9.464092  -9.59204   -9.455044  -9.326748  -9.67179   -9.05699
  -9.45226   -9.463338  -9.115396  -9.137842  -9.492918  -9.151124
  -9.261904  -9.063544  -9.387996  -9.395072  -9.526964  -9.014766
  -9.084192  -9.248622  -9.59552   -9.51809   -9.41021   -9.320252
  -9.609788  -9.439732  -9.5671    -8.876146  -8.78845   -9.238994
  -9.415604  -9.403192  -9.016506  -9.209646  -9.338754  -9.796838
  -9.846428 -10.069844 -10.830166 -10.786724 -11.10062  -10.098438
  -9.77329   -8.426066  -7.827332  -8.42073   -7.991356  -9.462758
  -9.831464  -9.716334 -11.244692  -9.762792 -10.675828  -8.655978
  -9.288758 -10.72391  -10.88254  -11.51416  -10.378578 -11.520772
 -10.65373  -11.921436 -10.550084 -11.067096 -10.740208  -9.520642
 -10.352652  -9.928382 -10.629254  -9.943636 -10.837184 -10.10534
 -10.683774 -10.88747  -10.744268 -10.712774 -11.739258 -10.065958
 -11.048246  -8.527972  -7.6096    -7.91932   -8.65824   -9.262194
 -10.337166 -11.409528 -10.431242 -10.696708  -9.509158  -9.526848
  -9.826592 -10.510354 -11.039372 -11.104912 -11.203802 -10.58674
 -11.412022 -11.593794 -11.816688 -10.731566 -11.964124 -10.760392
 -10.677162  -9.903906  -9.03437  -10.526594  -9.475112  -9.70427
  -9.83216   -9.805074 -10.626992 -10.043628  -9.37222   -9.53433
  -8.688864 -10.628384 -10.38345  -10.407926  -9.55782   -8.796106
  -9.176702  -9.11789   -8.529074  -9.564374  -9.039358  -9.759428
  -9.876124 -10.320462  -9.839758 -10.062362 -11.715942  -9.915274
  -7.822112  -7.535766 -10.89617   -9.78315   -9.568086  -9.845964
  -9.45429   -8.26471   -8.614218]"
730,"[ -7.606584  -7.173962  -7.475388  -7.05135   -7.782034  -7.784876
  -9.038024  -9.482014 -10.070192  -9.320136  -9.887376  -9.767374
  -9.581368 -10.242104  -9.538796  -7.67253   -9.698992 -10.029882
  -8.637244  -9.162608  -9.591692  -8.441204  -8.471538  -8.198126
  -7.243272  -9.310392  -7.726528  -6.94492   -5.056904  -5.142106
  -8.056432  -8.313894  -9.82549   -8.780794 -10.017528  -9.810816
  -9.56826  -10.039394  -9.852054 -10.042816  -9.481318  -9.55434
  -9.31103   -9.32611   -8.477918  -9.428422 -10.00268   -9.250188
 -10.154524 -10.186598 -10.144838  -9.559502  -8.979038  -8.904102
  -9.606192  -9.910808 -10.066712 -10.725708  -8.321724  -9.473836
  -9.250188 -10.120768  -7.337754  -7.898324  -8.188498  -7.783774
  -5.82581   -5.12836 ]"
731,"[-10.081328  -9.103274 -10.328814 -10.41419  -13.026858 -11.962674
 -13.031846 -12.324362 -12.718008 -12.97721   -8.871854  -9.559734
 -10.35126  -10.639578 -10.189788 -11.149804 -10.534018  -9.633278
  -9.723816 -10.76625  -13.302126 -12.752402 -12.968278 -13.371958
 -13.243256 -12.901056 -13.175918 -12.991594 -13.14889  -13.35131
 -13.318946 -13.107768 -13.18485  -12.53264  -12.938988 -12.805124
 -12.496448 -12.065508 -11.499196 -10.67693   -9.893176 -12.130294
 -12.796192 -12.314444 -13.69989  -13.757078 -13.511912 -12.63936
 -12.112952 -12.087838 -10.626876  -8.710556  -6.153916  -7.775074
  -8.786478  -8.787348  -8.854918  -8.740194  -9.053916  -9.516234
 -10.598166 -10.280326  -8.193718  -9.952626 -10.252022 -10.474568
 -10.329742  -8.138734  -9.852228 -10.32284   -7.119906  -6.31156
  -5.344178  -8.49207   -9.12688   -8.438304  -8.238552  -8.328046
  -8.778242  -8.48627  -10.324058  -9.76952   -9.113714  -9.721786
 -10.721358  -9.596158  -9.971186 -10.35155   -8.750866 -10.174012
  -9.716508  -7.804538  -9.623302  -9.001948  -9.194682  -9.415024
  -8.947486  -9.339682  -9.246708  -9.35714   -9.151878  -9.21678
  -9.45777   -9.119804  -9.925598  -9.227162  -9.086512  -9.536534
  -9.341596  -9.132332  -9.271474 -10.357524  -9.545872  -9.349716
  -9.027932  -8.456574  -8.587364 -10.122914 -10.38287  -13.291802
 -13.193028 -13.195406 -12.853032 -11.747842 -12.948268 -12.347562
 -12.2206   -12.350056 -11.834378  -8.761422 -10.087824 -10.28195
 -10.454326 -11.056076 -11.503314  -8.125858  -9.079204  -9.604916
  -7.78099   -6.884368  -8.897664  -9.244156  -7.465122  -8.18554
  -8.377346  -8.395036  -9.784368  -9.306216  -9.286496  -8.919008
  -8.07012   -8.242728  -7.244954  -8.52948   -8.903232  -8.129454
  -7.494006  -8.734568  -8.77047   -7.529154]"
732,"[-10.009118  -9.785992  -9.341596  -9.43225   -9.916724  -9.657812
  -9.896656  -9.889754  -9.922698  -9.554166 -10.033942 -10.03574
  -9.647024  -9.743768  -8.552158  -8.972426  -9.855302  -9.959064
  -9.956048  -9.583688  -8.97608   -9.88378   -9.40006   -9.222174
  -9.574988 -10.292564  -9.408528  -9.350586  -9.811512  -9.467166
  -9.58624   -9.526732  -9.296704  -9.255002  -9.386256  -8.801152
  -9.71268   -9.035124  -9.252856  -9.38672   -9.084598  -8.51759
  -9.414908  -9.579222  -9.012562  -9.038256  -9.193754  -8.937046
  -9.483     -9.260454  -9.330344  -9.080074  -9.17792  -10.788
  -9.801652  -9.724396  -8.95143   -9.268284  -9.405222  -9.354066
  -8.981996  -9.195552  -9.5613    -8.80092   -9.079494  -9.169394
  -9.719872  -8.52977   -9.65062   -9.631712  -9.059194  -9.387764
  -9.329706  -9.196828  -9.399248  -9.122704  -9.32611   -9.05989
  -9.50098   -9.559386  -8.764902  -9.473256  -9.212024 -10.741194
  -9.53462   -8.570544  -9.127866  -8.954272  -8.93983   -9.124212
  -7.299996]"
733,"[ -8.928114  -9.096836  -9.622606  -9.105072  -9.203672  -9.390606
  -9.44356   -9.084482  -9.236906  -8.956882  -9.554978  -9.428422
  -9.556718  -9.57116   -9.19358   -9.462062  -9.11122   -9.290382
  -9.490366  -9.180472  -8.90213   -9.291078  -9.22229   -8.843376
  -7.685406  -7.052626  -7.316758  -9.376164  -8.424268  -8.518924
  -9.53375   -7.974652  -9.232788  -9.104608  -9.340726  -8.473278
  -8.849118  -8.78381   -7.985382  -8.209842  -9.573364  -8.671812
  -8.192326  -9.599754  -8.262216  -9.72138   -9.045274  -7.795664
  -9.088716  -8.925388  -9.495412  -8.985708  -9.37077   -9.031122
  -8.757652  -8.849756  -9.103158  -9.086976  -9.251696  -9.636642
  -9.95367   -9.597782  -9.203092  -9.596042  -9.531198  -8.832588
  -9.93917   -9.504054  -9.514262  -9.738722  -9.44414   -9.966314
  -9.804262  -9.90437   -9.583804  -9.474068  -9.942302  -9.548366
  -9.51577  -10.274178  -7.691032  -7.353008  -7.347614  -8.331584
  -8.59734   -8.949632  -8.877248  -9.341654  -9.228438  -8.62257
  -9.38556   -8.265406  -9.33887   -8.950328  -8.794134  -8.443814
  -7.689118  -8.362846  -8.136878  -7.341466  -7.356372  -6.888428
  -7.068112  -6.345142  -7.45474   -7.560706  -7.860914  -7.829014
  -9.553064  -8.1229    -8.44799   -8.439754  -8.226314  -8.822786
  -9.773754  -9.345482  -8.967612  -9.08976   -7.35933   -7.08093
  -7.628914  -9.317526  -8.664446  -8.24963   -9.159708  -8.547808
  -9.728746  -5.931138]"
734,[-5.965764 -5.38733 ]
735,"[-10.80163  -10.146462 -10.687602 -10.155684 -10.740904 -10.379274
 -10.368312 -10.605938 -11.702544 -11.862566 -10.420744 -10.06619
  -9.791618  -9.284524  -8.907466  -7.411298  -8.578548  -7.347614
  -8.177826  -9.47662   -9.877632  -7.79143   -8.411044]"
736,"[ -9.707924 -10.106036  -9.351514  -9.85565   -9.971012  -9.37976
  -8.99232   -9.440776  -9.88465  -10.038466 -10.075238 -10.391396
 -10.448758 -11.777306 -11.261106 -10.635344 -10.509658  -9.331156
  -8.459648  -8.964596  -9.024394  -8.393644  -8.14204   -8.609578
  -8.665258  -8.433606  -9.561068  -9.286148  -9.636468  -8.782708
  -8.656674  -8.54746   -8.836126  -8.7522    -8.390338 -11.11686
  -8.836242  -7.75228   -8.14871   -7.391868  -7.739578  -9.247462
  -8.22237   -7.708606  -9.262252  -7.408514  -5.333158]"
737,"[ -8.135602  -7.513204  -8.570022  -8.217208  -9.061862  -9.899324
  -8.303744  -8.23136   -9.304998 -10.832892 -10.901332  -9.487988
 -10.893154  -8.056722  -8.782534  -9.133318  -9.65845  -10.019036
 -10.063754  -8.55413   -8.689386  -9.217128 -10.115838  -8.535454
  -7.535592 -10.702044  -9.865626 -10.652396 -10.211886 -10.827962
 -10.865082 -11.402626 -10.00616   -7.806046  -8.04547   -9.971824
 -11.344568 -10.896924 -10.514008 -10.752562 -10.183698 -11.073476
 -11.18849  -11.243126 -11.823706 -10.67258  -11.55099  -11.83867
 -10.18422  -10.919486 -10.608548 -10.58065  -10.196806 -11.6232
  -5.67211 ]"
738,"[-10.40143   -8.277412  -9.25883   -9.215562  -8.714848  -8.928752
  -9.550628  -8.753882  -7.611514  -8.585508  -8.210016  -8.19134
  -6.417352  -7.821068  -5.840774  -7.902152  -8.004522  -7.979872
  -7.044506  -7.151226  -6.199272  -7.803436  -5.756094  -5.827086
  -6.068424  -5.186998]"
739,"[ -8.175738  -8.777024  -8.474322  -9.255466  -8.840128  -9.834364
 -10.102382  -8.992726  -9.19793   -9.313582 -10.11897   -8.795526
  -9.71993  -10.05749   -9.439094  -9.094226  -9.737214  -9.069866
  -8.588118  -8.192674  -9.023524  -8.853352  -9.017434  -8.94302
  -9.372974  -9.03959   -8.830036  -9.267472  -8.838794  -9.214634
  -8.86994   -8.553086  -9.223102  -9.180124  -9.216084  -8.56544
  -9.104782  -8.582318  -8.038278  -7.785398  -7.385256  -9.22055
  -8.996554  -9.520004  -9.918638  -8.98797  -10.365238  -9.582122
  -9.68542   -9.324022  -9.771376  -7.992748  -6.81761   -6.78948
 -11.385052  -5.920292]"
740,"[ -9.701776  -8.959782  -9.765286  -9.647198  -9.30378   -9.596042
  -9.281044  -9.327328  -8.664388 -10.028896  -9.483754  -8.52716
  -9.43892   -9.788312  -9.782976 -10.083706 -10.191992  -9.240734
 -10.37011  -10.742528  -9.539318  -9.53955   -8.674364  -8.98217
  -6.404882  -6.436376  -9.176528  -9.577076  -8.883918 -11.783396
 -11.12498   -9.132448  -8.680338  -8.04837   -8.051212  -8.828354
  -8.850742  -9.552658  -9.692148 -10.769324  -9.233484  -8.754868
  -8.156656  -8.527044  -6.348332  -6.18744   -7.392158  -9.364332
  -8.420614  -8.716472  -8.104862  -7.520918 -10.46291   -8.53006
  -8.99986   -9.57145   -9.666106  -7.074086  -8.140416]"
741,"[ -8.773254  -9.220608  -9.184648  -8.582782  -8.673378  -8.745588
  -9.038836  -9.589372  -8.316562  -9.065168  -8.581912  -8.766062
  -8.569558  -9.10774   -8.588756  -8.773892  -9.09962   -8.80643
  -8.678366  -8.880032  -8.760668  -9.310856  -7.926686  -9.12949
  -9.459684  -7.849314  -9.143526  -7.647764  -6.535556  -7.566158
  -9.66164   -8.478208  -9.63554   -8.498044  -8.72146   -9.705198
  -8.193254  -9.75647   -8.60198   -9.234644  -9.022422  -8.669086
  -9.275476  -9.0567    -9.613732  -9.431612  -8.22846   -9.622896
  -8.403678  -8.80324   -9.84057   -8.99      -9.171308  -9.05467
  -8.657196  -9.145962  -8.96796   -9.260918  -9.549874  -8.79715
  -8.884092  -8.81861   -8.201374  -9.257438  -8.855788  -9.334172
  -9.022654  -8.62518   -9.12398   -8.573444  -9.370248  -9.68832
  -8.541834  -9.670224  -8.599544  -9.54506   -9.280116  -8.869012
  -8.583304  -9.353602  -8.016818  -8.89778   -9.016042  -8.855672
  -9.787674  -8.447758  -9.37483   -8.018558  -8.86646   -9.401684
  -9.822068  -9.114004  -8.578664  -9.631712  -8.809388  -7.270184
  -9.409456  -9.454812  -8.204912 -10.067872  -9.12166   -8.813738
  -9.88175   -8.584638  -9.698412  -8.821278  -8.584058  -8.826846
  -8.866692  -8.262564  -9.59639   -8.185366  -9.760124  -7.534722
  -8.463592  -9.345714  -8.729928  -8.939308  -9.146368  -8.671406
 -10.007726  -8.091406  -9.336086  -9.234992  -8.408376  -9.841846
  -8.492302  -8.649192  -9.221304  -8.422238  -9.243286  -7.882374
  -9.769752  -8.19482   -9.00102   -8.3085    -9.657174  -8.485168
  -9.277564  -8.39028   -9.274374  -9.28174   -8.699884  -8.591772
  -9.014302  -8.981822  -8.94302   -9.455566  -7.94194   -8.945804
  -8.950328  -8.852656  -9.564548  -8.553086  -8.895286  -8.654122
  -9.305404  -9.114468  -8.508368  -9.151936  -9.056642  -8.318244
  -9.555442  -8.681208  -9.1988    -9.273156  -8.528668  -8.835836
  -9.745102  -7.899368  -9.35395   -9.123168  -8.613928  -9.965908
  -9.05351   -8.821568  -9.722656  -8.706786  -9.903268  -8.259258
  -9.206514  -8.746632  -8.57327   -9.043244  -9.131346  -9.404584
  -9.156112  -8.761538  -8.93519   -8.778068  -9.434338  -9.015462
  -9.363578  -9.004674  -8.803124  -9.421752  -8.73828   -9.369146
  -8.533772  -8.8044    -9.251638  -8.658936  -8.829862  -9.152168
  -9.044288  -9.210284  -9.038314  -8.872898  -9.197756  -9.931456
  -8.513472  -7.871354  -9.825142  -8.686428  -9.861044  -8.693562
  -8.484936 -10.088114  -8.514226  -8.953286  -8.775632  -8.978226
  -8.670884  -9.937082  -9.009198  -8.652962  -9.678518  -8.915006
  -9.104144  -8.823134  -8.56254   -9.457248  -9.078856  -9.721728
  -8.35142   -7.815094  -9.354472  -9.995372  -8.433722  -8.52629
  -8.555232  -8.576692  -8.847262  -8.712644  -8.706844  -8.746342
  -9.230758  -9.010126  -9.333302  -8.683296  -9.111394  -8.793322
  -9.012156  -9.086628  -9.384342  -8.396196  -9.532068  -8.82151
  -9.252392  -9.481608  -9.210458  -8.560162  -8.691126  -9.421694
  -8.539224  -8.823714  -9.463454  -9.141844  -8.355886  -8.827658
  -9.10977   -9.473198  -8.287678  -9.409688  -8.797556  -8.738744
  -9.217824  -8.80875   -9.803102  -8.458488  -9.507534  -9.71123
  -8.729696  -9.222406  -8.816638  -9.5381    -9.20837   -8.80962
  -8.92156   -8.50106  -10.117288  -8.557784  -8.654296  -8.892328
  -8.66317   -8.993712  -8.318476  -8.83311  -10.007436  -8.545952
  -9.49663   -9.283364  -8.520374  -9.134536  -8.806024  -8.974398
  -9.228902  -8.939946  -8.753012  -9.327154  -9.076826  -8.802138
  -9.733676  -8.600298  -8.66404   -9.162144  -8.635272  -9.40992
  -8.774066  -9.615646  -8.569442  -9.095618  -9.935574  -8.39869
  -9.574756  -8.704408  -7.773624  -8.460576  -9.58479   -8.922952
  -8.266972  -9.282958  -8.225444  -8.470494  -9.61466   -8.820408
  -8.797962  -9.254538  -8.669956 -10.21438   -8.31923   -9.714884
  -8.382914  -9.620402  -8.68985   -9.16835   -8.770934  -9.232672
  -9.087788  -9.411022  -9.810178  -8.364934  -8.8189    -9.241314
  -8.813854  -8.623846  -9.76053   -8.79976   -8.62837   -9.585602
  -8.823308  -8.695418  -9.426914  -8.564512  -9.508404  -8.917036
  -8.71044   -9.239922  -8.662938  -9.698702  -8.35171   -9.489148
  -8.670246  -8.790306 -10.674784 -10.183988  -8.70609   -9.57725
  -9.189694  -8.748082  -9.38208   -8.322014  -9.957962  -8.842912
  -9.129838  -9.502952  -8.057534  -8.896678  -8.78323   -8.879278
  -8.595716  -8.786826  -9.056642  -8.4738    -9.507186  -8.602792
  -8.91025   -9.196074  -8.688516  -7.99762 ]"
742,"[ -8.861588  -9.075028  -9.360678  -9.000208  -9.059832  -9.339334
  -9.627536 -10.404736  -9.490076  -8.419628  -8.979676  -6.660198
  -5.45113   -5.683362  -7.233528  -8.639332  -9.139176  -9.496398
  -8.75713   -7.034298  -6.916268  -6.680614  -9.27739   -8.424558
  -9.997518 -10.060622 -10.783592 -10.499044  -8.638984  -6.966844
  -5.094836]"
743,"[ -8.796048 -10.519054  -8.91547   -9.412936  -9.984352  -9.34757
  -9.978494 -10.334846 -10.632096  -9.480042  -9.78228   -9.611238
  -9.506664  -9.664366 -10.199938 -10.003144  -9.52476   -9.522208
 -10.114968  -9.66628   -9.24665  -10.215018  -8.776444 -10.782954
  -9.246012  -9.879024  -9.566288  -9.388112 -10.980792  -9.159592
  -9.202802  -9.987136  -8.110256  -9.27884  -11.266152  -6.960986
  -7.255858  -7.21114   -9.196538 -10.181262 -11.308086 -10.712136
 -11.51213  -10.279746 -10.162586  -9.14805   -8.010322  -7.843398
  -7.07223   -6.108792  -6.479992  -6.585958]"
744,"[ -8.584928 -10.861022  -7.2587    -8.427052  -8.92098   -8.614682
  -8.892386  -8.813912  -8.434186]"
745,"[-10.254516 -10.38722  -10.018746 -10.373126  -7.742072  -8.125046
 -10.13289   -8.70029   -7.377774  -5.69386   -5.401888  -5.759922
  -6.26342   -8.078472  -7.738766  -7.88133   -5.543118]"
746,"[ -8.380768 -10.484486 -11.61827  -11.78415  -11.36278  -11.74703
 -11.982858 -10.34807  -10.731508 -11.639382 -11.44137  -11.665134
 -11.674414  -9.964864  -8.80904   -9.822358  -8.931884  -9.197988
  -9.31683   -8.533946  -8.925272  -6.844348  -5.305666]"
747,"[-11.905834 -11.014896 -11.675342  -9.613384  -8.942788  -8.0881
  -5.315526]"
748,"[-10.32516   -9.612456  -9.020566  -9.228554  -8.992088 -10.681396
 -11.873818 -10.252834 -10.360888 -10.475264 -10.537324 -10.10273
  -9.966662 -10.231664  -9.976348 -10.437448 -10.148956  -9.990094
 -10.273714 -10.192978 -10.24686   -9.709896  -9.343974  -9.436948
 -10.122972 -10.0978    -9.091036  -9.299952  -8.958158 -10.36982
  -9.632756  -9.769578 -10.64909   -6.79383   -6.91331   -7.196872
  -7.397204  -7.564186  -8.139372  -8.140938  -7.436296  -7.472082
  -8.440102  -8.930956  -5.837352]"
749,"[-8.83601  -9.177572 -8.902304 -9.124386 -9.132274 -9.620344 -9.252392
 -8.550882 -9.307608 -9.777466 -9.58972  -9.58508  -9.629914 -9.297748
 -9.640876 -9.327676 -8.959956 -9.18778  -9.172758 -9.69441  -9.068996
 -9.167944 -9.547902 -9.496804 -9.359228 -9.71616  -9.19938  -9.8658
 -8.858282 -9.393564 -9.467746 -9.590764 -9.283712 -9.409166 -9.73269
 -9.676198 -9.375642 -9.756934 -8.832472 -8.863038 -9.732458 -9.593432
 -9.739592 -9.499762 -9.425406 -9.699688 -9.306274 -9.705082 -9.564316
 -9.251232 -6.874798]"
750,"[ -8.354088  -9.110466  -8.64084   -8.608824  -9.497964 -10.217454
  -9.834538  -9.523484  -9.664946 -10.01283  -10.097684  -9.373554
  -9.608976  -9.037328  -9.466122  -8.401474  -9.310392  -9.950654
 -10.179986  -9.498196 -10.48524   -8.472176  -9.292122  -9.965154
  -9.951582  -9.874268  -9.72196   -9.664714 -10.222964 -10.18625
  -9.22635   -9.922988  -8.838852  -8.230432  -8.866286  -8.672392
  -8.095234  -6.2553  ]"
751,"[ -7.673168  -9.172352  -7.780932  -8.888442  -9.205586  -7.735924
  -9.159882 -10.50438   -9.43573  -10.689864 -11.71658  -11.86274
 -11.990746 -11.798476 -11.56201  -11.049     -9.499704 -11.659334
 -10.250514  -8.56225   -9.673298 -10.547184  -9.491816  -9.219564
 -12.02021  -10.431764  -9.485204  -9.698064  -7.35208   -5.976958
  -6.123814  -7.079828  -9.356328  -9.465948  -9.597724  -9.033732
 -11.08989  -11.225146 -11.529356 -11.537128 -12.110516 -11.90015
 -12.241422 -11.496412 -11.315684 -10.030056  -6.745226  -6.257272
  -8.320796  -9.132216  -9.359924  -6.035538]"
752,"[-10.650482 -10.089332  -9.83506  -10.321216 -10.51395  -10.52207
 -10.563482 -10.323884  -9.968982  -9.968808  -9.704676  -9.644008
 -10.322376  -9.90118   -9.239748  -8.220224  -8.800862  -7.664642
  -8.165588  -8.686602  -8.36679   -9.365782  -9.713956  -9.665294
  -9.259004 -10.421208 -10.23265  -10.606808 -10.057606  -9.823286
 -10.104354 -10.017354 -10.208406  -9.630726  -9.183314  -8.846276
  -8.913788  -7.00756   -6.16105   -8.093262  -8.278166  -8.79338
 -10.356016 -10.759     -9.953844  -9.984004 -10.904116 -10.106558
  -9.65526  -11.444676 -10.989144  -9.905936 -10.174998 -10.106558
 -11.669368 -11.385922 -11.3187   -10.022806 -10.107602 -10.598688
 -10.239436 -10.478048  -9.81273   -9.22258   -9.483928 -10.458792
  -9.81244   -9.262136  -7.129998]"
753,"[-12.553404 -10.61052  -11.6986   -10.705292 -12.04341  -11.850502
 -11.14876   -9.683158  -9.83999  -10.683368  -9.141786 -10.899766
 -11.127648  -7.999766  -7.652868  -7.85929   -8.739092  -8.221094
  -8.740194 -10.679076  -9.8629   -11.441312 -11.023596 -10.693054
  -9.26115  -11.035602 -10.996974 -10.151972 -11.747958 -11.74413
 -10.899418  -7.565404  -7.145658  -8.877944  -8.838678  -8.5463
  -9.42906   -8.380072  -9.593722  -9.35482   -9.306332  -9.077696
  -8.227996  -8.635736  -7.160448  -9.306506  -7.435426  -7.166248
  -7.6241    -8.367892  -8.253748  -8.092276  -6.683514  -9.304534
  -9.457422 -11.530922 -10.982358 -10.648394 -11.022842 -10.565396
  -9.178384  -8.759044  -9.168814  -8.793322  -9.713782  -7.474054
  -6.118188  -7.035574  -8.831834  -6.120566  -8.059506  -9.421288
  -9.890798  -9.414154  -8.040018  -8.34214  -10.051284 -10.584942
  -8.483486  -8.297016  -7.329228  -7.654202  -8.103122  -7.357764
  -8.327176 -10.34575   -8.738106  -8.994002 -10.083996  -8.447932
  -9.008618  -8.91112   -9.035414  -9.29102   -8.931188  -8.718444
  -8.63272   -8.892792 -10.402242  -8.313082  -8.123886  -9.632582
  -7.895714  -9.821836  -9.009488  -9.209646  -9.272634  -9.892538
  -9.282494  -9.089934  -9.208312  -9.73472   -8.377346  -9.324892
  -8.999802  -7.846704  -9.570638  -9.557008 -10.850582 -11.32508
 -10.853192 -10.555884 -10.399168 -10.91067  -10.856324  -9.800434
 -10.386292 -10.035856  -9.160868 -10.313966 -11.158562 -10.971512
 -10.534656  -9.883722 -10.80946  -10.097858 -10.237174 -10.597818
 -10.504148 -10.31095  -10.005406 -10.893154 -10.038234 -10.471204
  -9.82433  -10.868098 -10.254168 -10.01051  -10.424514 -10.911598
 -10.767758 -10.523172 -10.798266 -10.326958  -9.89335   -8.4535
  -6.4467    -8.092972  -9.95164   -9.648532 -10.711034 -10.28804
 -10.07489   -9.541812  -9.944042  -8.951372  -9.269096  -9.64714
  -8.921038  -8.782534  -9.425522  -9.36671   -9.070968  -8.964132
  -9.229076  -9.371698  -8.539108 -10.07692  -10.076398  -9.018594
  -9.182502  -8.881018  -9.373844  -8.925794  -9.13268   -8.45495
  -7.857086  -8.96448  -10.288446  -8.926664  -9.19735   -9.45371
  -8.830558  -9.35424   -8.856484 -10.079008  -9.383356  -7.481362
  -9.946826 -10.205332  -8.84268   -9.246012  -8.994524  -9.91046
  -9.110524  -9.190796  -9.36845   -9.239516  -8.750402 -10.123552
  -9.118702  -8.802254  -8.90387   -9.473082  -9.147818  -9.301286
  -9.418736  -9.054032  -8.818088 -10.473292  -9.027758  -8.969294
  -9.343394  -9.019     -8.778706  -8.971034  -8.93316   -9.660828
  -9.372916  -9.124966  -8.62866   -8.914078  -9.238646  -9.07816
  -8.98739   -9.745624  -9.839526  -8.994872 -10.119782  -9.894568
  -9.870498  -8.406984  -8.820988 -10.021182  -9.45922  -10.12651
  -8.981706  -9.044868  -9.498892  -9.39252   -9.484914  -8.108632
  -9.42326   -9.178152  -9.32495   -9.55434   -8.994292  -8.76003
  -9.901006  -9.02538   -9.91017   -8.844942  -9.583108  -8.451992
  -9.361316  -9.137262  -8.532148  -9.506664  -8.742166  -8.820698
  -8.70029  -10.023444  -9.338232  -9.421404  -8.954852  -9.0886
  -8.715022  -9.29015   -9.33017   -9.611528  -9.929542  -9.531314
  -9.162666  -9.027526  -9.198626  -9.074738  -9.95744  -10.123436
 -10.923488 -10.75871  -10.572008 -10.790088 -10.40549  -11.102128
 -11.386212 -10.563482 -10.62821  -11.10729   -9.562808  -9.19445
  -8.425138  -9.1785    -9.517046  -8.378332  -8.861646  -9.115802
  -9.240908  -9.28232   -9.752816  -8.573618  -9.247694  -8.889486
  -9.512174  -9.431496 -10.321738  -9.712448  -9.649576  -8.991218
  -8.166168  -9.580382  -9.725266  -9.009024  -9.748756  -9.941026
  -9.99862   -9.184184 -10.424224  -8.822264  -9.284234 -10.119202
  -9.111394  -9.115512  -9.087034  -9.25245   -8.96506   -8.9813
  -7.895598  -9.410442  -8.754114 -10.013294  -9.376222 -10.368776
 -10.039336 -10.105862  -8.739846  -7.38688   -5.41575   -5.919364
  -7.474228  -7.854824  -5.443938]"
754,"[ -7.865438  -8.521708  -8.714326  -6.64332   -8.015252  -9.235688
 -10.407578 -11.874224 -11.799056 -10.720894  -9.48039   -9.995198
 -11.669716 -10.872216 -11.601566 -11.554006 -10.92488  -10.8518
 -11.00405  -11.1273   -11.230888 -10.37649  -11.479882 -11.472748
 -11.486668 -11.107986 -11.406338 -11.01623  -11.365912 -11.838728
 -11.271198 -10.960144 -10.813578 -11.317482 -11.611948 -10.785796
 -10.899128 -11.530516 -11.508592 -11.676386 -11.918884 -11.38076
 -11.469094 -11.774348 -10.889442 -10.991928 -10.787362 -11.094762
 -11.29985  -10.645552 -10.153016 -10.615798 -11.708402 -11.751902
 -10.218788 -10.263796  -9.202802  -7.727282  -7.57103   -9.265674
  -7.776524  -8.115418  -8.164892  -8.413828  -8.854222  -9.243866
  -9.468848  -9.560546  -9.402786  -9.591924  -9.165972  -9.531894
  -8.429024  -7.410834  -7.890842  -9.227916  -9.51258   -9.162492
  -9.201062  -9.795852  -9.092776  -9.297922  -9.291658  -9.609324
  -8.734916  -7.542958  -8.650584  -8.624774  -7.435078  -6.705786
  -7.02003   -7.169032 -10.694968  -8.83978  -10.18538  -11.099634
 -10.335252  -8.378448  -7.50636   -8.682832  -7.88597   -9.719814
  -8.486386  -9.282668  -9.08918  -10.349288  -8.08549   -6.648192
  -8.674016 -10.144606 -10.513428 -10.012772 -10.447424 -10.483326
  -9.718712 -10.68302   -8.734336  -7.303998  -7.975     -6.992306
  -9.445416  -8.55007   -8.3317    -6.482138]"
755,"[ -7.277666  -7.97761  -10.10592   -9.048174  -8.98043   -9.170612
 -10.15638   -9.52766  -11.186402  -7.947624  -7.713188  -7.083366
  -8.015948  -8.557784  -9.33539  -10.004362  -9.566984  -9.402554
  -9.526152  -9.681186  -9.571624  -9.102172  -8.821394  -9.334636
  -8.380826  -9.711984  -8.923706  -7.407528]"
756,"[ -9.836858  -8.87922  -10.346794  -7.322036  -7.854012  -9.667034
 -10.047108 -10.13985  -10.54933  -10.514646 -10.319418 -10.475264
 -10.034058 -10.397892  -9.002064  -9.121138  -7.512218  -6.777822
  -9.069054  -8.996844  -8.756782  -9.45516   -9.89074   -8.99638
  -7.663192  -7.506766  -5.592592  -5.918494  -7.246984  -5.564172
  -5.893264  -8.521534  -8.143954  -8.264884  -6.534048  -8.121334
  -8.29081   -9.126068  -9.704792  -9.802348 -10.34488   -9.336956
  -9.70572   -9.202164  -9.427842  -9.072708  -9.740462 -10.33009
  -9.05264   -8.99261  -10.054416  -8.989304  -8.844768  -9.464382
  -9.92728   -9.939576  -9.04017   -9.733792  -8.995974 -10.083242
  -8.654296  -9.672718 -10.525608  -9.00247  -10.731624 -10.020022
  -9.218578  -7.402656  -6.183902  -7.692076  -8.074528  -8.240408
  -8.71856   -7.854128  -7.283698  -9.922988  -8.392484  -8.121972
  -8.34127   -9.62394  -10.01863   -9.115222  -9.971244  -8.75278
  -7.31931   -9.180008  -9.929136 -10.414132 -11.014722 -11.03711
 -10.380724 -10.972788 -11.123066 -10.70332  -10.62618  -10.336934
  -9.627072 -10.025764  -9.970142 -10.265942  -9.99108   -9.245026
  -8.82789   -9.155068  -9.449012  -9.096894  -9.07497   -9.34467
  -9.023988  -9.495702  -9.107334  -8.929042  -9.183836  -9.374134
  -8.97521   -9.242532  -9.099446  -9.452028  -8.85834   -8.801616
  -8.774124  -8.861066  -9.087788  -9.016912  -9.247288  -9.281218
  -9.303374  -9.188476  -9.614022  -9.103854  -9.36149   -9.097242
  -9.09933   -9.562866  -9.155764  -8.922256 -10.013642  -9.227742
  -9.417576  -9.024104  -9.4018    -8.845116  -9.470414  -9.12775
  -9.3351    -9.223102  -9.035066  -9.125256  -8.727898  -9.166378
  -8.888964  -9.348614  -9.555616  -8.934784  -9.495296  -9.428016
  -9.296878  -9.303606  -9.076014  -9.450288  -8.450716  -8.466086
  -8.972542  -9.432714  -9.260222  -8.89749   -9.09382   -9.88639
  -9.281044  -9.37599  -10.03603   -9.259932  -9.571044  -9.389098
  -9.071722  -9.527544  -9.07758  -10.517082  -9.861566  -7.772464
  -8.980198  -9.827056  -8.831022  -9.90437   -9.03176   -9.271416
  -9.614022  -8.996728  -9.595462  -8.805734  -9.521918  -9.204774
  -9.028396  -8.973934  -9.295892  -9.055598  -8.907756  -8.91112
  -9.008328  -9.474938  -9.152632  -9.933776  -8.834328  -9.37396
  -8.848422  -9.516118  -9.00102   -9.39426   -9.09237   -9.424304
  -8.878582  -9.336318  -9.006182  -9.216722  -9.138248  -9.209588
  -9.263064  -8.759334  -8.736772  -9.305172 -10.490808  -9.31799
  -9.629218 -10.077094  -9.127228  -9.76488   -9.333418  -7.659132
  -7.912592  -8.94418   -9.509796  -9.249492  -9.550106  -9.343974
  -8.769078  -9.983772  -9.766794 -10.047398  -9.336434  -9.506896
 -10.44638   -9.168118 -10.252428 -10.669042 -10.179174  -9.03263
  -9.40615  -10.442088  -8.31343   -9.209704  -9.353602  -9.151356
  -8.145636  -9.17473  -10.583376 -10.084286  -8.926664  -9.019638
  -8.7203    -8.882236  -9.384922  -9.049856  -9.987194 -10.170532
 -10.053488 -10.247904  -8.127946  -8.597746  -9.237892  -9.811164
  -8.430648  -8.89053   -8.47902   -9.230236  -9.32118   -7.911258
  -7.548468  -8.36505   -8.95636   -7.628856  -8.127018  -7.83145
  -9.948682  -9.964168  -9.411254  -9.425406 -10.057374 -10.392904
  -9.3003    -9.206456  -8.964074  -9.482014  -9.602538  -8.994176
  -9.33336   -8.32242   -8.774762  -8.570022  -8.751968  -8.302584
  -8.531452  -9.308188  -9.515712  -7.919088  -8.974166  -9.079146
  -9.7237    -9.656536  -9.64221   -9.977624 -10.063     -9.602654
  -9.347454  -9.930354  -9.95918   -9.909648  -9.442864 -10.078834
  -9.787616  -8.647336  -9.675038  -9.75328   -9.72921   -8.975848
  -9.27159   -9.786456  -8.979328  -8.160658  -9.913592  -9.637744
 -10.173374  -9.90611   -9.823228  -9.971766  -9.580498  -9.653346
  -9.961442 -10.033304  -9.94758   -9.715406  -8.87835   -9.52041
  -9.690582  -9.586298  -9.752584  -9.742724  -9.870382  -9.825084
 -10.051342  -9.334868  -9.499066  -7.526428 -10.310428  -9.539144
  -9.745798  -9.36439   -9.768012  -8.456748  -8.209436 -10.378984
  -9.808902  -9.844456  -9.70166   -9.593084 -10.037306  -9.735996
  -9.893408  -9.812208  -9.772942  -9.653462  -9.8919   -10.257474
  -9.426508  -9.773174  -9.586298  -9.701834  -9.550222  -9.780076
  -9.229656  -8.77308   -8.823366  -8.928868  -9.12862 ]"
757,[-11.581672  -9.421752  -5.006734]
758,"[-11.197016  -6.583522  -5.257004  -7.184112  -8.257286  -8.394978
  -8.073716  -9.876298  -7.521092  -6.860762]"
759,"[-8.469102 -7.95789  -9.24201  -8.452978 -8.23803  -9.115628 -8.421194
 -8.327814 -7.914042 -7.037662 -7.880228 -7.323196 -7.777394 -6.64332
 -5.604946]"
760,[-9.289106 -9.762792 -8.399502 -6.571516 -6.716052 -5.644792]
761,"[ -8.576982  -8.35867   -8.204854  -8.581448  -7.362578  -8.76467
 -10.226328  -9.236964  -8.638288  -9.6251    -9.420766  -9.014534
  -8.729696 -11.143366 -10.288968  -9.204426  -8.252762  -9.043476
  -9.112438  -7.820024  -8.36824   -8.127946  -8.759798  -8.462664
  -8.658878  -8.540442]"
762,"[ -8.384248  -9.773348 -10.167226  -9.408238  -8.676278  -9.650794
  -8.942498  -6.08246 ]"
763,"[ -9.754672  -8.987274 -10.08881   -9.172294  -9.603234 -10.082604
  -8.732538 -10.001288 -10.025474  -9.525456 -10.190658  -9.003456
  -9.149732  -9.431554  -9.085932  -9.555906  -9.140104  -9.919972
  -9.111974  -9.11064   -9.764474  -8.652034  -8.990232  -9.481028
  -8.534294  -9.285162  -9.071664  -9.664656  -9.295892  -8.998352
  -9.409282  -8.609984  -9.475054  -9.268226  -9.233426  -9.466876
  -9.182618  -9.139176  -9.317352  -9.777988  -8.60053   -9.5236
  -9.215272  -9.036052  -8.845928  -9.505504  -8.475656  -8.581448
  -9.56855   -8.755912  -9.698006  -9.161912  -9.51055   -8.379434
  -8.795816  -8.821452  -9.316076  -8.678134  -8.84674   -9.027932
  -9.414734  -9.195146  -9.170438  -9.374076  -9.431496  -9.094342
  -9.305056  -8.985882  -8.649946  -9.878154 -10.108588  -8.855498
  -9.463744  -8.928926  -9.848806 -10.526362  -8.767976  -9.755484
  -8.748778  -9.433004  -9.05931   -9.146542  -9.220434  -8.757188
  -9.58798   -9.19503   -8.934088  -8.731436  -9.283538  -8.706728
  -9.751424  -9.065864  -9.029556  -9.934472  -9.242474  -8.640376
  -9.1988    -8.823598  -8.50628   -9.022422  -9.753512  -8.603488
  -9.00566   -8.992726  -9.706532  -8.590032  -9.021958  -9.415952
  -7.864568  -9.243402  -8.043498  -8.12783  -10.094262  -9.754092
  -9.613616  -9.238414  -9.4598    -6.561598  -6.382146  -6.939816
  -7.132144  -7.340306  -7.743812  -7.381138  -7.53826   -9.315786
  -8.965698  -8.677032  -7.943564  -9.927512  -8.351246  -9.257148
 -10.301612 -10.310602 -10.996452 -10.242626 -12.698752  -9.578584
  -7.273432  -7.764054]"
764,"[ -7.444416  -7.907952  -9.347048  -8.634924  -9.215562  -8.597862
  -7.571262  -7.10964   -8.730914  -8.01241   -9.649112  -8.776908
  -9.576322  -7.51738   -8.321318  -9.396754  -9.312944  -7.618416
  -7.622012  -8.438304  -8.455298  -7.997562  -7.933878  -7.69051
  -9.406556 -10.11984  -10.66272   -9.95599  -11.090412  -9.907502
  -9.420592  -9.822242 -10.100236 -10.39215  -10.213568  -8.63852
  -7.942346  -8.122204  -8.45495  -11.068894 -11.6638    -8.716124
  -6.156178  -6.263536  -8.208334  -7.996286  -6.88025   -7.586748
  -7.621026  -8.182988  -8.546416  -5.064096]"
765,"[ -9.134884  -7.157664  -7.695092  -9.420592  -8.420382  -8.11855
  -8.479368  -8.074934  -8.007364  -9.712158  -9.04104   -8.12928
 -10.151508  -9.602364 -10.276324 -10.031506 -10.40172  -10.072338
 -10.698274 -10.448932 -10.831094 -10.118506  -8.133572  -9.242126
 -10.122682 -11.355066  -9.139988  -8.507382 -10.724084 -11.0809
 -11.163724 -11.28941  -10.361178 -11.333084 -10.430198  -9.44269
  -9.347106  -8.05214   -9.213532  -9.397508  -9.26985   -9.572262
  -9.202338  -8.69333   -7.62497   -9.789878  -9.463686  -9.47401
  -9.73472  -10.617074  -9.300358  -9.039764  -7.98254  -10.505946
  -8.084156  -7.445576]"
766,"[ -8.89662   -9.825432  -8.230954 -10.972904 -10.125814  -9.564258
  -9.021842  -8.54079   -8.568862 -10.33589   -9.511826  -9.307898
  -9.621214  -9.624984 -10.048616 -10.09867  -10.324928  -9.92235
  -9.697252 -12.111792  -9.484392  -9.210574  -8.335122  -8.082068
  -6.38406   -6.804676  -8.133862 -10.219716 -10.567542  -9.055424
  -9.560198  -9.797998  -9.671094 -10.19147  -10.419584  -8.024996
  -7.065096  -9.316482  -7.403642  -6.032116  -6.040526  -7.260904
  -9.016622  -9.13297   -7.217752  -8.004174  -6.323334  -5.394
  -7.067706  -8.463824  -7.723106  -5.587778]"
767,"[ -8.43175   -9.15095   -6.224676  -6.639608  -6.530626  -7.176166
  -8.107356  -8.401358  -7.9489    -7.999766  -9.462062  -8.525188
  -8.18061   -8.788334  -9.635482  -8.808634  -8.613522  -7.934168
  -8.327466  -9.299546  -7.934226  -8.682658  -9.040402  -8.834038
  -7.889276  -7.759066  -6.450934  -8.008988  -8.309602  -8.850568
 -10.665504  -8.474032  -9.325588  -6.71814   -7.25029   -7.70472
  -9.433294  -9.89509  -10.002274  -9.526848 -10.383972 -10.538716
 -10.890834 -10.401546  -9.896076  -9.947     -8.903986 -10.01283
  -9.552774 -11.250898 -10.358162 -10.344184 -11.40193   -9.84956
  -9.946246  -9.727876  -8.95549   -8.704408  -9.615646 -11.227118
 -11.552382 -11.72499  -11.482318 -11.4811   -11.739954 -11.198408
 -11.26563  -11.129214 -10.448526 -10.27499  -11.211632 -11.880082
 -11.60377  -11.766402 -11.259714 -11.954786 -10.953416 -10.732726
 -10.412914 -10.060042  -9.811106 -10.73029  -10.625774 -10.423702
 -10.503394 -10.354334 -10.807256 -10.642362 -10.60356  -10.081792
  -9.898918 -11.51039  -11.941794  -9.94613   -9.49547  -10.506584
 -10.776226 -10.13434  -10.267102  -9.652824  -9.22461  -10.3675
  -9.524354 -10.745718  -9.184184  -9.33075  -10.838692  -8.717806
  -6.124568]"
768,"[-13.13091  -11.604118 -12.99867  -12.760754 -12.917644 -12.524462
 -12.7803   -12.67677  -12.666272 -12.884526 -12.687732 -12.773108
 -12.88354  -12.91486  -12.978428 -12.17449  -12.832558 -12.25569
 -12.288228 -12.808662 -12.61326  -12.623932 -12.27483  -11.197886
 -11.69657  -12.614304 -12.818406 -12.781054 -12.203954 -12.01441
 -12.676074 -12.527188 -11.03421  -12.23887  -12.86237  -12.8151
 -12.841664 -12.876058 -12.601312 -12.837024 -13.01694  -12.674276
 -12.474292 -12.79451  -12.915208 -12.874028 -12.862776 -12.799382
 -12.227386 -12.269436 -12.82438  -13.173888 -12.619988 -12.17304
 -12.770034 -12.605546 -12.917876 -12.957084 -12.89195  -12.328074
 -12.712556 -12.535888 -12.874956 -12.662734 -12.803442 -12.586232
 -12.20668  -12.730594 -12.74985  -12.285502 -12.481542 -12.14404
 -12.998612 -12.491054 -12.571268 -12.568368 -12.497898 -12.757854
 -12.68489  -12.317634 -12.585188 -12.767946 -12.653164 -12.525158
 -12.824206 -12.916658 -12.87339  -12.599514 -12.727578 -12.990318
 -12.816608 -12.508338 -12.424122 -12.704552 -12.804196 -12.393846
 -12.652468 -12.816086 -12.76928  -12.7977   -12.595744 -12.436302
 -13.032426 -12.633328 -12.74086  -12.828846 -12.406838 -12.503582
 -12.5164   -12.956968 -12.972454 -12.7194   -12.283356 -12.524288
 -12.61819  -12.498304 -12.910858 -12.045614 -12.945426 -12.933826
 -12.909176 -12.78755  -12.388162 -12.202214 -11.453434 -12.55323
 -12.755882 -12.653338 -12.703276 -11.993066 -12.304294 -12.86005
 -12.770498 -12.90906  -13.058874 -12.721488 -12.875942 -12.90616
 -12.645044 -12.160338 -12.621148 -12.67329  -12.356668 -12.844912
 -12.61036  -12.761102 -12.900882 -12.127626 -12.670216 -12.590524
 -12.533858 -12.93661  -12.967814 -12.920834 -12.911322 -12.556652
 -12.10953  -12.93168  -12.685934 -13.040256 -12.6092   -12.73825
 -12.345474 -12.358988 -12.515066 -12.661516 -12.768468 -12.834762
 -12.68634  -12.760522 -12.98475  -12.418322 -12.804776 -12.877972
 -12.563728 -12.393266 -12.511412 -12.50625  -12.17275  -12.484674
 -12.705248 -12.68257  -12.676538 -12.747936 -12.696548 -12.654672
 -12.722938 -12.691444 -12.558044 -12.936494 -12.608794 -12.513906
 -12.647538 -13.070532 -12.289794 -12.772644 -12.595918 -11.720988
 -12.76812  -12.801122 -12.53409  -12.478816 -12.911206 -12.781402
 -12.984518 -12.730768 -12.668302 -13.356356 -12.63182  -12.677118
 -12.884874 -12.96851  -12.981676 -12.508396 -12.617958 -12.43201
 -12.938524 -12.73709  -12.603226 -12.817188 -12.89775  -12.497376
 -12.833834 -12.534496 -12.93806  -12.99316  -12.9891   -12.680598
 -12.610766 -12.699332 -12.679264 -12.99925  -12.811852 -12.857034
 -12.37923  -12.784882 -12.4555   -12.226806 -12.443668 -12.69997
 -12.983822 -12.470986 -12.581534 -12.320302 -12.892356 -12.618306
 -12.623874 -12.901404 -13.023668 -12.86498  -11.872252 -12.730072
 -12.657746 -12.783548 -12.58803  -12.73013  -13.037356 -12.855874
 -12.533684 -12.72549  -12.69243  -12.483398 -12.770266 -12.923154
 -12.234172 -12.294956 -12.739874 -12.209116 -12.672594 -12.50393
 -12.68286  -12.78755  -12.370646 -12.842708 -12.877392 -12.28759
 -12.797236 -10.829644 -12.314096 -12.529624 -12.866662 -12.658732
 -12.814462 -12.60485  -12.787376 -12.56048  -12.2496   -12.712092
 -12.799614 -12.682222 -11.777074 -11.933326 -12.357944 -11.6667
 -12.693242 -12.663488 -12.946296 -12.705132 -12.693706 -13.031266
 -12.640056 -12.430444 -12.578692 -12.98011  -12.823394 -12.72955
 -12.388626 -12.925358 -12.740222 -12.834356 -12.223384 -12.831282
 -13.043098 -12.512688 -13.060034 -12.598876 -12.374126 -12.52858
 -12.757332 -12.386886 -12.404054 -12.44332  -12.46536  -12.975528
 -12.462866 -12.981966 -12.665692 -12.75246  -12.675726 -12.801122
 -12.875478 -12.719748 -11.990224 -12.59209  -12.823104 -12.839518
 -12.61877  -12.908828 -12.523592 -12.742774 -12.183654 -12.773224
 -12.450106 -11.787224 -12.124842 -12.683208 -12.453586 -12.52887
 -12.28208  -12.719516 -12.310964 -12.845376 -12.809416 -12.19798
 -12.386422 -12.560538 -12.41113  -12.787376 -12.860224 -12.828266
 -12.365194 -12.737322 -12.281674 -13.078594 -12.903782 -12.586812
 -12.849668 -12.400052 -12.763538 -12.699854 -12.67532  -12.959752
 -12.85251  -13.01143  -12.792538 -12.860108 -12.771774 -12.853496
 -12.485834 -12.61413  -12.09561  -12.710932 -12.649162 -12.42389
 -12.876928 -12.97663  -12.685992 -12.714992 -12.649626 -13.072562
 -12.946586 -12.842708 -12.164746 -12.672362 -12.736684 -12.471856
 -12.33747  -12.768932 -12.793466 -12.772702]"
769,"[ -9.902166  -9.627594 -10.050124 -11.104506 -11.27897   -8.532728
  -8.480586 -11.442588  -9.777118 -10.41912  -10.195704 -11.030208
  -9.842832 -10.217512  -9.612978  -9.578468  -9.992994  -9.073404
 -10.264666 -10.792176  -9.828274 -10.837822 -10.500784 -10.617596
 -10.5705   -10.651352  -9.720626 -11.333606 -10.77901  -10.660284
 -10.569514 -11.436962 -11.259192 -11.433424 -10.817464 -11.310638
 -11.245504 -11.500704 -10.59544  -10.868794 -10.575256  -9.538158
 -10.783476 -10.05053  -10.462794  -8.63011   -7.829188  -7.778438
  -8.466028  -8.42653   -8.874928  -8.732132  -9.149616 -10.28804
 -10.061202 -10.217222  -9.827172  -9.957556  -8.863502  -7.2181
  -6.918008  -8.435636  -8.850858  -8.66984   -9.48532   -9.820096
  -9.054206  -9.578932 -10.90313  -11.272358 -11.599014 -11.14122
 -12.371574 -11.999678 -11.522396 -11.679112 -12.089462 -11.937792
 -11.958208 -12.388336 -12.1887   -11.991152 -12.04515  -11.274098
 -11.171844 -10.83353  -10.771238 -10.954808  -9.77445   -8.117274
  -8.249862  -8.5956    -9.132738  -6.075848  -5.261122  -7.333578
  -7.880576  -7.566854]"
770,"[ -8.296146  -8.18119   -8.068786  -7.922742  -7.479796  -7.399872
  -7.25      -9.925134 -10.724142  -9.739012  -8.710324  -7.971056
  -8.336166  -7.23898   -6.681484  -7.828202  -8.250732  -6.950372
  -9.54912   -9.400002  -9.754382  -9.339624  -9.525804  -9.143236
  -8.982808  -8.544792  -8.635156  -9.508984  -9.993632  -9.953728
  -9.194044  -9.613964  -9.579628  -9.669992  -9.399422  -9.124444
  -8.879336 -10.2051    -8.314358  -8.51237   -8.277586  -6.885818
  -8.647626  -8.936814  -8.738164  -8.135428  -8.86907   -8.80411
  -5.718336]"
771,"[-10.144316 -10.31472   -9.772188  -9.067952 -10.745254  -9.677706
  -9.826708  -7.772348  -7.82826   -7.406832  -7.179588]"
772,"[-11.727832 -10.986998  -9.774044  -7.7343    -7.672298  -7.934748
  -7.995706  -7.916246  -7.50027  -10.068162  -8.412378  -8.713688
 -10.153538  -7.972158  -5.148196]"
773,"[ -7.773972  -8.691648  -9.615994  -8.68057   -9.84869  -10.044904
  -9.431322  -8.443234  -8.593686  -9.528124  -9.079262  -9.969678
 -10.25875  -10.45711   -9.97687  -10.3878   -10.248194 -10.286938
  -9.928034 -10.347664  -9.303258  -9.61002  -10.190252 -10.36344
 -10.234622  -9.707112  -9.033558  -9.732922  -9.15704   -9.555384
 -10.926968 -10.139734  -9.694236 -10.32371   -9.508056  -9.4453
  -8.044484]"
774,"[ -9.080364  -9.044404  -9.103622  -9.22838   -9.437586  -9.152052
  -8.48395  -10.082024  -9.399828 -10.127148  -9.486828  -9.158142
  -9.021552  -8.663982  -8.451006  -9.220202  -8.969236  -8.15973
  -7.778438  -8.502684  -8.346838  -8.180378  -8.739788  -8.596354
  -9.019     -8.470436  -6.926592  -8.352522  -9.884824  -8.301714
  -8.400198  -9.676546  -7.582688  -8.50309   -8.959086  -7.590692
  -8.64519   -9.14863   -7.53304   -8.191398  -7.636628  -7.878372
  -8.838098  -7.696368  -8.29139   -8.541544  -8.65128   -9.138596
  -8.198068  -7.70269   -9.579512  -9.72863   -9.215272  -8.090072
  -8.043904  -8.44509   -8.433432  -8.249456  -8.22237   -8.571008
  -8.520606  -8.722794  -8.503612  -9.156344  -9.159882  -9.427204
  -8.06461   -8.561844  -8.533598  -8.789726  -7.78099   -9.06946
  -9.292412  -9.419084  -9.111046  -8.72958   -9.243344  -8.591482
  -8.773602  -7.688422  -8.037872  -9.326632  -9.789066  -8.462896
  -7.831218  -9.341074  -7.62903   -8.476294  -9.176006  -9.84985
  -8.558422  -8.468986  -8.619554  -8.967612  -8.222138  -8.145288
  -9.673762  -7.981902  -8.482732  -8.91344   -8.80556   -8.002956
  -9.21185   -9.879604  -8.449382  -8.342256  -8.993422  -9.294616
  -9.299488  -9.45516   -7.84827   -6.822772  -8.587306  -7.983932
  -7.57915   -8.967322  -8.448628  -8.897896  -9.539434  -8.907582
  -8.317722  -7.576018  -9.491932  -9.21359   -8.883976  -7.25174
  -9.019348  -8.278572  -6.85299   -8.505642  -8.174288  -9.144976
  -9.164058  -9.091732  -7.139858  -8.952416  -8.792684  -8.16147
  -8.668796  -9.39803   -9.120558  -8.08665   -9.10832   -8.900506
  -8.130208  -7.9547    -9.52331   -9.624694  -9.253436  -8.759624
  -9.12688   -8.699652  -8.609636  -8.304788 -10.080458  -9.994792
 -10.781852 -10.339718 -10.470102 -10.525202 -10.692938 -10.480136
 -10.211422 -10.730638  -9.62597  -10.28572  -11.22996  -10.602168
 -10.641376 -10.57514  -10.636504 -10.769846 -10.531872 -10.909916
  -9.933544 -10.580998 -10.173316 -10.413436 -10.588132 -10.303642
 -10.686036 -10.243786 -10.962696 -10.86862  -10.012076  -8.912976
  -9.828622  -9.727412 -11.537302  -9.345424 -11.411442  -9.903964
 -10.255328 -10.796874 -11.124574 -10.119086  -9.522208 -10.25034
  -9.967242 -10.162354  -9.544712  -9.170496  -8.86965   -8.685094
  -8.242148  -7.893916  -9.534388  -8.856542  -9.448548 -10.775298
 -11.330242  -9.306854 -10.78713   -8.894938 -10.269306  -9.938532
 -10.14826  -10.028258  -9.363984  -9.501676 -10.023212  -8.022096
  -8.86008   -9.271126 -11.046854 -11.562532 -10.27673  -10.254516
 -10.116302 -10.095828 -10.89936  -10.605996 -11.198698 -10.662372
 -10.79583  -10.290824 -10.421962 -10.81497  -10.523346 -10.163688
 -10.435882  -8.134094  -7.65455  -10.385596 -10.931376 -10.739918
 -10.94866  -11.148934 -10.844608 -11.39439  -10.986766 -11.128866
 -10.253472  -7.899774  -9.935516  -9.046144  -9.54883   -8.516198
  -9.537752 -10.323072  -9.138886  -8.916398  -9.78083   -9.452898
  -8.737004  -9.463338  -9.029092 -10.487212  -8.65273   -9.471168
  -9.449012  -9.06337   -8.410522 -10.342792  -8.982286  -8.755506
  -9.251986  -9.001078  -8.41116   -8.729406  -8.951546  -9.35192
  -8.417134  -8.875566  -9.250942  -9.348324  -8.699594  -9.748118
  -9.488568  -9.629218  -8.913498  -8.565614 -10.090318  -7.672472
  -8.08752   -6.780722  -8.504482  -9.564026 -10.695664  -9.815456
 -10.094494  -8.158338  -6.306224  -8.046978  -8.091348 -10.038466
  -8.99261   -6.139126  -7.545452  -8.976428  -9.513856 -10.047108
  -9.817022  -9.21591  -10.52062  -10.742992 -10.459372 -10.608664
 -10.163746 -10.729362 -11.037574 -10.531814  -9.785992  -9.310218
  -8.41145   -7.24304   -8.143432  -8.634982  -8.073426  -9.055598
  -9.014012  -9.157272  -8.941512  -9.787674  -8.299046  -9.381674
  -8.860602  -6.81819   -5.73649   -5.336058  -7.493368  -7.033602
  -5.890132  -5.032602  -6.201824]"
775,"[-8.459764 -7.983294 -9.482826 -9.783382 -9.04017  -9.157098 -9.104318
 -8.133108 -7.978422 -8.869824 -8.347592 -6.568848 -6.909772 -7.280218]"
776,"[ -9.669644  -9.717204 -10.287692 -10.434258 -10.470972  -9.956976
  -9.42413  -10.054126  -9.720916  -9.889116  -8.962334  -9.243924
 -10.12361   -9.554456  -9.658914  -9.353022  -9.306564  -9.096894
  -9.90582   -9.753164  -9.35743   -9.822416  -9.763024  -9.606714
 -10.220702  -9.854606  -9.436194  -9.909996  -9.542334  -9.869628
  -9.50475   -9.276636 -10.028026  -9.601726  -9.2626   -10.06039
 -10.246222  -9.504228  -9.767954  -9.596796  -9.322398  -9.089702
  -9.552426  -9.914636  -9.445764  -8.860486 -10.08678   -9.861102
  -9.933486  -9.199496  -9.122298  -9.491584  -9.481144  -8.962914
  -9.296704  -9.078218  -9.17415   -8.687704  -9.934704  -9.366942
  -9.525804  -9.74197   -9.964806 -10.074252  -9.136102  -9.959992
 -10.31704  -10.001752  -8.934726  -9.692844  -9.829724  -9.888652
 -10.079646  -8.782534  -9.696614  -9.348092  -9.542856 -10.168908
  -9.072244  -9.504924 -10.369994  -9.352442  -9.756064  -9.900252
  -8.957056  -9.735822  -9.734256  -8.861646  -9.673704  -9.883722
  -9.5816   -10.325682  -9.423956 -10.00065   -9.705894  -9.998504
  -9.887898  -9.493208  -9.809018  -9.427088  -9.614428  -9.798636
  -9.47401   -8.950502  -9.6135    -9.995836  -9.661524  -9.62336
  -9.665352  -9.89625   -9.742086  -9.69702  -10.431474  -9.340146
  -9.672892  -9.796722  -9.761864 -10.244018  -9.966604  -9.717494
  -9.686928  -9.678634  -9.584036 -10.031274 -10.126858 -10.51917
 -10.375736  -9.65294   -9.76111   -9.805422 -10.330322 -10.71405
  -9.936212  -9.457248  -9.545988  -9.561474  -9.635018  -9.64801
  -9.379122 -10.036146  -9.345888  -9.668716  -9.624984  -9.496398
  -9.958774  -9.41775   -9.521164 -10.43362   -9.88378   -9.4917
 -10.532336 -10.06184   -9.931804  -9.441878 -10.100526  -8.993596
  -9.232962  -9.999954 -10.396384  -8.259838  -8.01038   -7.39152
  -6.322464  -8.538876  -9.012562  -9.616806  -7.673052  -8.50599
  -8.670188  -9.476852  -8.590438  -9.894684 -11.041634 -10.98665
 -12.011046 -10.730522 -10.852554 -10.930912 -11.010836 -10.178826
 -10.42057   -9.95396   -8.537484  -9.552078  -8.049994  -9.980698
  -9.823344  -9.240676 -10.09519   -9.964864 -10.419758  -9.765228
  -8.557494  -9.57203   -8.351594  -8.069018  -9.23418   -7.82449
  -9.79707   -8.15161   -8.980604  -9.370538  -8.88589   -8.07476
  -7.70646   -5.75273   -6.579752  -9.142946  -7.72821  -10.440638
 -11.781714 -11.663974 -11.419098 -11.66438   -9.934008 -10.665794
 -11.246896 -10.403982 -10.48089  -10.16827  -10.26194  -10.914904
 -10.39157  -10.94286   -7.575206  -7.304346  -7.15198   -9.167538
  -7.25377   -6.8469    -9.752932  -8.793032  -8.864314  -8.950618
  -9.644124  -9.807916  -9.427726  -9.462642  -9.478012  -9.027178
  -9.874616  -9.839874 -11.257336 -10.304744 -10.545386 -10.760914
 -10.876972 -10.1703    -9.511594  -8.790132 -11.111988  -7.086208
  -8.319288  -7.233006  -9.352616  -9.55492   -8.33054   -8.320158
  -7.077392  -7.883824  -8.10086   -6.340386  -7.83145   -7.333752
  -6.51369 ]"
777,"[ -9.554746  -9.161796  -9.971186  -8.419048  -7.970592  -7.81231
  -8.877248  -9.130534 -10.578794 -10.801166 -10.722402  -8.649134
  -8.507208  -8.132702]"
778,"[ -9.711694  -8.932986  -9.48793   -9.852112 -10.14768   -9.996068
  -9.378658 -11.038096 -10.641202  -7.06962   -6.802762  -7.490584
  -7.661974  -7.728036  -7.893916  -7.868454  -9.738142 -10.149014
  -9.681012  -9.821024  -8.232462  -7.942404  -7.195712  -8.46829
  -8.882468  -8.165298  -6.645234  -6.612522  -6.146434  -8.689212
  -6.889182  -8.028766  -8.331526  -7.797868  -7.606062  -7.581992
  -8.229736  -8.060028  -8.08172   -8.704002  -7.99733   -6.714312
  -8.010322  -8.43755   -8.729232  -7.462396  -8.279616  -8.551056
 -10.706452 -11.007298 -11.163144  -8.076964  -8.271264  -8.373344
  -9.006182 -10.96693   -7.234456  -6.005494  -8.486618  -6.48411
  -8.042048 -10.054068  -9.135116  -7.023858  -7.764634  -9.828622
 -10.15957  -10.411638  -9.825258  -9.451564  -9.347976  -9.869164
  -9.637106  -8.812752  -9.682056  -9.179544  -9.173976 -10.126394
  -8.479252  -9.69209   -9.385966 -10.277484 -10.26513   -9.650736
  -9.626492  -8.204216  -9.460264  -9.940214  -9.824736  -9.848458
 -10.249238 -10.030694  -8.000288  -9.1437    -7.62207   -8.54253
 -10.489416  -9.740172  -8.72842   -8.001216  -7.987934  -7.62758
  -6.90055   -9.480158  -9.035414  -9.887318  -9.894858 -10.134224
  -8.610332  -9.877516  -8.334948  -7.889914  -7.653854  -8.285764
  -6.343112  -9.34409   -6.646336  -8.417772  -8.048602  -7.214968
  -7.963922  -7.930514  -8.234492  -9.602944  -9.165798  -9.650272
  -8.592816  -7.381544  -6.175608 -10.653672  -9.591924  -9.87363
 -10.095596  -9.858608 -10.299582 -10.208174 -10.032434 -10.442958
 -11.660378 -11.557312 -11.862218 -12.133194 -11.920798 -11.621576
 -10.406824 -11.703994 -10.897156 -10.136892  -8.936176 -10.320346
  -9.142076  -8.68985   -9.988238  -9.361954  -9.849328  -8.484994
  -9.43515   -9.820038 -10.139792  -9.19358   -9.68803   -9.755194
  -9.964574  -9.130128  -9.683448  -8.15074   -7.302316]"
779,[-7.988688 -8.651454 -8.131484 -6.79615  -6.981634 -6.926592]
780,"[-13.683592 -13.138566 -12.812142 -13.241284 -12.62196  -13.063688
 -12.82902  -13.239602 -12.466346 -10.92372  -11.565084 -10.748502
 -11.826838 -10.757086 -10.512036 -11.565548 -12.2496   -12.137834
 -12.91776  -10.85615  -13.124936 -10.324    -10.427472  -9.373438
  -8.560626  -8.66027   -9.803334  -9.48735   -8.82586   -9.049914
  -9.111452  -7.453638  -7.252726  -6.48672   -7.273026  -8.770818
 -10.584884  -9.886738  -8.164776  -6.846958]"
781,"[ -6.337544  -8.289708  -9.008154  -9.466644  -9.932152  -9.88204
  -9.627594  -9.884882  -9.76082   -9.43805   -9.69296   -9.685826
  -9.81911   -9.727876  -9.777582  -9.421984  -9.86928   -9.411892
  -9.144686  -9.865104  -9.836916  -9.658856  -9.902282  -9.485784
  -9.062036  -9.728514  -9.504634  -9.999374  -9.747074  -9.794402
  -9.268226  -9.816326  -9.386372  -9.159998  -9.544248  -9.788428
  -9.009662  -9.620866  -9.372858  -9.94497   -9.73762   -9.675386
 -10.239958 -10.057838  -9.757224  -9.996764  -9.561706  -9.468326
  -9.889754  -9.139118 -10.018224 -10.038872 -10.179522  -9.678808
  -9.853678  -9.857158  -9.236152  -9.637396 -10.014106  -9.661524
  -9.664772  -9.720278  -9.282552  -9.43486   -9.500342 -10.233288
  -9.508868  -9.692206  -9.317294  -9.861508  -9.730254  -9.379934
  -9.643834  -8.843782  -8.553144  -7.495688  -9.151704  -9.219274
  -9.581252  -9.13471   -9.556312  -9.751888  -9.556486  -9.654274
  -9.54854   -9.925656  -9.000034  -9.329474  -9.73617   -9.595056
  -9.865278  -9.766736 -10.245758  -9.328546 -10.368254  -9.240444
  -9.891726  -9.114642  -8.938148  -8.633242  -8.525362  -9.782976
  -9.568492  -9.921944  -9.344148  -8.619902  -9.594882  -9.376686
  -9.221014  -9.21881   -9.05583   -9.560952  -9.391418  -9.179486
  -9.258308  -8.76873   -9.281798  -9.195146  -9.308304  -8.773254
  -9.541638  -9.131752 -10.043048  -8.950792 -10.056736  -9.615878
  -8.018384  -9.991312  -9.440428  -7.294892  -8.22846   -9.790632
 -10.48553   -9.24172   -6.938656  -7.94368   -9.11644   -8.32822
 -10.203882 -10.759928 -10.15      -9.046608  -9.377498  -8.922546
  -9.607526  -8.73915   -9.117252  -9.462236  -9.128852  -9.298966
  -9.309058  -9.018942  -9.85391   -9.802986  -9.4192    -9.56072
  -9.293978  -8.91808   -9.643196  -9.80722   -9.781526  -9.686348
  -9.039938  -9.481376  -9.135696  -9.164348  -9.023466  -8.98971
  -9.081176  -9.535084  -9.137668  -9.335216  -9.463686  -9.4163
  -9.408354  -9.517336  -9.076014  -9.105884  -9.230004  -9.662162
  -9.397972  -9.105652  -8.844478  -9.306274  -9.647488  -9.560488
  -9.241372  -8.743326  -9.440022  -9.069808  -8.990116  -9.49808
  -8.713108  -9.386198  -9.550686  -9.092022  -9.093878  -9.214054
  -9.698818  -8.800108 -11.096386  -8.70377  -10.31646   -9.158084
  -8.50802   -9.958252  -9.0944   -10.039684  -8.151842  -8.862168
  -9.437006  -8.219528  -7.221696  -9.067662  -9.119398  -8.041468
 -10.197908 -10.466042  -9.02132  -10.856266  -9.51142  -10.998772
 -10.621192 -10.521374  -9.97948  -10.682266 -10.443886  -9.156982
  -7.557226  -8.67477   -9.720104  -7.735866  -8.567354  -6.69088
  -8.370096 -10.68708  -10.046876  -9.073694 -10.178362  -7.666614
 -10.654136  -9.923394  -9.231744  -9.918696  -9.67643   -8.41609
  -8.821104  -9.966836 -10.195356 -10.30892   -9.178906  -8.698144
  -9.475112  -9.050436  -9.02045   -9.737852  -9.887956  -9.571566
 -10.092986  -9.959006  -9.811164  -9.262832  -9.662916  -9.648764
  -9.927396  -9.79794   -9.113772  -9.088078  -8.747908  -9.164638
  -9.645864  -8.858398  -8.75655   -9.28493   -9.214808  -9.719988
  -9.52853   -9.567506  -8.886992  -9.949726  -9.374192  -9.48474
  -9.366246  -8.738164  -8.912918  -9.304476  -9.22664   -9.07004
  -9.291426  -8.995742  -9.404642  -9.561706  -9.28203   -8.978864
  -9.179428  -9.34554   -9.15356   -9.067256  -9.398726  -9.596042
  -9.017956  -9.444546  -9.545524  -9.266254  -8.875218  -9.663728
  -8.979212  -9.58073   -9.01001   -8.883106  -9.21214   -9.117948
  -9.282784  -9.023002 -10.002564  -9.6251    -9.564026  -8.96564
  -9.704676  -8.949748  -8.39811   -9.338464  -9.209414  -9.569362
  -9.913534  -9.855708  -9.345656  -9.456146  -8.990348 -10.070946
  -8.569616  -9.520816  -9.309232  -8.948762  -9.624404  -9.82839
  -9.369784  -9.951466 -10.220296  -9.383762  -9.56188   -9.01755
  -8.763278  -9.579048  -9.34931   -9.149674  -9.448026  -8.644088
  -9.44008   -9.109132  -9.66193   -9.34322   -9.221826  -9.014824
  -9.4105    -9.284582  -9.364042  -9.386662  -9.3003    -9.255408
  -9.471806  -9.453826  -9.240502  -9.260512  -9.30465  -10.54063
 -10.205564  -9.677532  -8.841462  -9.318918  -9.575626  -9.55869
  -9.74197   -9.303026  -9.278724  -9.044288  -9.153154  -8.800978
  -9.767026  -9.25883   -9.271822  -9.509042  -8.95607   -9.933022
  -8.681382  -8.847088  -9.547728  -9.392404  -9.417112  -9.857912
  -9.440892  -9.436484  -9.496224  -9.123864  -9.516872  -9.391186
  -9.05873   -7.88452   -8.325436  -8.710498]"
782,"[ -8.215236  -9.320658  -7.884462  -9.029034  -7.339262  -9.372046
  -8.347186  -9.170786  -9.197756  -9.1901   -10.066074  -9.73936
 -10.369704 -10.307354 -10.46523  -10.506468  -9.8542    -8.836706
 -10.439768  -9.523658  -9.779612  -9.786108  -6.839418  -5.134798]"
783,"[ -9.334636  -9.484798  -8.781896  -9.860812 -10.485762  -9.92728
 -10.239494  -9.396     -9.454348  -9.412066  -9.518264  -9.08454
  -9.491236  -9.077928  -9.57116   -9.446692  -8.562946  -9.40702
  -9.612224  -9.57638   -9.095444  -9.5062    -9.503532  -9.342814
  -8.926316  -8.829978  -8.749764  -8.851786  -9.19387   -8.865358
  -8.992436  -9.6657    -9.479636  -9.098054  -9.1582    -9.227742
  -9.286844  -9.317642  -8.928056  -9.567796  -9.284872  -8.577852
  -8.956186  -9.48039   -9.216432  -9.100548  -9.35859   -9.929484
 -10.286706 -10.300858  -9.920552  -8.489866  -9.195378  -8.286054
  -8.945166  -8.859558  -7.736736  -8.989188  -9.386024  -6.890632
  -7.221406  -6.435854  -7.425392  -9.925946  -9.244562 -10.762422
  -8.403446 -10.038118  -8.910656  -8.682658  -8.519156  -7.721192
  -9.368334 -10.109168  -9.27304   -9.28696   -9.506316 -10.169662
 -10.289432  -9.854142 -10.303874 -10.023618  -9.837612 -10.324986
 -10.675886 -10.750416 -10.573052 -11.04088   -8.973006 -10.18857
  -9.633394  -9.059078  -9.62336   -8.87371   -9.349716  -9.31277
 -11.223464  -9.998388  -8.918718  -9.458176 -10.018572 -10.008712
  -9.716508  -9.65874   -8.298698  -8.298698  -7.753846  -9.547032
  -8.502916  -9.493324  -8.787232  -7.958296  -5.861248]"
784,"[-10.034812  -8.74495   -7.320992  -9.827578  -9.818994  -8.866518
  -8.500886  -9.913534  -8.636548]"
785,"[ -6.978038  -6.098932  -6.152176  -7.734764  -9.602944 -10.199358
  -9.65091  -10.648916  -9.437818  -9.855534  -8.953054  -8.98449
  -9.137436  -8.93287   -8.762698  -9.783208  -8.5405    -9.437818
  -8.911468  -8.77917   -8.169706  -7.768056]"
786,"[ -9.7266   -10.795714 -10.749082  -9.71355   -9.982902  -9.059542
  -8.485806  -7.905052  -7.896004  -8.76467   -6.72597   -9.01784
  -9.387474  -6.0465  ]"
787,"[-8.253226 -9.7527   -8.814898 -9.426682 -9.667846 -9.433236 -8.964596
 -9.088136 -8.536034 -8.824584 -9.277274 -8.883918 -8.098598 -6.815928]"
788,[-8.912164 -9.527834 -9.12079  -8.425834 -8.656964]
789,"[ -7.511     -9.038024  -9.260686  -8.837228  -9.178964  -9.87856
 -12.71389  -12.550272 -10.8808   -12.045324 -10.945296 -11.47907
 -10.817348  -9.415662  -8.342314  -9.627188  -9.265616  -9.557298
  -8.860312 -11.720988 -11.497688 -11.479418  -9.513914 -10.202432
 -11.973984 -12.116548 -10.489648 -10.96606  -12.613434 -12.459212
 -11.085192 -11.22184  -11.488872 -12.765916 -11.875384 -10.988448
 -12.430734 -12.727752 -11.928918 -12.536352 -13.04768  -11.709156
 -13.2675   -10.033362 -11.720524  -9.522092 -10.883584 -12.444248
 -11.344162 -12.70548  -10.90951  -12.497144 -11.421592 -11.230482
 -12.72433  -12.688834 -10.887586  -9.326806 -11.895452 -10.880046
 -10.378462 -11.068894 -11.658    -10.50177  -11.159432 -12.269494
 -10.61081  -12.034072 -12.385726 -11.246084 -10.504844 -10.37504
 -11.559284 -10.55774  -11.202468 -11.800158 -10.729246  -8.828934
  -7.970824  -9.343394 -11.416662 -10.416858 -10.882714  -9.092544]"
790,"[ -9.525688  -8.978806  -7.524398  -8.084852  -8.354262  -9.285742
  -8.265812 -11.043316 -10.27586  -11.08641  -10.195472 -11.310812
 -10.97447  -11.181356 -11.721916 -11.468166 -11.331982 -11.457262
 -11.340102 -11.402568 -11.834494 -11.659102 -11.206934 -11.589966
 -10.89762  -12.04747  -11.31406  -11.238138 -10.955098 -10.257184
 -10.510702 -10.520968  -8.618278  -9.077116  -8.950386  -9.98035
  -9.619648  -8.404142  -9.46009   -8.899752  -7.974768  -8.107008
  -9.149268  -9.648068  -7.883882  -9.485842  -8.81339  -10.375736
  -9.891784  -9.75531   -9.19213   -9.99021   -8.814086  -9.36613
  -9.4888   -10.001288  -8.983446 -10.308514  -9.441066  -9.263064
  -9.06163   -8.550708  -9.186504  -8.787522  -8.555696  -9.21678
 -10.82077  -10.222906  -9.937604  -9.951988  -9.361084  -9.768766
  -8.482558  -8.34388   -9.707054 -10.240944  -9.796606 -10.263506
 -10.11578   -8.076442  -8.70435   -8.086128  -9.056642 -10.241524
  -9.74806   -9.024104  -8.564164  -7.72734   -8.75336   -5.983628
  -6.42669   -8.266508  -8.671986  -8.257692  -8.699362  -8.666592
  -8.660502  -6.89069   -5.639456]"
791,"[-10.045368 -10.051516  -9.160694  -9.704676  -7.146412  -5.74693
  -7.348426 -10.797918 -10.484022 -10.65286   -8.429604  -7.63193
  -6.938424  -8.026736  -7.854708  -7.811498  -8.450194  -7.587038
  -6.883904  -9.831638  -9.812092  -9.931514  -9.697948  -8.640318
  -9.18024  -10.28021   -8.059912  -9.519134  -9.104782  -8.114722
  -6.890052]"
792,"[ -9.186446  -9.400118  -9.51664   -9.729848  -9.674052  -9.522672
  -9.815862  -9.595462  -9.880474  -8.008118  -9.273446  -9.650852
  -9.716334  -9.867946  -9.799564  -9.511072  -9.83999   -9.747364
  -9.638962  -9.858956  -9.588908  -9.51171   -9.496456  -9.681998
  -9.387242  -9.933486  -8.913324  -9.630552 -10.117636  -9.585892
  -9.434164  -9.455972  -9.644762  -9.64366   -9.663322  -9.490598
  -9.908372  -9.619996  -9.837902  -9.883432  -9.907444  -9.310972
  -9.485842  -9.597144  -9.70369   -9.385328  -9.203498  -9.679562
  -9.978668  -9.55695   -9.966314  -9.483348  -9.946188  -9.558168
  -9.86116   -9.501792  -9.599754  -9.85797   -9.956512  -9.602306
  -9.6976    -9.606018  -9.570928  -9.830826  -9.453594  -9.79736
  -9.242068  -9.610484  -9.261498  -9.596042  -9.698528  -9.72225
  -8.525304  -8.857064  -9.297052  -9.793474  -9.734488  -9.91597
  -9.631596  -9.629102  -9.711346  -9.57      -9.16371   -9.097126
  -9.22577   -9.546046  -9.363868  -9.805944  -9.74893   -9.378136
  -9.68136   -9.354936  -7.844094  -9.034254 -10.3501    -9.342234
  -9.83796   -8.303222  -7.645676 -10.683774  -6.601908  -7.54638
  -9.416126  -9.674748 -10.00703   -9.7991    -9.907966  -9.900658
  -9.93453   -9.786456  -8.999222  -9.615356  -9.366362  -9.511478
  -9.644356  -9.915622  -9.851938  -9.691394  -9.835698  -9.664018
  -9.984178 -10.287866 -10.093334 -10.17117   -9.015926  -9.624114
  -9.283538  -7.807438  -7.69486   -9.465426  -9.146484  -9.83332
  -9.548482  -9.771028  -9.519772  -9.325356  -9.29044   -9.20576
  -9.673066  -9.208428  -9.418446  -9.718654  -9.908024  -8.88763
  -9.064414  -8.83485   -9.44269   -9.460322  -9.545408  -9.663438
  -9.77416   -9.391534  -9.50794   -9.151878  -9.422738  -9.33307
  -9.227162  -9.03756   -9.981684  -9.755948  -8.349564  -9.071722
  -9.627942  -9.9354    -9.527428  -9.55492   -9.284524  -9.150892
  -9.220782  -9.309116  -9.92786   -9.382718  -9.066502  -9.222348
  -8.975094  -9.124676  -8.91518   -9.673878  -9.199612  -9.717784
  -9.47749   -9.620112  -9.950364  -9.575974  -9.439848  -9.07903
  -9.652244  -9.097822  -9.415952  -9.995372  -9.628754  -9.65903
  -9.564026  -9.405048  -9.5265    -9.732516  -9.267588  -9.384864
  -9.82317   -9.617444  -9.479114  -9.694468  -9.767548  -9.628058
  -9.660306  -9.390026  -9.924206  -9.459278  -9.82404   -9.675908
  -9.546916  -9.909996  -9.901586  -9.610542  -9.532532  -9.642558
  -9.197292  -9.534736  -9.840918  -9.730486  -9.027932  -9.11006
  -9.178268  -9.822706  -9.941026  -9.342292  -9.490018  -9.191202
  -9.507302  -9.522324  -9.717146  -8.765366  -9.040286  -9.314626
  -9.910982  -9.768998  -9.516292  -9.603408  -9.14747   -9.25448
  -9.678518  -9.63496   -9.71529   -9.702878  -8.59299   -9.740056
  -9.17299   -9.530444  -9.785238  -9.360272  -9.455798  -9.627942
  -8.981996  -9.764416  -9.802638  -9.607236  -9.388228  -9.747596
  -9.547148  -9.776248  -9.413168  -9.092718  -9.130998  -9.599812
  -9.774218  -9.17966   -9.634786  -9.651954  -9.720568  -9.330576
  -9.157272  -9.112322  -9.12311  -10.28195   -9.818704  -9.381326
  -9.4279    -9.49953   -9.832914  -9.730718 -10.0456    -9.441414
  -9.629682  -9.315844  -9.521396  -9.784774  -9.476736  -9.47894
 -10.131962  -9.592446  -9.621446  -9.908894  -9.340494  -9.63177
  -9.488858  -9.78634   -9.528878  -9.458872  -9.13993   -9.964806
  -9.585718  -9.603408  -9.512696  -9.514494  -9.564896  -9.870846
  -9.193928  -9.245258  -9.53288   -9.667846  -9.451332  -9.513218
  -9.770506  -9.578468  -9.666338  -9.696208 -10.057258  -9.457132
  -8.9668    -9.674632  -9.697368  -9.126242  -9.403482  -9.23157
  -9.656014  -9.731704  -9.735822  -9.466296  -9.634032  -9.593664
  -9.386488  -9.516292  -9.636526  -9.724744  -8.912686  -9.887086
  -9.25593   -9.073926  -9.417286  -9.255524  -9.78982   -9.752294
  -9.575336  -8.715312  -9.65758   -9.92409   -9.716276  -9.21069
  -9.57725   -9.253088  -9.425928  -9.802058  -9.223334  -9.835872
  -9.841672  -9.865568  -9.628116  -9.284408  -9.817138  -9.79707
  -9.497384  -9.79156   -9.200424  -9.519366  -9.593548  -9.787558
  -9.074158  -9.309116  -9.941026  -9.611992  -8.998816  -9.423782
  -8.749706  -9.26115   -9.530966  -9.420476  -9.30697   -9.538738
  -9.638208  -8.889544  -9.505794  -9.56304   -9.397856  -9.178906
  -9.626666  -9.530734  -9.710418  -9.537462  -9.77764   -9.24056
  -9.397044  -9.462584  -9.972346  -9.281102  -9.900542  -9.54013
  -9.353138  -9.818298  -9.96382   -9.851996]"
793,"[ -9.272924  -8.572574  -8.569906  -9.535142  -8.615784  -9.08831
  -8.990522  -8.570196  -8.888384  -9.286844  -8.33199   -9.230236
  -8.745066  -8.795642  -8.646524  -8.8015    -9.251696  -8.601922
  -8.993364  -8.64751   -9.4192    -8.636316  -9.573074  -8.817102
  -8.706032  -9.604452  -8.599312  -8.911178  -8.62112   -9.98354
  -9.241662  -8.979618  -8.695882  -9.4743    -9.339914  -8.063798
  -9.074158  -9.48619   -7.756514  -9.722076  -9.567158  -8.580114
  -8.397182  -9.129026  -9.408354  -8.376592  -8.921908  -8.430126
  -9.305868  -8.48279   -8.108342  -9.397334 -11.270444 -10.031042
  -7.733894  -8.540674  -9.911736  -8.636548  -9.046492  -9.181632
  -9.004674  -8.779402  -8.796106  -8.737352  -8.86646   -9.653288
  -9.058672  -8.893778  -9.48271   -8.525072  -9.510608  -8.404084
  -8.924924 -10.547184  -7.997736  -7.442792  -9.751946  -9.284756
 -10.169198  -8.213786  -8.219296  -9.335738  -8.743558  -8.688574
  -8.89082   -8.952184  -9.41688   -8.63127   -9.457074  -9.408644
  -8.994872  -9.034486  -9.84202   -9.80577   -8.9088    -9.451042
  -8.923996  -9.155648  -8.515038  -9.95918   -8.291738  -9.390432
  -9.076362  -7.523644  -8.736018  -9.64946   -9.924902  -9.71964
  -8.948704  -9.167886  -8.37317   -8.71421   -8.875218  -8.742282
  -8.405592  -9.221014  -8.261172  -8.63707  -10.059694  -8.690952
  -9.486074  -9.78605   -9.519598  -8.382914  -8.98478   -9.58711
  -8.505178  -9.139118  -9.190912  -8.255314  -9.327038  -8.791814
  -8.598732  -8.869012  -8.74727   -9.915622  -8.439058  -8.866402
  -9.405048  -9.034254  -9.339972  -8.913556  -8.728362  -9.055714
  -8.49584   -8.959724  -8.851322  -8.579592  -8.870404  -9.435382
  -8.67071   -8.978806  -8.703306  -8.624194  -9.16342   -8.428966
  -9.290208  -8.775284  -9.611818  -8.253864  -7.835684  -9.602306
  -8.044658  -8.988028  -8.423572  -9.055772  -8.87052   -9.04133
  -9.855882  -8.322304  -8.33895   -9.678054  -8.810374  -9.27594
  -8.40536   -8.874812  -9.122182  -8.63591   -9.06482   -8.464636
  -9.787848  -8.432678  -9.29508  -10.087476  -8.677032  -9.971534
  -8.595484  -8.356524  -9.26115   -8.770296  -8.92504   -9.339508
  -8.878814  -9.31944   -8.705046  -9.264166  -8.841056  -8.539398
  -9.393216  -8.792104  -8.420788  -9.11731   -8.73654   -8.516198
  -8.982518  -9.036632  -8.797614  -8.877248  -9.305056  -8.592874
  -9.31567   -8.190006  -8.71102   -8.435346  -8.811998  -9.042374
  -8.10318   -8.332512  -8.188266  -9.309464  -8.511384  -9.471458
  -8.698492  -9.163072  -8.445612  -9.036226  -8.737468  -9.152806
  -8.597456  -8.23165   -8.596644  -8.750692  -8.522984  -8.675408
  -8.854338  -9.879198  -9.19764   -8.469682  -9.849618  -8.110488
  -8.485806  -8.70464   -8.07186   -8.928346  -9.20431   -8.55268
  -8.93867   -8.841636  -8.805038  -9.407136  -8.401068  -8.757652
  -8.93809   -8.58603   -8.768324  -8.809794  -8.730566  -8.86762
  -9.161622  -8.71798   -8.533192  -9.666744  -8.76844   -9.746262
  -9.369262  -8.691242  -9.457248  -8.650294  -8.480528  -9.786456
  -8.857238  -9.406788  -9.38904   -9.010532  -9.851358  -8.319926
  -9.56797   -8.840824  -9.36381   -8.698028  -9.21243   -9.01639
  -8.40681   -9.200714  -8.708178  -9.120848  -9.061978  -8.762582
  -9.409166  -8.487488  -9.23505   -9.333012  -8.61677  -10.6604
 -11.21343  -10.384494  -8.842216  -8.100802 -10.5502    -8.432678
  -9.308536  -8.874638  -9.521512  -9.017434  -9.763488  -9.421868
  -9.175252  -9.441646  -9.578468  -8.974282  -9.170902  -8.013976
  -8.532206  -8.95839   -9.209994  -9.44182   -9.474242  -9.015288
  -9.189578  -8.846972  -9.318222  -9.217824  -9.105536  -8.909148
  -9.437354  -8.992784  -9.07816   -9.514494  -9.086338  -9.062384
  -8.25978   -7.985382  -9.277158  -8.408898  -8.929332  -8.857818
  -8.643276  -8.721866  -8.704872  -8.64896   -8.023894  -8.522694
  -9.310508  -9.397566  -8.340806 -10.150812 -10.940482  -8.755854
  -9.199786  -9.52592   -9.533518 -10.111256  -8.901318  -9.215562
  -8.884266  -8.356408  -9.98296   -9.728166 -10.12767   -9.972114
  -9.54709   -9.58102   -8.867852  -9.112496 -10.122334  -9.160752
  -9.096082  -9.419432  -9.457596 -10.192108  -9.908256  -9.574524
  -9.410558 -10.197502  -9.82172   -9.498428  -9.684086  -9.057396
  -8.720532  -8.85747   -6.995902  -7.357068  -5.54654   -8.820234
  -5.341162]"
794,"[-10.114504 -10.234274 -11.02377  -10.47103   -9.371756 -10.033652
 -10.146868 -10.14971  -11.031136 -10.986766  -9.90263  -10.236884
  -9.88146  -10.322086 -10.914034 -11.074578 -11.30217   -9.126126
 -10.0775    -9.127054  -9.610542  -9.723178  -8.538296  -8.743848
 -10.821176  -6.252574]"
795,"[-10.199822 -10.699434  -9.375236 -10.746124 -10.000998  -8.404374
  -6.54704   -6.185526  -8.960884  -8.618742  -8.505526  -8.593164
  -9.12369   -7.918392  -6.759958  -6.831704  -8.90619   -9.871484
  -9.702472  -9.900078  -8.672624  -8.273352  -9.842716  -9.509216
  -8.59038   -8.608882  -8.073426  -6.425008  -6.949444  -6.78049 ]"
796,"[ -9.463686 -10.033652  -8.488648  -9.137842 -10.60965   -9.024974
  -9.608106  -9.20895   -9.527138  -7.782034  -8.212858  -7.424928
  -7.575496  -8.509818  -7.923612  -8.748778  -8.602792 -10.434084
 -11.46544   -9.768418 -10.668636  -9.653288  -9.052118 -10.01805
  -8.86124  -11.138088 -10.769034  -9.048116  -9.000092  -9.246418
  -8.680686 -10.837068  -8.885368 -10.100642  -9.046956  -9.665874
  -9.766562  -8.881482 -11.064196  -8.760436  -9.449244 -10.024662
  -9.290962  -9.132216  -9.500052 -10.795598  -9.03553   -9.801652
 -11.408426  -9.322456  -8.579186 -10.642826  -9.032166  -9.639484
  -9.224378  -9.715174  -9.36468  -10.048036  -9.276462 -10.033072
 -10.58645   -9.90872  -10.050066  -8.49265   -9.679968  -9.56884
  -9.354066  -9.594708  -9.151936  -9.560372  -9.917652  -9.23331
 -10.175694  -8.676046 -10.955968 -10.295174 -11.4753   -10.317504
  -8.536672 -10.258924  -8.120986  -9.307376  -9.903558  -9.046028
  -9.902398  -8.886876  -9.907212  -9.007632  -8.972774 -10.964958
  -9.024278  -9.306854 -10.528972 -10.588596  -9.233716 -10.277426
 -10.166646  -8.975616  -9.007342  -9.525282  -9.946594  -9.505678
  -8.971266  -9.330924  -9.472618  -9.205586  -9.231976  -9.906284
  -9.72892   -8.795932 -10.269306  -9.664192  -9.45168   -9.904776
  -9.292528  -9.452318  -9.75792   -9.580498  -9.129664 -10.61168
 -10.144838  -9.440544  -9.618024  -9.088948 -10.22743   -7.371394
  -7.225698  -8.22469   -9.135928  -8.423282  -7.90743   -7.862016
  -9.024452  -8.470088  -8.413886  -8.486792  -8.657544  -8.654644
  -6.258432  -6.00735   -7.902906  -8.235594  -7.0847    -8.804516
  -8.921676  -7.418316  -8.845406  -7.848328  -7.909924  -8.897432
  -7.949248  -9.29421  -10.013294  -9.26695   -9.721032  -9.19097
  -9.996184  -9.119398 -10.028954  -9.345192  -9.788138  -9.443734
  -9.17618   -9.47401   -9.678112 -11.06524   -8.979212  -9.733154
  -9.663438  -9.303374 -10.576126  -9.055888  -9.899382  -9.284234
  -9.740462  -9.272924  -9.675212  -9.47198   -9.030078  -9.767432
  -9.801826  -8.654992  -8.303976  -8.654644  -7.655884  -8.154394
  -8.550534  -6.757     -8.089724  -8.280254  -8.659342  -8.591714
  -8.955316  -9.39832   -8.85051   -6.81993   -7.19577   -8.230606
  -8.777604  -8.084504  -8.076384  -7.931848  -8.373808  -7.667078
  -6.409116  -5.74403   -7.682042  -7.125242  -7.957658  -8.376534
  -8.236638  -8.21193   -7.685696  -7.959862  -7.792532  -8.222834
  -7.532866  -8.71711   -8.045412  -7.902384  -7.519062  -7.542494
  -7.481652  -7.41066   -7.926686  -7.751584  -8.12725   -7.93759
  -6.525232  -6.555972  -7.124778  -7.830232  -8.964538  -8.20468
  -8.148884  -7.615284  -5.768506  -6.459518  -9.55753  -10.8286
  -9.318802  -8.721634  -9.150544  -9.651026  -9.972288 -10.02791
 -10.592888 -10.31762  -10.1529    -9.328198 -10.880104  -8.81745
 -10.117346 -10.415988 -10.212118  -9.730138  -7.494238  -8.314126
  -7.761792  -8.914194  -8.400836  -8.75104   -9.228264  -9.20373
  -9.304244  -7.644516  -8.450194  -9.82636   -8.369284  -9.288584
  -9.434512  -8.427748 -10.151566  -9.035646  -9.459568  -9.444372
  -8.82383   -7.274998  -9.059136 -10.891646  -9.661234  -8.667056
  -7.738302  -7.570218  -8.909206  -9.7672   -10.000186  -8.88038
  -9.278202  -9.366478  -9.171192  -9.152922  -9.55405   -9.220898
  -9.239864  -8.037176  -8.696984  -5.577106]"
797,[-9.386894 -9.63438  -7.68471  -8.116172 -9.22432  -9.495586 -6.079096]
798,"[-10.968264 -11.384704  -9.65642   -8.510978  -8.456806  -9.716392
  -9.180762  -9.08976   -9.37048   -8.41928   -6.50035   -6.926186
  -7.172686  -8.285242  -6.938192  -6.981402]"
799,"[-10.889674 -10.29964  -10.823902  -9.866786 -10.200402  -8.313256
  -7.481304  -7.192     -7.529908  -7.718118  -6.090754  -8.214134
  -7.918508  -7.31699   -8.208624]"
800,"[ -9.451332  -9.853272  -8.730102  -7.701008  -7.930746  -8.735264
  -8.42218   -8.819828  -9.329996  -9.035124  -7.318324  -8.699362
  -9.177746  -7.31206   -8.554246  -8.756666  -8.597108  -8.766236
  -8.864488  -8.726332  -8.614276  -8.023372  -8.011134  -7.014462
  -5.662366  -6.367182 -10.14913   -9.964342  -9.841614  -9.589314
  -8.949284 -10.507338  -9.553238  -9.363056  -7.322848  -7.55305
  -6.697144  -7.683434  -7.199482  -9.574292  -8.681846  -8.95955
  -8.620946  -9.48445   -8.679758  -8.923822  -9.398668  -9.422912
 -10.316982  -9.97281  -10.888108 -11.146382 -10.330032 -10.462214
 -10.09693   -9.818182  -9.983018 -11.621518  -8.41203   -6.978676
  -8.39115   -8.25601   -7.983178  -9.776422  -9.730834  -9.02741
 -10.328292 -11.704226 -10.058418  -9.624926  -8.902768  -8.33257
  -8.218368  -7.747814  -7.67891   -7.584312  -7.962356  -9.064182
  -8.827658  -7.931558  -8.257286  -8.592816  -8.938206  -9.858898
  -9.060586 -10.176738 -12.423426 -11.247882 -10.915136 -11.772376
 -11.76182  -11.44485  -12.561756 -12.532176 -12.066204 -12.225646
 -12.592728 -11.59391  -11.720814  -9.534388  -9.092196  -8.343532
 -10.372894  -7.757152  -6.452384]"
801,"[ -9.33481   -8.736308  -9.10281   -9.298792  -9.772246  -9.403946
  -9.591112  -9.0045    -7.93063   -8.029346  -9.80432  -10.862066
 -11.521526  -9.711114  -9.287772  -9.476678  -9.310218 -10.727912
  -9.936966  -9.28609  -10.820016 -11.093428 -10.015092 -10.262868
  -9.72399  -10.869374 -10.155916 -10.027736 -10.826454 -10.069322
 -10.485066 -10.146288 -10.106616  -9.885752 -10.831268  -9.23534
  -9.859014  -7.824722 -10.696824  -7.274592  -6.06013   -9.109364
  -6.565542  -5.330954]"
802,"[ -7.509724  -9.529574  -9.328198  -9.280232  -9.385618  -9.642906
  -9.405744  -9.187142  -9.700674  -9.281392  -9.357198  -8.931304
  -9.322398  -9.27884   -9.61495   -8.8914    -9.348556  -9.047362
  -9.453942  -9.29073   -9.223798  -8.90068   -9.655202  -9.884012
  -8.905494  -9.642848  -9.426914  -8.873072  -9.523136  -9.077696
 -10.137762  -9.177108  -8.760204  -9.899208  -9.48677  -10.656456
  -9.433642 -10.51511   -9.734894  -9.853736  -5.640848]"
803,[-6.058506 -7.32714  -8.340748 -7.459032]
804,"[ -8.981764  -9.854664 -10.001056 -10.877726 -10.554666  -9.720394
  -9.217534  -7.804074  -8.979386  -8.67216   -8.649134  -9.38382
  -8.656268  -8.524028]"
805,"[ -9.461018  -8.306354  -9.745044  -9.444546  -9.178674  -8.626456
  -8.168546  -9.56565   -9.413052  -9.469196  -9.778684 -10.048848
 -10.376664 -10.586972 -10.172504  -8.10318   -6.966554]"
806,"[ -9.753048 -10.158468 -10.427878 -10.748386 -10.561394 -10.456588
  -9.987426 -10.891878  -9.331272  -9.028744  -8.665722 -10.147622
  -9.985396 -10.341458  -9.389736 -11.332736  -9.692438 -10.571022
 -10.17059   -9.297168 -10.406302 -10.672754 -10.6285   -10.73261
  -9.966372 -10.30805  -10.553912 -10.35474  -10.208174 -10.141358
 -10.735684  -9.955236 -10.241756 -10.010278 -10.460822  -9.581832
  -9.925656 -10.102092  -8.882932  -8.801384  -8.858166  -7.928484
  -8.63069   -8.925156  -9.091094 -11.5188   -11.128982 -10.659008
 -10.996162  -9.634786 -10.036494 -10.520852 -11.152588 -11.408252
 -11.241618 -11.014432 -10.633372 -10.862646 -11.80445   -9.37106
 -10.51685   -9.52795   -9.162086  -9.995082 -10.09229  -10.096756
 -10.579084 -10.14072   -8.936524 -10.108936 -10.169314  -9.573886
  -8.517532  -7.518656  -8.503554  -9.968576  -9.785876 -11.06118
  -9.168234 -10.32458   -9.805306 -10.272148 -10.221166  -9.84347
 -10.166994 -11.319106 -10.703378 -11.1679   -11.319744 -11.413704
  -9.67469   -9.543146 -10.135152  -9.24288  -10.070598  -7.2877
  -7.406484  -8.800978  -8.514922  -7.958992  -8.81571   -8.84297
  -7.136552  -8.06838   -8.721576  -8.66694   -8.985534  -9.74748
  -9.390954  -9.263818  -8.953286 -10.205332  -9.99746   -7.876632
  -7.324878  -9.339218  -7.833596  -7.822286  -9.09817   -8.80266
  -9.26115   -9.006008  -9.27826   -7.507404  -6.15061   -5.92818 ]"
807,"[ -6.613392  -9.031818  -9.790458  -8.912918  -9.326864  -9.961384
  -9.426392  -8.999802  -9.334984 -10.248948  -8.77308   -8.696694
  -9.822938  -9.544074  -9.705778  -8.708004  -9.44936   -9.20634
  -9.491816  -8.785144  -7.186896  -8.349332  -6.552608  -6.66884
  -5.914898  -6.603938  -7.602988  -8.441088  -8.69362   -5.601466]"
808,"[ -9.999142  -9.507186  -9.864002  -9.345482 -10.283168 -10.891124
  -9.786978  -9.419374 -10.140198  -8.82412   -9.206456  -9.227858
  -9.685652  -9.67353   -9.921132 -10.360424 -10.441856 -10.388728
 -10.215192 -10.201504 -10.233636 -10.014164 -10.150174 -10.69752
 -10.246744  -9.648068  -9.785644 -10.168966 -10.248948 -10.779822
 -10.4864   -10.495274  -9.824446  -9.592272  -9.739418  -6.421992
  -6.714892  -7.604148  -9.207094  -9.333418  -8.390048 -10.360714
 -10.337804 -10.5676    -8.710614  -8.633474  -8.355944  -7.65861
  -6.993756  -9.841266  -8.66839   -7.607512  -8.149232  -5.720598
  -7.052336  -7.139684  -5.78898   -6.010366  -7.33845   -5.87975
  -8.476932 -10.587146  -8.29429 ]"
809,"[ -7.671544  -9.285394 -10.15319   -9.320194  -9.298444  -9.57899
  -8.6304   -10.292448  -9.525108 -10.38258  -10.320694 -10.320926
  -9.562576  -9.096314 -10.743166 -10.336934 -10.15      -9.434454
  -9.585486 -10.147912  -8.790944  -9.869106 -10.356132 -10.123842
  -9.634554 -10.12274   -9.57232   -9.775204  -8.86443   -9.515538
  -8.930608  -9.539666 -10.359844  -9.490308  -8.65099   -9.48648
  -8.463534  -9.019754  -9.54042  -10.782606  -9.903732  -9.014882
  -6.056128]"
810,"[ -8.50222   -8.206942  -8.237392  -7.945362  -7.641732  -8.249978
  -8.328452  -8.06345   -8.960884  -9.640586  -8.92649   -9.986324
  -9.379296  -8.986926 -11.117614  -9.91771   -9.686406  -9.32002
  -9.773232  -9.277448  -8.26384   -8.268016  -8.625992  -8.366326
  -9.080886  -9.271416  -9.292006  -9.706126  -7.876748 -10.634358
  -9.60886  -10.50931  -11.023712 -10.633604 -10.986302 -10.380956
  -8.34011   -5.838976  -6.399894  -9.27362  -10.12767   -8.592062
  -8.318012  -9.562518  -8.881424  -9.114352  -9.186852  -7.672936
  -9.40412   -8.433954  -8.626862  -8.760958  -8.914368  -5.677098
  -6.426806  -8.058288  -9.030716  -9.04394   -9.503764 -10.659472
 -10.995176 -11.225436  -9.6657    -6.712688]"
811,[-7.56987  -6.562816 -5.920988]
812,[-10.869664  -8.600588]
813,"[-10.38432  -10.09664   -9.153444 -10.153654  -9.834944  -8.340458
  -9.474706 -10.13057   -9.97078   -8.340632 -10.42985   -9.951698
  -8.97608   -8.859268  -9.122066  -8.99609   -9.627362 -10.36895
 -10.135906  -9.73588   -9.083032  -9.715348 -10.292912  -9.043186
  -9.292644  -9.498776  -8.82325  -10.225226  -9.021146  -8.4129
  -9.375062  -9.462874  -8.805676  -9.57058   -8.970686  -9.23795
  -9.16574   -8.72088   -9.15878   -9.198684  -9.196016  -9.125488
  -8.951778  -8.258968  -9.189868  -9.640412  -9.348382  -8.995394
 -10.00761   -9.589082  -9.250246  -9.019812  -9.152516  -9.206804
  -7.842238  -9.312538 -10.114156  -8.972832  -8.687472  -9.323616
 -10.782722 -10.84745  -11.175266 -11.122486 -11.12875  -11.340508
 -10.72507  -10.83005  -10.646538 -11.038154 -10.685862 -10.577692
 -10.394992 -10.794438 -10.62792   -9.96295  -10.499856 -11.457088
 -10.90139  -10.611448 -11.415676 -10.204694 -10.339428  -9.698354
 -10.826396  -8.836184  -7.570798  -8.683296  -8.347766  -9.02277
  -8.178116  -8.786304  -7.82768   -7.33062   -6.557422  -6.2582
  -8.656152  -9.34786   -7.330446  -5.918552  -8.265348  -9.521686
 -10.176564  -9.559386  -8.787696  -9.52853   -7.233296  -7.699848
  -7.792822  -9.100722  -9.604742  -9.726194  -9.06018   -9.681186
  -9.643196  -9.706126  -9.921016 -10.24309  -10.155568  -9.787152
  -9.289106 -10.25701  -10.497942 -10.73957  -10.405432 -10.562264
 -10.191644  -9.737678 -10.004362 -10.162412  -9.536824 -10.776168
 -10.42463  -10.467956 -10.712194 -10.697868  -9.545698 -10.089564
 -10.39563  -10.673624 -10.004884  -9.89596   -8.924402  -8.021922
  -8.620308  -5.506404  -5.427698  -6.625108  -9.753222  -5.21739 ]"
814,"[-10.27847   -9.879314  -7.56813   -7.479158  -8.150276  -9.738606
  -8.042802  -9.200424]"
815,"[-7.86857  -8.627094 -8.281646 -8.053416 -8.228924 -8.673494 -8.533308
 -8.275382 -8.590902 -8.518518 -8.588582 -8.357916 -8.439    -8.51846
 -8.377056 -7.982134 -7.205688 -8.398574 -8.431808 -8.331932 -8.867156
 -8.274396 -8.348694 -8.71508  -8.397356 -8.679526 -8.470552 -8.206072
 -8.845058 -8.259664 -8.180204 -8.800398 -8.241162 -8.615552 -8.479136
 -8.663402 -8.467188 -8.00922  -7.652636 -9.182908 -6.71031  -8.242728
 -6.195618 -5.139438]"
816,[-7.880286 -6.35071 ]
817,"[ -9.39426   -9.60712   -9.52215  -10.12854   -9.748582  -9.778974
  -9.305868  -9.553876 -10.26513   -9.0103    -9.10571  -10.406766
 -10.260606  -8.35171  -10.395224  -9.66744   -9.303954  -7.812078
 -10.341342  -9.17241   -9.778974  -9.766388 -11.044998 -11.320208
 -10.389366 -11.27694  -11.064196 -11.40367   -9.732806 -10.08533
  -8.837402  -7.985324  -8.668332  -7.667136  -7.761502  -8.5666
  -9.602074  -6.15148 ]"
818,"[-12.216308 -12.369718 -12.280572 -12.938988 -12.68257  -12.563728
 -13.00157  -12.38068  -12.804602 -11.992254 -12.525448 -12.565642
 -12.283994 -12.770788 -13.02506  -12.714354 -12.57527  -12.841316
 -12.871592 -12.209696 -12.486994 -12.358234 -12.846594 -12.409506
 -12.549924 -12.77334  -12.471276 -12.753852 -12.48537  -12.834878
 -13.011256 -12.709366 -12.631472 -12.921124 -12.495694 -12.557
 -12.46884  -12.7455   -12.625904 -12.16521  -12.906856 -12.989042
 -12.942004 -12.774732 -12.543138 -12.176288 -12.855642 -12.79944
 -12.481484 -12.830934 -12.930346 -12.942932 -12.63182  -12.70635
 -12.889514 -12.397036 -12.598992 -12.57846  -12.365368 -12.571094
 -10.796932 -12.29832  -12.443784 -12.10837  -13.013634 -12.036624
 -12.793118 -12.494998 -12.51031  -12.407476 -12.719864 -12.59528
 -12.32442  -12.914512 -12.51814  -12.241538 -12.453064 -12.071018
 -12.693068 -12.415886 -12.941308 -13.046404 -13.003136 -12.693706
 -12.15767  -12.205114 -12.606706 -12.851292 -12.743412 -12.726824
 -12.882612 -12.758724 -12.954474 -12.706292 -12.984576 -12.706756
 -12.187018 -12.601138 -12.6005   -12.03558  -12.809068 -12.905174
 -12.276396 -12.745558 -12.214684 -11.3071   -12.637562 -12.612796
 -12.622424 -12.615    -12.868634 -12.847058 -12.91747  -12.908886
 -12.40765  -12.723402 -12.55497  -12.919442 -12.144272 -12.732624
 -12.909524 -12.95285  -13.112176 -12.842998 -12.76116  -12.506192
 -12.023284 -12.828788 -11.703588 -12.442856 -12.627934 -12.731812
 -12.399182 -12.157786 -12.650786 -13.051624 -12.780416 -12.812432
 -12.363512 -12.625208 -12.91109  -12.697302 -12.66778  -13.00244
 -12.654208 -12.510658 -12.279818 -12.779778 -12.841026 -12.692256
 -12.642956 -12.655832 -12.592032 -12.932724 -12.72288  -12.3482
 -12.504162 -12.124784 -12.29397  -12.689298 -12.888412 -13.014272
 -12.765452 -12.473712 -12.662618 -12.196936 -12.610128 -12.643594
 -12.803616 -12.857382 -12.270654 -12.433344 -12.355102 -12.622656
 -12.82757  -12.77102  -12.547024 -13.123486 -13.01578  -12.411014
 -12.477076 -12.306324 -13.004876 -12.919384 -13.13555  -12.53757
 -12.798396 -12.396572 -12.557696 -12.485892 -12.340834 -12.442102
 -11.740708 -12.689762 -12.21074  -12.50654  -12.871418 -12.908654
 -12.435258 -11.669194 -12.810634 -12.852684 -12.63588  -12.954996
 -12.514486 -12.886266 -13.007138 -13.196566 -12.595164 -12.78465
 -12.839692 -12.933594 -12.622424 -12.512398 -12.944614 -12.799034
 -12.583042 -12.80263  -13.086366 -12.823916 -12.540122 -12.383638
 -12.999018 -12.372212 -12.835284 -12.73332  -12.686282 -12.407244
 -11.99614  -13.111422 -12.833776 -12.254066 -12.440884 -12.5338
 -12.002926 -12.142474 -12.625324 -11.924394 -12.51495  -12.993856
 -12.253776 -12.610882 -12.741324 -13.108174 -12.845434 -12.876406
 -13.029758 -12.369776 -12.504684 -12.689124 -12.871128 -12.444828
 -12.992174 -12.57614  -12.51785  -12.75971  -12.898794 -12.760174
 -12.70113  -12.89891  -12.287532 -12.561408 -12.866024 -12.71824
 -12.808836 -12.451382 -12.98098  -12.664358 -12.525042 -12.685876
 -12.651656 -12.895488 -13.016128 -12.527072 -12.701942 -12.480266
 -12.381608 -12.658094 -12.653222 -12.90123  -12.317866 -12.83975
 -12.586696 -12.658094 -12.658732 -12.972338 -12.935682 -12.518372
 -12.858948 -12.659834 -12.85686  -12.74782  -12.988288 -12.647654
 -12.811852 -12.728796 -12.32674  -12.606242 -12.760174 -12.68866
 -12.684078 -12.061912 -12.433344 -12.778618 -12.797468 -12.575444
 -11.928164 -12.696896 -12.57034  -12.505264 -12.439144 -12.733726
 -12.384334 -12.676074 -12.600094 -12.680018 -12.489256 -12.351506
 -13.152138 -12.813012 -12.26352  -11.899686 -12.371922 -12.643594
 -13.122674 -12.919732 -12.231504 -12.427138 -12.87397  -12.786216
 -12.357596 -13.104752 -13.158924 -12.772586 -12.577126 -12.041554
 -12.93429  -12.348316 -12.528696 -12.804834 -12.547604 -12.779952
 -11.869004 -12.983184 -12.695446 -13.089382 -12.602124 -12.218686
 -12.79886  -12.89369  -12.831108 -12.947572 -12.52452  -12.509846
 -12.602124 -12.745964 -12.569528 -12.640984 -12.13563  -13.283972
 -12.53351  -12.050544 -12.614072 -12.829252 -12.787202 -12.103672
 -12.803906 -12.931738 -12.459212 -12.681816 -12.718704 -12.715746
 -13.080624 -12.531886 -12.531944 -12.955228 -12.593424 -12.578402
 -12.903898 -12.256328 -13.094138 -11.969228 -12.353826 -12.133716
 -12.963754 -12.174026 -12.925068 -12.972396 -12.78552  -13.041184
 -12.7426   -12.82177  -12.676248 -12.46565  -13.061426 -12.592032
 -12.709308 -12.802108 -13.025524 -12.673986]"
819,"[-10.248542 -10.728202 -10.16073   -9.455508  -7.641616 -10.650366
 -10.331308 -10.328756  -8.139546 -10.1355    -9.698064  -9.460322
  -8.758522  -7.673748  -6.094872  -7.09949   -8.278108  -8.054228
  -6.838548  -9.071548 -11.00666  -11.398276 -10.647988  -9.851358
 -10.204578 -10.141648  -9.86348  -11.330242  -9.683042  -9.784194
  -8.291274 -10.702508 -10.515748  -9.748582 -10.936596  -9.017956
  -8.841346 -10.527928  -9.69238  -10.054996 -11.242546 -10.617538
 -10.392498 -10.460242  -9.886448  -9.503938 -10.450266 -10.9504
  -9.653694 -10.20481   -8.491374  -9.374018  -9.802638 -10.454384
 -10.222152  -9.690176  -9.735358  -9.935748  -9.555094 -11.163492
 -11.79807  -10.805284  -9.50475  -10.362048  -9.612108 -10.026576
 -10.68447  -10.087824 -10.91415   -9.291948  -9.82665   -9.252276
  -9.947754  -8.80556   -9.916782  -8.633822 -10.038582 -10.454442
 -10.227372  -9.551382  -8.980256 -10.275686  -8.817566  -9.155242
  -9.362476  -8.589336  -7.474692 -10.637722  -8.882178  -8.768904
  -8.778532  -9.614776  -9.516698 -10.352072  -9.478534  -9.156286
 -10.047166  -9.627884  -9.42471   -9.34467   -9.313234  -6.671566
  -7.90685   -8.280602  -9.977508  -9.69731   -9.110872  -7.719858
  -9.104376  -8.512254  -9.550802 -10.175462 -10.727332  -8.882526
  -8.251892  -7.201802  -6.468624  -7.040156  -7.379804  -6.718372
  -7.704082 -10.50931   -8.446772  -8.624948  -8.523332  -8.059506
  -7.286598  -9.40441   -5.964836]"
820,"[ -9.609846  -9.711984  -9.505678  -9.488858 -11.255654 -10.645842
 -10.11288  -10.26513  -10.166066  -9.976464 -10.831326  -7.163348
  -7.000716  -8.345272  -7.711448  -9.69934   -8.443988  -9.279014
  -9.748582  -9.160694  -8.975558  -9.16052   -9.420012  -9.192768
  -9.144106  -9.56565   -9.726252  -9.711578  -9.852286 -12.19943
 -11.834378 -10.879234 -10.99709  -11.161462 -10.766192 -11.897366
 -12.065334 -12.007798 -12.312588 -11.780438 -11.602204 -11.09453
 -10.73029   -7.18591   -5.551586]"
821,"[ -8.157236  -7.572828  -8.030796  -7.539826  -6.598544  -5.837236
  -7.706866  -8.321956  -9.213474 -10.098438  -9.657928  -9.202628
  -8.550766  -6.607824  -5.913564  -6.550984  -5.482044]"
822,"[ -6.980126  -7.810628  -7.753498  -7.994546  -7.70153   -8.032536
  -9.019058  -7.806568  -7.126402  -9.109132  -9.9325    -7.165436
  -7.632858 -10.210726  -9.139698  -9.564896  -9.909822 -10.332816
 -10.281428  -9.451564 -10.166298  -9.203846 -10.238914  -8.529132
  -8.296668 -10.199416  -9.296704  -9.202918 -10.1181    -9.99369
  -9.2249    -9.77996   -8.139024 -10.101512  -9.51664   -9.89074
  -9.950712  -9.859768  -9.654506 -10.095654  -9.678692  -9.998794
  -9.746262  -9.670398  -9.879198  -9.645806  -9.49576   -9.828506
  -8.876436 -10.325624  -8.77395   -8.690778  -9.175136  -9.696788
 -10.219774 -10.531176 -10.057258  -9.993806 -10.332816 -10.611042
 -10.235202 -10.169372 -10.492258  -9.585544 -10.971976 -10.475612
 -10.511224 -10.443364 -10.06822  -10.110676  -9.932616 -10.250166
  -9.523484 -10.720662  -9.8774   -11.125502 -10.804356 -10.231374
  -9.70282  -10.194544 -10.425674 -10.823554 -10.566498 -10.498696
 -10.678322 -10.369936 -10.276208 -10.462388  -9.702008 -10.8054
 -10.33328  -11.091514  -8.843492 -11.082582  -9.761458  -6.048472]"
823,"[ -6.730204  -9.70514  -11.268356  -8.76583  -11.27404   -9.110582
  -9.896308  -9.996532  -9.716682  -9.586008  -6.299206  -5.489062
  -6.546808  -9.094516  -9.554282  -8.900796  -8.534584  -8.81426
  -9.524528 -10.243264  -8.150972  -8.577446  -9.351862  -9.4743
  -8.295508  -8.47235   -8.743964  -8.065596  -7.395058  -8.376708
  -8.719488  -9.721844  -7.46083   -8.37694  -10.155742  -8.84123
  -9.817486  -9.779554  -9.212604  -9.73501   -9.904022  -8.622396
  -9.315612  -8.106834 -10.45914   -9.066386 -10.550432 -10.544458
  -9.100838  -9.975478  -9.792082 -10.010336  -9.373496 -10.22801
  -9.61524  -11.534634 -11.016056  -8.031144  -5.033878]"
824,"[ -8.782128  -7.464252  -9.35047   -9.565824  -8.958854  -8.185424
  -8.204622  -9.001078  -8.670304  -8.558248  -7.442908  -6.537992
  -6.117608  -8.634692  -9.420592  -9.311436 -10.100178  -9.61437
 -11.081828 -10.077964  -8.748314  -8.159614  -8.25282   -7.796766
  -8.598964  -9.117484  -8.902652  -7.291644  -9.445822  -9.353718
 -10.430952  -7.906734  -9.311552  -6.496928  -5.63905   -5.981598
  -7.790792  -8.416844  -7.64382   -8.836706 -10.09693  -10.542544
 -10.453746  -9.106638 -10.012714 -10.115606  -9.754382 -10.352652
 -10.224704 -10.619394 -10.362802 -10.590046 -10.728956  -9.564896
 -11.016578  -8.947892  -7.101984  -9.213068  -8.83949   -9.674168
 -10.055808 -10.455718  -9.01088  -10.217744  -9.03524   -9.181516
  -7.432874 -10.072512  -9.791096  -9.220492 -10.069264  -9.066038
  -9.821256  -9.516582  -8.934204  -8.955142  -9.374714  -9.170728
  -9.006646  -9.357604  -9.820154  -9.1147    -9.40093   -9.061514
  -9.300938  -9.168698  -9.522208 -10.388902  -9.965502  -9.042432
  -9.46299   -9.14602   -9.821604  -8.887514  -9.49257   -9.298096
  -9.520758  -9.3293    -9.717552  -9.586008  -9.119456  -9.02712
  -8.756202  -9.706242  -9.512522  -8.914078  -9.10977   -8.286286
  -9.05931   -9.504518  -8.652788  -9.202164  -8.783636  -9.37077
  -9.229018  -8.84935   -9.391302  -9.132042  -9.600914  -9.17995
  -8.85776   -9.269792  -9.244272  -9.223566  -9.573538  -9.449302
  -8.971788  -8.842622  -9.431148  -8.970918  -8.785608  -8.895692
  -9.529748 -10.11868   -9.180066  -9.127286  -9.505156  -9.127344
  -8.723664  -9.843992  -9.618952  -9.052118  -9.22258   -9.479056
  -8.879858  -9.911852  -8.797962  -8.760262  -9.43457   -9.207268
  -9.130824  -9.382602  -8.062928  -8.73654   -9.607584  -9.102114
  -9.127634  -9.311668  -9.157736  -9.319556  -9.339682  -8.71595
  -9.303896  -9.125778  -9.197408 -10.51482   -9.613326  -8.807184
  -9.326168  -8.959724  -9.139582  -9.552542  -9.360272  -9.574292
  -9.272112  -9.184416  -8.850974  -9.80026   -9.932558  -9.684666
  -9.195784  -8.957346  -9.223334  -9.60625   -9.33104   -9.101012
  -8.76931   -9.107102  -9.033674  -9.42674   -9.998562  -9.878154
  -9.097764  -9.420244  -9.427262  -9.88784   -9.682114 -10.385306
  -9.907444  -8.928984 -10.053488  -7.989558  -7.817298  -7.602872
 -10.256024  -9.111742  -9.928846  -6.624412]"
825,"[ -9.75647  -10.584304  -9.673704 -10.012482  -9.979654 -10.11114
  -9.591054 -10.715094  -8.15596   -8.492418  -7.900122  -5.614864]"
826,"[ -9.538274  -9.8803    -9.101766  -9.883838  -9.33742  -10.278122
  -9.88233   -9.67643   -9.77851   -9.930296  -9.946362  -9.915042
  -9.821778 -10.038176  -9.5236   -10.48756   -9.648126  -9.594012
 -10.07199   -9.363694  -9.916956 -10.04386   -9.75241   -9.721148
  -9.83477  -10.015904  -9.867482 -10.02588   -9.925482  -9.735532
  -9.593896  -9.924786  -9.356734 -10.435302  -9.134072  -8.722852
  -8.775516  -9.194566  -9.044404  -8.958622  -9.375004 -10.261012
  -9.878444  -9.442632  -9.218346  -9.941954  -9.547438  -9.827404
  -9.94033   -9.133666  -9.903268 -10.098264  -9.768824  -9.776074
  -9.816906  -9.512116  -9.56971   -9.566172  -9.487408  -9.452144
  -9.823344  -8.98246  -10.205216  -9.853098 -10.045252 -10.28282
  -9.918348 -10.039452  -9.639716  -9.461366  -9.978262  -9.774566
  -9.999548  -9.875022  -9.682578 -10.438782 -10.232128  -9.93366
  -9.776828  -9.554166  -9.15182  -10.328292 -10.051458  -9.896946
  -9.829492  -9.957962  -9.985976 -10.18654   -9.465136  -9.508578
  -9.791038 -10.062942  -9.959006  -9.502314 -10.10563  -10.062942
 -10.441392  -9.885404  -9.528646  -9.491584  -9.918696  -9.713028
  -9.434164  -9.969098  -9.020682 -10.293724  -9.756296  -9.518032
 -10.083358  -9.035646  -9.829666 -10.368486  -9.573132  -9.528298
  -9.28      -9.65642   -9.566868 -10.483152 -10.597238 -10.337862
  -9.782048  -9.523484 -10.197212  -8.687472  -9.568434  -9.329938
  -9.920552  -8.956186  -9.53578   -8.600588 -10.33183  -10.11404
  -9.811512  -8.901202 -10.225748  -9.424014  -9.932964  -9.9412
  -9.579802 -10.032318  -9.729036  -9.356328  -9.88001   -9.92264
  -9.568376  -9.466064  -9.87682   -9.85797   -9.626086  -9.294384
 -10.200286  -9.838482  -9.991486  -9.99804   -9.71065  -10.019674
  -9.85507   -9.734372  -9.463106 -10.145418  -9.623882  -9.56014
  -9.425174  -9.62974   -8.998468  -9.721612 -10.466448  -9.826418
  -9.906864  -9.779496  -9.841034 -10.010684 -10.07199   -9.893234
  -9.567042  -9.37541   -9.705024 -10.03516   -9.360272  -9.782918
  -9.29769   -9.827984  -9.731414  -9.724686  -9.780888  -9.723526
 -10.14362   -9.764822  -9.767316  -9.639542  -9.798752  -9.574582
  -9.8252    -9.98006   -9.272054  -9.295718  -9.707112  -9.751888
 -10.17842   -9.802986  -9.057164 -10.44522   -9.781758  -9.873514
 -10.102382 -10.446612  -9.75734   -9.7121    -9.846776  -9.389852
  -9.92844   -8.917442  -9.037734  -9.409688  -8.744776  -9.705778
 -10.137762  -9.801304  -9.937198  -9.332142 -10.073962  -9.34815
  -9.384168 -10.338674  -9.245374  -9.345076  -9.82549   -9.873862
  -9.35627   -9.695454  -9.773464  -9.89277  -10.133818  -9.303432
 -10.296102  -9.680548  -9.900194 -10.214902 -10.309732  -9.292528
  -9.232846  -9.534504  -9.415894  -9.920378 -10.248426  -9.258888
  -9.667208  -9.394724  -9.270198 -10.042236  -9.113424  -9.028048
  -8.87603   -9.191202  -8.812172]"
827,"[ -9.392868  -9.557994 -10.462736  -9.534736 -10.343372  -9.133956
  -9.111104  -9.591344  -9.872992  -9.517278  -9.868294  -9.962022
  -9.433294  -8.306412  -9.610368 -10.608258 -10.352246  -9.538622
  -9.40064   -8.940178  -8.202244  -8.195748  -8.153872  -8.829282
  -9.339276 -10.23468  -10.04473  -10.17929  -10.024256 -10.58964
 -10.009814  -9.520294 -10.310602 -10.113576  -9.581484  -8.472582
  -9.616748  -7.561112]"
828,"[-9.352384 -9.395594 -9.417112 -9.434106 -9.266544 -9.545814 -9.254016
 -8.723026 -9.292818 -9.0915   -9.599522 -8.919762 -9.511652 -9.840512
 -9.37193  -9.32727  -9.037734 -9.203382 -9.344322 -9.31857  -9.032862
 -9.261324 -9.276346 -9.480158 -9.247288 -9.489612 -9.492918 -9.514146
 -9.560604 -9.448664 -9.377904 -9.445764 -9.550976 -9.485726 -9.064182
 -9.1698   -9.73501  -9.306738 -9.646734 -9.36323  -9.54709  -9.247984
 -9.379934 -9.472212 -9.477896 -9.387184 -9.626898 -9.22983  -9.48271
 -9.354008 -9.635192 -9.604278 -9.281218 -9.433294 -9.305288 -9.230642
 -9.481028 -9.59842  -9.452202 -8.68173  -9.225538 -9.476852 -9.572842
 -9.455218 -9.615182 -9.23186  -9.772478 -8.368066 -9.61379  -9.212372
 -9.233774 -9.324022 -9.563562 -9.651374 -9.53433  -9.571682 -9.453826
 -9.41282  -9.084888 -9.137146 -9.224842 -9.092254 -9.086396 -9.13906
 -8.921328 -9.23215  -9.283944 -9.12398  -9.39484  -8.909728 -9.245374
 -9.414038 -8.811128 -9.501502 -9.6164   -9.298734 -9.359344 -9.257844
 -9.269792 -8.997598 -9.537752 -9.40354  -9.138654 -9.31567  -8.811302
 -9.413284 -9.169104 -9.083322 -9.015926 -9.503242 -9.410848 -8.506686
 -8.852424 -9.19735  -9.462816 -9.38092  -9.402148 -8.936292 -8.990522
 -9.204252 -8.998642 -8.970454 -9.222754 -9.263586 -9.328836 -9.537172
 -9.409224 -9.374714 -8.92649  -9.681534 -9.164    -9.358532 -9.460148
 -9.23273  -8.96593  -8.584058 -9.571624 -9.361258 -9.671964 -9.175948
 -9.467224 -9.413168 -9.353312 -9.226988 -9.430974 -9.458582 -9.727818
 -9.158084 -8.833226 -9.246882 -8.810896 -9.391882 -9.358184 -9.3554
 -9.498544 -9.519946 -9.488626 -9.307492 -9.23186  -9.49228  -9.260396
 -9.608048 -9.061456 -9.43544  -9.674052 -9.593084 -9.47749  -9.404352
 -9.266254 -9.35801  -9.333534 -9.233948 -9.455624 -9.367696 -9.267646
 -9.361838 -9.71297  -8.949574 -9.163362 -9.21562  -9.711462 -9.412124
 -9.505156 -9.506432 -9.138828 -9.474416 -9.58972  -9.237428 -8.887224
 -9.210052 -9.454638 -9.355458 -9.324892 -9.164522 -9.482536 -9.276984
 -9.422738 -8.960826 -9.519772 -9.267936 -9.275766 -9.801652 -9.59407
 -9.015868 -9.137378 -9.574408 -9.538448 -9.32814  -9.16806  -9.359518
 -9.500458 -9.40876  -9.294732 -9.4975   -9.53172  -9.319788 -9.334694
 -9.258598 -9.347686 -9.362824 -9.302098 -9.111278 -9.323442 -9.296008
 -9.241488 -9.705604 -9.206108 -9.475054 -9.53404  -9.87972  -9.13993
 -9.721786 -9.08831  -9.410848 -9.23621  -9.34003  -9.675328 -9.323326
 -9.193232 -9.53114  -9.165624 -9.352906 -9.354994 -9.46995  -9.407426
 -8.938206 -9.507534 -9.191782 -9.08193  -9.12224  -9.084134 -8.72987
 -9.371408 -9.113308 -9.594708 -9.197408 -9.375584 -9.033964 -9.510898
 -9.527776 -9.123922 -9.238994 -9.40702  -9.445706 -9.320774 -9.523194
 -9.47575  -9.213706 -9.391766 -9.334694 -9.706068 -9.141496 -9.346526
 -9.517568 -9.459278 -9.286902 -9.311552 -9.394608 -8.920226 -9.22722
 -9.563968 -9.537288 -8.95288  -9.61031  -9.177978 -9.549874 -9.469834
 -9.229714 -9.53839  -9.314162 -9.630668 -9.251406 -8.998178 -9.292122
 -9.042664 -9.48097  -9.467862 -8.887514 -9.483116 -9.236442 -8.984142
 -9.190738 -9.2017   -9.49286  -9.36816  -9.340436 -8.987564 -9.284118
 -9.580382 -9.149094 -9.52505  -9.306854 -9.31654  -8.88096  -9.69354
 -9.464904 -9.271416 -9.238298 -9.23302  -8.974688 -8.976892 -9.485436
 -9.055134 -9.204426 -9.553354 -9.404236 -9.457364 -9.13152  -9.519772
 -9.37947  -9.375294 -9.304302 -9.473662 -9.581658 -9.528066 -9.7005
 -9.688088 -9.631074 -9.26492  -9.545234 -9.111974 -9.315206 -9.480216
 -9.51461  -9.733386 -8.805502 -9.076652 -9.38295  -9.525514 -9.226002
 -9.425754 -9.289164 -9.088542 -9.43979  -8.977472 -8.835604 -8.97521
 -9.603292 -9.56246  -9.428422 -9.16777  -9.786166 -8.989536 -9.29711
 -9.393332 -9.59204  -9.275708 -9.399538 -9.624984 -9.487814 -9.322862
 -9.302968 -9.375526 -8.88299  -9.265906 -9.669702 -9.290034 -9.329996
 -9.400466 -9.363114 -9.72196  -9.579396 -9.34322  -8.968714 -9.004674
 -9.349832 -9.398784 -9.57232  -9.407542 -9.409398 -9.639426 -9.429176
 -9.475518 -9.468384 -9.193812 -9.206224 -9.043882 -9.256394 -9.145498
 -9.175832]"
829,[-7.849894 -8.318882 -9.812092 -9.779322 -6.89591 ]
830,"[-12.178086 -13.310072 -13.41076  -13.043098 -13.313262 -12.563554
 -13.40844  -11.952756 -12.662792 -10.710802 -11.92741  -12.181334
  -9.887376  -9.94062  -10.682788  -9.108146  -8.289592  -9.1495
  -8.42566  -10.571312  -9.030194  -9.03756   -5.804002  -5.092458
  -5.675764  -8.818262  -7.34628   -8.579302  -7.863234  -8.388424
  -7.894728  -7.51999   -5.641138  -6.702016  -8.14204   -8.157468
 -12.028736 -12.403416 -12.32964  -13.14715  -11.988542 -11.978682
 -10.947732 -11.04204   -8.711832 -10.49713   -8.951024  -8.43088
  -9.643312  -8.73596   -6.515836  -7.22738   -7.423478  -9.325936
  -8.347012  -7.929818  -9.14225   -9.936676  -9.173048  -8.812172
  -6.078516  -5.834742  -7.083598  -7.025366  -6.104964  -8.15509
  -8.514574  -5.793098]"
831,"[ -8.157178  -9.296008  -9.56971  -11.019536  -9.194334  -8.080212
  -7.61105   -8.130092  -7.692424  -8.97202   -8.92765   -9.687044
  -8.351478 -10.24396  -11.459002  -9.378252  -7.568884  -8.720822
  -9.37019   -8.832646  -8.442306  -8.921618  -8.886644  -9.410732
  -8.379086  -8.98159   -8.814608  -9.559734 -10.918036  -9.632814
  -9.76401  -10.07837   -8.547402  -9.861334 -10.129004  -9.842832
 -10.070192  -9.408876  -9.744522  -9.676952  -9.020102 -10.72014
 -10.433504 -10.377418 -10.730812  -9.234006  -9.409108  -9.599928
  -9.629972 -10.531582  -9.297748 -10.903188 -10.443712 -10.148028
  -9.72544  -10.691314 -10.568354 -10.151392 -10.862994 -10.756332
 -10.28021  -10.79177  -10.228474 -10.478106 -10.172388 -10.040322
 -10.92285  -10.962928 -10.826048 -10.275802 -10.331946  -9.936096
  -9.558226  -8.569616  -9.72225   -9.946884  -9.529226  -8.987796
  -9.977566  -9.457306  -9.688494  -8.585392  -7.915956  -9.493092
  -9.045564  -9.617734 -10.345634  -9.267878  -9.858724  -7.724614
  -9.899962  -9.60132   -8.604242  -7.016782  -6.55487   -8.268886
 -10.095016  -8.626398  -6.81616 ]"
832,"[ -8.686022 -10.167922  -9.759428  -8.010844  -8.258736  -8.830384
 -10.041714  -9.52824   -9.80026   -9.724048  -9.607874  -9.847008
  -9.73211   -9.368044  -8.88299   -9.514552  -9.74255   -9.47894
 -10.111662  -9.48097   -9.75009   -9.59581   -9.920494  -9.365724
  -9.334752  -9.229134  -9.611296  -9.582122  -9.390722 -10.16247
  -9.985628  -9.615124  -9.658218  -9.68745  -10.130048  -9.530502
  -9.1147    -8.332338  -8.09767   -9.702066  -9.60016  -10.163224
 -10.271394  -9.742666  -9.459394  -8.940642  -8.895228  -6.506382
  -8.604996  -7.803262  -8.409594  -9.40412   -9.088484  -9.320078
  -8.857064  -9.973042  -8.832298  -7.982598  -8.601864  -9.259932
  -8.690198  -9.053046  -9.255002  -9.184184  -9.18082   -9.135406
  -9.252682  -9.59204   -8.937974  -8.428734  -8.466318  -8.127424
  -7.620098  -9.27565   -8.944586  -9.28986  -10.207826 -10.166356
  -9.687218  -8.584348  -9.794808 -11.149572  -8.840244  -8.989826
 -10.150406  -8.920284  -9.213416  -9.354588  -8.998294  -9.586356
  -9.501618  -9.504866  -9.055018  -9.979306  -9.259004  -8.975442
  -9.254074  -9.513044  -9.496282  -9.401916  -9.193174  -9.36787
 -10.162818  -9.831928  -9.319846  -9.757688  -9.040402  -9.387416
  -8.987738  -9.296414  -9.208718  -9.03698   -9.186968  -9.615472
  -9.237312  -8.598268  -8.755738  -9.09498   -9.153966  -8.93403
  -9.129316  -8.758406  -9.245084  -8.33083   -9.797534  -9.631886
  -9.977276  -8.945398  -9.403656  -8.708642  -9.328662  -9.027526
  -9.250942  -8.97695   -9.165798  -9.298966  -8.423978  -9.706358
  -9.873978 -10.375852 -10.518068 -11.29811  -10.47132   -9.693192
  -8.13305   -8.923532  -9.214634  -9.290382  -9.901528  -8.651164
  -9.110408  -8.837982  -9.29914   -8.276368  -8.152074  -9.263064
  -9.997982  -8.598384 -10.0543    -9.695918  -9.003746  -9.694758
  -8.003478  -8.36563   -5.357634  -5.113222  -6.964234  -8.628776
  -8.92881   -9.486016  -9.963124  -9.054322  -9.851822  -9.291716
 -10.130338  -9.522092  -8.695302  -8.409246  -6.006422  -5.244708
  -6.055026  -8.421368  -9.153444  -8.827252  -6.544836  -8.085954
  -7.61424 ]"
833,"[ -9.060528  -9.15211   -8.79338   -9.42007   -9.911968  -9.396522
  -8.979676  -9.287888  -9.103796  -8.631676  -9.110466  -9.501038
  -8.949168  -9.072998  -9.213822  -8.749474  -8.631386  -9.259468
  -9.809888  -8.467652  -9.621968  -8.671696  -9.67672   -9.394376
  -9.361954  -9.490424  -9.754672  -9.014418  -9.736692  -9.103274
  -9.604394  -9.614602  -9.374424  -8.382972  -9.039068  -9.42993
  -9.687856  -9.1727    -9.013026  -9.402032  -9.467224  -9.364448
  -9.471168  -9.289222  -9.39745   -9.956512 -10.285836  -8.946732
  -9.00827   -9.598826  -9.436136  -9.110698  -9.211212 -10.354624
  -9.955526  -9.400988  -9.573712  -8.810258  -9.519656  -9.135406
  -8.800456  -8.712528  -9.552136  -8.579128  -9.723932  -9.488046
  -9.15298   -9.384342  -8.747386  -9.58247   -9.276288  -9.758384
  -9.878154  -9.739128  -9.607758  -9.731704 -10.029244  -9.28174
 -10.179406  -9.540362  -9.615936  -8.695998  -9.832334  -9.96005
  -9.96846   -9.871426  -9.573538 -10.255386 -10.09403   -9.648822
  -9.831348  -9.564432  -9.338058  -9.5787    -9.688436  -9.24056
  -8.901898 -10.094552  -9.750264  -8.514168  -9.654042  -9.90495
  -9.994908  -9.75096   -9.67498   -9.614718  -9.289744  -9.30436
  -8.180668  -8.640434  -9.126532  -9.865278  -7.523412  -9.396116
  -9.031528  -8.865474  -8.97434  -10.548112  -9.756528 -10.108588
  -8.979328  -8.312966  -9.669992  -9.806756  -9.822822  -9.344844
  -7.355502  -9.958774 -10.25701   -8.224226  -8.958158  -9.23998
 -10.136254  -9.94004  -10.121464  -6.304426]"
834,"[-9.284002 -9.098576 -8.429778 -9.115338 -8.754868 -9.941664 -8.884904
 -8.476526 -7.995126 -8.115476 -8.254328 -5.056962 -5.350036 -6.043194
 -7.491164 -9.063602 -8.76873  -9.234122 -8.994756 -9.619648 -9.089354
 -9.36816  -8.804284 -9.464788 -9.652998 -9.518496 -9.515944 -8.532032
 -8.785144 -9.054612 -8.603952 -9.006356 -9.73298  -9.20953  -9.335158
 -9.280638 -8.984432 -9.49286  -9.429176 -9.026076 -9.346236 -8.124408
 -5.494166]"
835,"[-11.574306 -11.107058 -10.992334 -10.286996 -10.962928 -10.725476
  -8.711078  -9.698296 -10.613304 -11.265862 -10.64735  -10.208116
  -9.20286   -9.625912  -9.81273  -10.09722   -9.88552   -9.281102
  -8.285764  -9.33887   -9.299082 -10.055808  -9.902804  -7.67108
  -9.741274 -10.171518  -8.578026  -6.239872  -8.37752   -9.96643
 -10.19872   -8.15248   -5.990008  -6.573604  -7.82246   -7.188056
  -9.954656 -10.291288 -10.490924 -10.099308 -10.984446 -10.231722
  -9.87131   -9.269212  -9.841034  -9.821024 -10.489184 -10.207014
 -10.813578 -10.341342  -9.643892 -10.822626 -10.367094  -9.381732
  -8.858166  -8.835546 -10.283632 -10.308862  -9.945376 -10.293086
 -11.18878   -9.478186  -9.092892  -9.382428 -10.188106  -9.755542
 -10.311878 -10.825584 -10.469     -9.708794  -9.802812 -10.862008
 -11.080146  -9.180704  -5.926556]"
836,"[-10.69462   -9.10049  -11.223058  -6.906698  -6.122422  -8.94882
  -5.070592]"
837,"[-10.560466 -10.469754  -8.844536  -9.882214  -8.48917   -9.785586
  -9.397914  -9.380514  -8.888268  -8.88647  -10.316982 -10.043686
 -11.07945  -11.932224  -9.837554  -9.677068  -9.506954  -8.722388
  -8.172432  -7.430844  -8.972832 -10.672522  -9.002238 -10.422484
  -9.49837   -8.713282  -6.813724  -6.872536  -9.636062  -9.04684
  -9.153792  -7.25116   -6.447802  -6.859486  -5.690322  -7.008024
 -10.960028  -6.653006  -5.421028  -5.453276  -7.356604  -7.748916
  -8.45698   -7.428408  -8.387264  -9.805074  -9.330112 -10.781736
  -9.884534  -9.785644  -9.99891  -10.759754 -10.776748 -10.386292
 -10.606866 -10.916296 -10.56093  -10.201098 -10.405838 -10.394934
 -10.760218 -11.632886 -12.123276 -10.698738  -8.14929   -9.122066
 -10.11433  -11.044244 -10.623918  -8.341328  -6.947762  -9.174208
  -6.95478   -5.187462  -6.648888  -9.502894  -7.257888  -7.409268
 -10.162528 -10.05778  -10.702334 -10.753258  -9.676952  -8.937684
  -8.115476  -7.909866  -8.603372  -8.758812  -8.415336  -8.320216
  -9.515016  -8.918486  -8.352986  -8.14175   -8.885716  -8.369052
  -7.995532  -8.918022  -9.879952  -7.94252   -8.635388  -8.233564
  -7.835916  -8.725172  -8.790306  -7.320238]"
838,"[-10.440522 -10.486632 -10.577576 -10.329568 -10.511224 -10.076978
 -11.041982  -9.56826  -10.688356 -12.026648 -11.46196  -12.072178
 -11.288018 -10.976442 -11.503024 -11.47472  -10.981952 -10.516502
  -9.260744  -6.872304  -6.527146  -6.4902    -9.239226  -9.592678
  -8.057244  -9.204078  -9.349716  -7.85552   -8.926026 -10.184162
  -8.11942   -8.359018 -10.60211  -10.351956 -10.315938  -8.45988
  -6.861168  -8.665084  -9.476794 -10.36634   -9.489612  -9.808728
  -9.80809  -10.176622  -9.111916  -8.552216 -10.489416  -9.279594
  -7.05135   -5.939258  -7.295762 -10.227836 -11.493454 -11.29434
 -10.612492  -8.722852  -8.49265   -8.817392  -7.483334  -8.652382
  -9.372394  -8.804458  -8.402634  -8.316852  -7.507694  -8.950908
  -8.26326   -8.24934   -9.52853   -9.756006  -8.896156  -9.53897
 -10.177724 -10.053314  -9.315786  -5.96791 ]"
839,"[-10.495448 -11.519148 -10.722924  -8.584928  -8.682252  -9.661756
 -10.776284  -9.897642  -8.299046  -7.73314   -9.48068   -9.132448
 -10.85934  -11.250202 -12.019514 -11.570362 -11.03392   -9.93859
  -8.233216  -8.218194 -10.46117  -10.433446 -10.378752 -10.741832
 -10.08243  -10.240654 -10.126452 -10.340704 -10.684528 -10.503162
 -10.825294 -10.359786  -9.326864  -9.881634  -9.683796  -9.125662
  -9.471342 -10.734002 -10.075064  -9.852982 -10.668172  -9.278086
  -9.324312 -10.314314 -10.198778  -9.62394  -10.692938  -9.410268
  -9.07062   -9.323152  -7.748452  -8.541312  -8.720706  -8.702552
  -8.842158  -8.700696  -8.846392  -8.590496  -8.686022  -9.17647
 -10.256546  -9.4917   -10.741484 -10.046644 -10.086026  -9.540536
  -9.63931   -9.829724  -9.534852  -9.611238  -8.078994  -8.33866
  -7.717132  -8.302816  -7.878024  -7.230106  -8.938148  -8.54311
  -8.181422  -8.210886  -9.653868  -9.05467   -9.11296   -8.36882
  -8.397472  -8.633938  -9.416648  -6.76947   -8.254618  -9.658276
  -9.340088  -8.86791   -9.081466  -9.208718  -9.028338  -9.0219
  -9.222348  -9.42152   -9.04423   -9.170438 -10.21583   -9.647662
  -9.527428  -9.097358  -9.507128  -7.765272  -8.979386  -8.887456
  -9.329648  -9.02712   -8.932058  -8.98652   -8.719778  -8.274976
  -8.866866  -8.830384  -9.53085  -10.49887  -10.179174  -9.88204
 -10.049718  -8.761132  -7.883012  -9.409108  -9.175194 -10.097568
  -8.944586  -9.533286  -7.815558  -9.057628  -9.79997   -9.159012
  -8.813158  -9.676778  -8.876436  -9.665584  -9.909706  -9.727296
  -9.74429   -9.732458 -10.037074 -10.053372  -9.55956   -9.417344
  -9.048638  -9.204426  -9.352326  -9.319382  -8.986926  -8.421774
  -8.288606  -9.228496  -9.071084  -9.656942  -9.273504  -8.43929
 -10.132774  -8.833052  -8.36998   -7.879822  -7.585936  -7.528052
  -9.934414  -8.360468  -8.258736  -9.093936  -8.883222  -9.903326
  -8.52861   -8.953518  -9.494948  -9.012736 -10.217338  -9.191318
  -9.05989  -10.4806   -10.713644  -9.706184 -10.78278  -11.017622
 -11.623664 -11.623722 -10.77292  -11.22938  -11.0896   -10.905566
 -11.148006 -10.854526  -9.936908 -11.03595  -10.10244   -9.914636
  -9.17995   -9.257612 -11.113438 -10.536164 -10.020544 -11.139712
 -10.866648 -11.111814 -10.517082 -10.450672  -9.90727  -10.774892
 -11.686826 -11.771216 -10.87703   -9.2191    -8.497464  -9.333302
  -9.532706  -9.228554  -9.071664  -9.225132  -8.869998  -8.907408
  -8.9726    -8.724012  -8.633068  -7.967634  -7.559836  -8.421426
  -8.191862  -8.76699   -7.736794  -6.23268 ]"
840,"[ -7.984338  -6.768658  -7.711564  -8.033174  -8.377462  -8.834618
 -10.480368 -10.038292  -8.368704 -11.522048  -7.948204  -7.612848
  -8.89981   -6.941324  -7.75286   -8.277644  -6.515546  -6.411552
  -7.489424  -8.788392  -9.038198 -11.04784   -9.918522 -11.105144
 -10.994944  -9.75212  -10.190194 -10.120478 -11.00057  -11.042794
  -8.69188   -9.472444  -9.044404  -5.721758]"
841,"[-11.189012  -8.369922  -7.917696  -9.733966  -9.523542  -9.05786
  -6.25762   -5.517656  -6.61635   -8.759566  -9.9238   -10.887818
  -9.51055   -8.802776  -9.51084  -10.812534 -10.882946 -10.394354
 -10.095364 -10.808706 -10.827498  -9.327502  -9.229308 -10.519692
  -9.374424  -9.338174 -10.230446 -10.085968 -10.632386  -8.91576
  -7.652404  -8.25804   -7.543364  -5.181372]"
842,"[-10.384668 -10.638534 -10.16247  -10.690328 -10.755868 -10.310834
 -10.451368 -10.824946 -10.186888  -9.85449  -10.002854 -10.214206
  -9.825896 -10.244714 -10.639462  -9.601494  -7.499284  -6.674002
  -6.21151   -9.103274  -8.750924  -9.818124  -8.572574  -9.112844
  -8.511848  -9.582818  -9.249434  -8.082126  -9.235572  -9.583688
  -8.74263   -7.953656  -8.234202]"
843,"[ -9.630958  -9.790168  -9.836858  -9.75502   -9.847588  -9.812846
  -9.63728   -9.942418  -9.141322  -9.282262  -9.127808  -9.381152
  -9.154952  -9.79794   -9.578294  -9.530154  -9.410152  -9.891436
  -9.775146  -9.586936  -9.463918  -9.959354  -9.431438  -9.610774
  -9.444604  -9.745624 -10.014686  -9.751714  -9.11499   -9.568608
  -9.436078  -9.587748  -9.771028  -9.767954 -10.08388   -9.275128
  -9.268748  -9.782338  -9.437354  -8.69507   -9.116034  -9.677938
  -9.572494  -9.531314  -9.558342  -9.702298  -9.703806  -9.55753
  -9.655898  -9.507824  -9.357256  -9.551556  -9.6077    -9.914288
  -9.594708  -9.352094  -9.916376  -9.677184  -9.399828  -9.563678
  -9.686638  -9.87189   -9.730138  -8.736366  -9.503068  -9.260048
  -9.171714  -9.181922  -9.531894  -9.488452  -9.58914   -9.65671
  -9.841788  -9.562576  -9.877864  -9.724512  -9.2684    -9.011692
  -9.53375   -9.403888  -9.718654  -9.604974  -9.520758  -9.829724
  -9.93772   -9.205586  -9.325878  -9.682868  -9.647082  -9.27391
  -9.79185   -9.781294  -9.704618  -9.478592  -9.78402   -9.445764
  -9.496862  -9.417982  -9.32901   -8.656732  -9.718016  -9.662974
  -9.741506  -9.6367    -9.801594  -9.717262  -9.528646  -9.584616
  -9.478476  -9.498602  -8.869186  -9.550338  -9.620518  -9.55057
  -9.28116   -9.079958  -9.05699   -9.68919   -9.657928  -9.660886
  -9.28406   -9.50185   -9.522034  -9.181168  -9.356444  -9.231048
  -9.50446   -9.566926  -9.304824  -9.627594  -9.440718  -8.731204
  -9.520062  -9.654912  -9.59291   -9.157272  -9.177804  -9.467688
  -9.605844  -9.838656  -9.76865   -9.01871   -9.211038  -9.644588
  -9.027236  -9.225828  -9.288178  -9.168408  -9.583282  -9.051828
  -9.63873   -9.55608   -9.367638  -9.498022  -9.218346  -9.5439
  -9.678808 -10.002564  -9.823518  -9.28464   -9.712912  -9.205876
  -9.146426  -9.141264  -9.451448  -9.59407   -9.696034  -8.878002
  -9.600334  -9.90321   -9.30813   -9.380804  -9.922698  -9.551034
  -9.815804  -9.085004  -9.389562  -9.520584  -9.043824  -9.68687
  -9.603872  -9.63786   -9.79156   -9.26028   -9.787442  -9.689248
 -10.042816  -9.330924  -9.317352 -10.0978   -10.029302  -9.806524
  -9.629218  -9.540652  -9.59117   -9.39919   -9.72573   -9.1321
  -8.992262  -9.717146  -8.90822   -9.580498  -9.48561   -9.30146
  -9.631016  -9.814296  -9.810352  -9.728456  -8.956476  -9.300648
  -9.791038  -9.965618  -9.733154  -9.634322  -9.382602  -9.340494
  -9.81563   -9.351862  -9.126416  -9.237312  -9.39165   -9.317584
  -9.321586  -9.286206  -9.731182  -9.851532  -9.585834  -9.670456
  -9.855012  -9.700848  -9.724512  -9.849038  -8.99435   -9.385038
  -9.747538  -9.41891   -9.248448  -9.220202  -9.93511   -9.544132
  -9.458698  -9.570058 -10.153306  -9.547148  -9.439094  -9.672486
  -9.363404  -9.420708  -9.042606  -8.57008   -9.604162  -9.282668
  -9.564606  -9.487176  -9.3902    -9.138944  -9.3583    -9.641688
  -9.472792  -9.605264  -9.866322  -9.812846  -9.78199   -9.56855
  -9.853794  -9.51635   -9.47459   -8.961522  -9.095966  -9.009894
  -9.317236  -9.117948  -9.825664  -9.869048  -9.748582  -9.726658
  -9.773116  -9.222754  -9.608454  -9.67237   -9.636004 -10.185206
  -9.769346  -9.554514  -9.684434  -9.54158   -9.705314  -9.59639
  -9.340552  -9.644356  -9.871426  -9.655898  -9.22722  -10.050994
  -9.569652  -9.239168  -9.788254  -9.9557    -9.427784  -9.483696
  -9.784542  -9.574698  -9.499298  -9.57435   -9.880822  -9.927338
  -9.610484  -9.60132   -9.856172  -9.665932  -9.443734  -9.71761
  -9.903906  -9.288178  -9.51026   -9.656072  -9.82346   -9.328488
  -9.405454  -8.83717   -9.3786    -9.227568  -9.589256 -10.029882
  -9.791502  -9.689596  -9.43834   -8.7551    -8.843202  -9.459104
  -9.27449   -9.453942  -9.684492  -9.588908  -9.146832  -9.520526
  -9.848342  -9.446344  -9.391012  -9.020914  -9.495296  -9.260338
 -10.010626  -9.51461   -9.64424   -8.357684  -9.781758  -9.635192
  -9.71935   -9.16777   -9.507186  -9.095038  -9.696208  -9.674574
  -9.591924  -9.157098  -9.306796  -9.848226  -9.243228  -9.601436
  -9.837496  -9.08338   -8.84007   -9.770448  -9.304708  -9.228786
  -8.639448  -9.275302  -8.853584  -9.455508  -8.868838  -9.779438
  -9.59233   -9.083032  -9.480796  -9.826012  -9.029092  -9.75357
  -9.893756  -9.543088  -9.808554  -9.493498  -9.623534  -9.32263
  -9.165624  -9.759254  -9.966836  -9.624868  -9.47604   -9.469486
  -8.922024  -9.51229   -9.594824  -9.346236  -9.554108  -9.601378
  -8.827542  -9.305868  -9.302968  -9.537346]"
844,[-9.034312 -6.919516 -8.05272  -6.220152 -5.700124 -8.463882]
845,"[ -8.804342  -8.9262    -9.209878  -8.356698  -9.0596    -9.546742
  -8.727608  -8.969294  -9.06946   -8.592236  -9.491178  -8.580752
  -8.663924  -9.367174  -8.409362  -9.17415   -8.703886  -8.951198
  -8.994408  -8.68666   -8.32532   -8.883976  -8.197894 -10.068568
 -11.245736  -9.689422  -9.57696   -8.454312  -9.426508  -9.19416
  -8.504598  -9.12833   -8.803124  -9.044694  -8.996844  -8.47148
  -8.737178  -8.516024  -9.577714  -9.395014  -8.493404  -9.880822
  -8.38129   -8.938786  -8.8653    -9.039648  -8.848596  -8.834038
  -9.389446  -8.586088  -8.826324  -9.047594  -8.923532  -9.378658
  -9.551788  -8.175564  -9.532416  -8.991566  -9.237254  -8.967148
  -8.72436   -8.634924  -9.34786   -8.753302  -9.136624  -8.848596
  -9.91278   -8.696636 -10.001056  -8.17858   -9.67585   -8.560626
  -9.927396  -8.396486  -8.983446  -8.24818   -9.900426  -8.344576
  -8.726274  -8.871912  -9.188418  -9.106754  -8.555058  -9.29885
  -8.384596  -8.527798  -9.643022  -8.88908   -8.267146  -7.622418
  -7.445866  -8.06606   -8.105616  -9.173048  -7.772058  -6.210466
  -7.899194  -8.36592   -9.787616  -8.818088  -9.589604  -8.672624
  -8.482616  -8.931304  -8.899636  -9.173048  -8.840824  -8.832704
  -8.960246  -8.838794  -9.050378  -8.166284  -8.004116  -8.429256
  -9.212082  -8.79831   -9.239632  -9.415604  -9.034718  -9.37367
  -9.351514  -8.881018  -8.931246  -9.786978  -8.877712  -8.989072
  -8.848828  -8.837228  -9.544944  -8.523796  -9.771782  -8.743616
  -8.709454  -8.968888  -9.230352  -7.904994  -9.397566  -9.454696
  -8.75191   -9.295428  -8.310878  -9.288004  -8.395326  -9.80142
  -8.003652  -9.990094  -8.370792  -9.612456  -8.802602  -9.572668
  -8.562714  -9.16835   -9.373264  -8.639854  -9.247984  -9.126184
  -8.78816   -8.99261   -8.899172  -9.20634   -9.365666  -8.715776
  -9.373496  -9.959818  -8.717574  -9.239284  -8.067626  -9.661814
  -8.65592   -9.417286  -8.164834  -9.065342  -8.568282  -8.280602
  -8.927882  -8.71189   -8.443408  -9.220028  -8.961232  -7.855462
  -8.300032  -9.060006  -9.43718   -9.15443  -10.226096 -10.084634
  -8.584986  -9.917768  -9.181284  -8.7087   -10.381652  -8.190876
  -9.437296  -9.400466  -9.15675   -8.66868   -8.596586  -8.746516
  -9.045042  -9.71094  -11.04813  -11.334766 -11.288076 -10.960376
 -10.982358 -11.515262 -11.258902 -11.101374 -11.753584 -11.098996
 -10.6198   -11.678706 -11.533068 -11.607134 -10.967394 -12.044628
 -11.224508 -11.444444 -10.884454 -11.868134 -10.941816 -10.514762
 -10.577054 -12.093812 -10.012076 -11.677952 -11.222304 -11.333896
 -10.38809  -10.361294 -11.404134 -11.813904 -11.474082 -11.654346
 -11.158446 -11.053234 -11.786992  -9.806988 -11.315626 -10.176216
  -9.912258 -11.21169   -9.669412  -9.206514  -7.126634  -7.830348
  -9.89625   -8.083054]"
846,"[ -7.657914  -8.23716   -7.744334  -7.859638  -8.726738 -11.27781
 -10.55339   -9.09498  -10.419584 -10.596136  -9.490598  -9.545872
  -9.223566  -9.641804  -9.395652  -8.271438  -9.830884  -9.402322
  -9.438572 -10.246686  -9.105188  -9.91249   -9.711404  -9.58392
  -8.96245   -9.227916  -8.138096 -10.803196 -10.551418  -9.228554
  -9.819748  -9.16864  -10.13666   -9.431032  -9.616168 -10.397486
  -9.260686  -9.659088  -9.479926 -10.622816  -8.770064 -10.664228
  -9.595868  -8.834096 -11.19516   -9.515364  -9.895728  -9.237486
  -9.39745   -9.32002  -10.384958  -9.058962  -9.656188 -10.124132
  -9.387938  -9.28087   -9.384748  -9.507186  -9.697252  -9.494136
  -9.708736  -9.480738  -8.914368  -9.039358  -9.37483  -10.059926
 -10.173316  -8.775342  -9.680142  -9.411544  -9.309464  -9.555326
  -9.34409   -9.603756  -9.25506   -8.214308  -9.210574  -8.93693
  -8.90242   -9.402438  -9.084888  -9.663844  -8.921154  -8.818726
  -9.395362 -10.585    -10.581172 -10.484834  -9.195204  -9.349078
  -9.293224  -9.777988  -8.733118  -9.001948 -10.043048  -9.307434
  -7.502822  -6.770398  -9.884534  -8.691706  -7.772638  -9.303664
  -7.92164   -8.517822  -6.49658   -5.049364  -6.003638  -9.000324
  -9.77271   -9.710998  -9.4395    -7.586864  -8.39666   -9.21852
  -9.730022  -9.619996  -9.713666  -8.443988  -9.552716  -9.47633
  -9.120616  -9.669586  -8.534816  -9.765228  -8.374504  -9.84028
  -9.860232  -9.910054  -7.968214  -6.779272  -7.286656 -10.121812
  -9.83622   -8.10028   -8.724592  -8.20178   -8.016934  -7.716726
  -8.656152  -8.51121  -10.193442 -10.480716 -10.244308  -8.734742
  -8.51295   -8.543632  -5.459482]"
847,[-7.617372 -5.83219 ]
848,"[-9.873398 -9.375642 -9.522208 -9.078914 -9.268632 -9.050552 -9.665352
 -9.443096 -9.18111  -7.822228 -8.04054  -7.571204 -7.891074 -5.337392
 -5.736896 -9.441878 -6.15902 ]"
849,"[ -8.967264  -9.78866   -9.436542  -9.659726  -9.58247   -9.54332
  -9.665816  -9.239922  -9.754672  -9.421578  -8.706496  -9.293688
  -9.650562  -8.907872  -9.508056  -9.300416  -9.502778  -9.395478
  -9.246766  -9.549932  -9.138654  -9.638962  -9.29972  -10.190948
  -9.426392  -9.611586  -9.590706  -9.56942   -9.10455   -9.371988
  -9.034718  -8.406578  -9.482594  -9.25941   -9.295602  -9.142482
  -9.58595   -9.276056  -9.615588  -8.9001    -9.28348   -9.383066
  -9.294268  -8.399966  -8.974456  -8.131832  -9.987542  -8.911352
  -9.20083   -9.285916  -8.397182  -8.156714  -9.204716  -8.584638
  -9.439442  -9.256104  -9.382834  -9.555442  -9.677242  -9.19271
  -9.222638  -9.320948  -8.992436  -9.57725   -9.10223   -8.932464
  -9.467862  -9.69876   -8.979676  -9.523542  -9.54796   -9.208834
  -9.394608  -9.543958  -8.97028   -8.139198  -9.15327   -9.455798
  -9.307028  -9.814238  -9.141612  -9.172294  -9.843528  -9.344728
  -9.641398  -9.592388  -9.755774  -9.452666  -8.680222  -8.635968
  -9.688726  -9.154024  -9.49576   -9.188708  -9.94352   -8.846102
  -8.098018  -8.636374  -8.5318   -10.600602 -10.884976 -10.577344
 -11.168364 -10.923372  -9.604452 -11.384182 -10.776864 -10.742238
 -10.188106 -10.392208 -10.543182 -10.535584  -9.147992  -7.9663
  -8.602328  -8.494042  -9.310682  -9.805538  -9.550222  -9.074854
  -8.488474  -9.5961    -8.720474  -9.143816  -8.62605   -9.36062
 -10.009698  -8.032768 -10.185786  -8.411856  -8.121856  -7.385488
  -7.937126  -7.424522  -8.683354  -8.850568  -8.657486  -9.857622
  -8.666882  -9.879952  -9.47082   -9.280232  -9.71384   -9.931514
  -9.38846   -9.713086 -10.08098   -9.81621   -9.015578  -9.18575
 -10.259446 -10.189614 -10.4777    -9.998852  -9.533866  -9.141206
  -9.163536 -10.18248  -10.051052  -9.632118  -9.257032 -10.071236
  -9.641862  -9.893582  -9.383356 -10.419294 -10.1848   -10.867054
  -9.738142 -10.436868  -9.663844 -10.900636  -9.208718  -9.43515
  -9.925134 -10.42782  -10.21873  -10.697172 -11.173062 -10.64706
  -9.488394 -10.785158  -9.367116 -10.459256 -10.138922  -9.348962
 -10.918848  -9.97252  -10.78539  -10.708482 -10.490924 -11.047086
 -11.153632  -9.63612   -9.089818  -9.755658  -8.44451  -10.005406
  -9.504692  -8.595832  -8.380884  -6.127062]"
850,"[ -9.65845   -8.094886  -6.773298  -9.515828  -8.372706  -9.534214
  -9.659784 -10.798556 -10.851568 -10.249876 -11.305998 -11.266732
 -10.465462 -10.480194 -11.213256 -11.120746 -11.651562 -11.529356
  -9.792894 -11.366724 -11.370958 -10.41651  -10.223138 -11.237094
 -10.403576 -11.527848 -11.316728 -10.644856 -10.757028 -11.095168
 -11.28738  -11.215808 -11.22097  -11.032064 -10.51337  -10.72159
 -11.199278 -11.027772  -8.391846  -8.959492  -6.438696  -6.295146
  -6.549418  -5.775002  -5.525776  -6.564266  -9.085758  -8.196676
  -8.138038  -8.607374  -8.454022  -7.723744  -8.403272 -10.066364
  -8.688284 -10.5618    -9.056468  -8.340342  -9.721554 -10.257706
 -10.378636  -9.465194 -10.517952 -10.159802  -9.316946 -10.095248
  -7.648576  -7.549802  -7.75286   -7.50085   -8.980546  -6.747894
  -6.417526  -5.345802  -5.77274   -7.954526  -8.587712  -8.081198
  -9.405454  -9.064936  -9.878618 -11.006312 -10.960724  -9.205876
 -11.544204 -10.183466  -9.928846  -9.213532  -9.640122 -10.30863
 -10.200924  -9.979596 -10.02095   -9.848168  -9.080074  -9.875022
 -10.019442 -11.819472 -10.74508  -11.917376 -10.40491  -11.076434
  -9.47981  -11.687812 -10.157424 -10.879118 -11.284016 -10.765496
 -11.238602 -10.914034 -10.346388 -11.347062 -10.723388 -10.646364
 -10.9388   -10.787594 -11.333432 -11.110886 -10.41071  -10.166646
 -10.558378 -10.241002  -8.762698 -10.394528 -11.212966 -10.516618
 -10.855106 -10.706278 -10.713296 -10.922096  -9.982554 -10.02298
 -11.700166 -11.26186  -11.502734 -11.389576 -11.65481  -11.533416
 -11.174106 -11.651968 -10.858238 -10.20713  -10.865488 -10.53483
  -6.345954]"
851,"[ -9.488916 -10.718632 -10.848204  -9.826476 -11.43934  -10.81845
  -9.320484  -9.36381  -10.125234  -9.174788  -8.491954 -11.576452
 -11.20792  -11.021798 -11.2085   -10.89356  -11.26853  -10.600834
  -9.015868  -7.959572  -7.87843   -6.17729 ]"
852,"[ -8.10173   -8.481572  -9.079088  -8.616074  -9.573132 -10.684528
  -7.874138  -8.016354  -8.94969   -6.258026]"
853,"[ -6.736642  -6.002362  -8.002666  -8.780562  -8.630458  -8.722504
  -7.91497   -8.439116  -8.313314  -7.369712  -8.003768  -8.00255
  -9.054438  -9.567042  -9.0306    -8.59154   -7.051872  -6.97421
  -5.356764  -8.153292  -8.29632   -8.06461   -9.441008  -9.574176
  -8.937742  -8.559988  -9.91858   -7.306608  -9.884128  -8.392658
  -8.687356  -9.047768  -7.932428  -8.627732  -9.550686  -9.34583
  -9.109654 -10.124596 -10.54788   -8.306064  -7.831044  -8.191688
  -8.13421   -8.96506   -8.317664  -8.712238  -8.157004  -7.873732
  -9.71355   -8.020182  -7.613602  -9.39629   -6.552318  -5.974
  -6.361324  -7.155228  -8.596006  -9.723178  -8.44944   -8.43262
 -10.005     -8.876204  -7.653796  -8.9552    -8.731262  -9.027352
  -9.093878  -7.928948  -9.559154 -11.043838 -10.29761   -9.502314
  -7.244722  -7.364492  -8.146332  -9.021552  -9.36613   -8.58632
  -9.257264  -7.43792   -8.086244  -9.19184   -9.232208  -7.919146
  -6.578882  -8.260244  -7.456596  -9.303258  -9.582064  -9.865974
 -10.326726  -8.102832  -8.497116  -7.903834  -7.128548  -6.308022
  -6.560496  -7.942636 -11.246722  -9.74458  -10.377534  -9.370654
  -9.96382  -11.108856 -10.503162  -9.225016 -11.182574 -10.24367
 -11.41614  -10.303004 -10.659124 -11.156822 -10.765148 -11.50575
  -9.399248  -9.447504 -10.451948  -5.744668]"
854,"[-10.013584  -9.254016  -9.977624 -10.421208  -9.112264  -8.927186
  -9.284756  -9.492686  -9.656246  -9.10165   -8.825048  -9.735474
  -8.100106  -8.579128  -8.345968  -8.052952  -8.62199   -8.429488
  -9.416416  -8.52919   -8.841404  -9.790052  -6.196662]"
855,"[ -9.992646  -9.044694 -10.105862 -10.229634  -9.980002 -10.624324
  -8.805444  -9.368218  -7.88365   -8.669666  -8.36476   -9.027062
  -9.300648  -7.55102 ]"
856,[-8.290404 -7.817008 -5.386286 -5.033356]
857,"[ -9.382718  -9.762618  -9.126706 -10.74972  -10.1703    -9.546626
 -10.312226  -9.325704  -9.267646 -10.31414   -9.474416 -10.073672
  -9.531778  -9.832508 -10.148028  -9.873282  -9.540652  -8.183858
  -7.166016  -5.300214  -5.15417   -5.221856]"
858,"[ -8.101846  -9.576322  -8.089376  -9.052118  -9.08396   -8.855382
  -9.265906 -11.391026 -11.8842   -10.971744 -11.192144  -9.965038
 -10.52294  -10.75291  -11.307796 -10.97911  -10.409434 -10.527174
 -10.503452  -8.828586 -10.326958 -10.794844  -9.864756  -9.902862
  -8.487894  -9.900078 -10.072222  -7.637672  -5.922322]"
859,"[ -9.179428  -9.315728  -8.764496  -9.542392  -9.09962   -9.246128
  -9.089528  -9.070388  -9.439964  -8.832878  -9.838308  -9.224726
  -8.511094 -10.28601   -9.765576  -9.030658  -9.446518  -9.183546
  -9.586298  -9.229308  -9.156576  -9.2655    -9.15878   -9.440892
  -9.029208  -9.288294  -8.47902   -9.00653   -9.093472  -8.823308
  -9.528066  -9.212836  -9.047188  -9.13906   -9.372104  -8.953286
  -9.223624  -9.108204  -8.913382  -9.436194  -9.107508  -9.100664
  -9.364274  -9.231048  -9.205702  -9.338638  -8.886934  -9.538448
  -9.000034  -8.999454 -10.042642  -9.246186  -9.996126  -9.925598
  -8.636084  -9.374076  -8.934668  -9.233078  -8.916514  -9.243402
  -9.402728  -8.844594  -9.706068  -8.85312   -8.999048  -9.120268
  -9.118586  -9.184184 -10.138806  -9.458756  -9.03727   -9.29769
  -7.381254  -9.04365   -8.850046  -9.001136  -8.984896  -9.431554
  -9.400002  -8.781838  -9.617154  -8.210016  -7.632046  -7.137074
  -5.816704  -8.4071    -7.089514  -8.850452  -8.036712  -8.931942
  -9.006994  -9.590996  -8.611028  -8.532786  -8.759682  -9.046202
  -8.900738  -8.071396  -6.962842  -5.899064  -8.350318  -7.223958
  -8.272134  -8.21541   -8.723838  -8.212452  -8.141808  -7.17663
  -7.743638  -8.349274  -8.54746   -9.243228  -9.915854  -8.614334
  -9.135     -9.610426  -9.80345   -9.20228   -8.717516  -9.760994
  -9.168176  -9.969678  -9.89828  -10.129352  -8.597572  -9.151124
  -9.517974  -8.23803   -7.885854  -8.228344]"
860,"[ -8.671116  -8.409014  -8.22295   -8.764322  -8.405766  -8.479136
  -8.321898  -8.598326  -8.672334  -8.15016   -8.517938  -8.50686
  -7.689524  -8.075108  -8.312966  -8.464752  -7.939678  -8.39753
  -8.5347    -8.43523   -8.37143   -8.550186  -8.425486  -8.688458
  -8.3085    -8.379144  -8.080096  -8.503438  -8.738976  -8.255082
  -8.509296  -8.715022  -8.190122  -8.304614  -8.606446  -8.064842
  -8.017804  -8.46162   -8.70493   -8.156772  -8.397414  -8.258214
  -8.505642  -9.173222  -9.494832  -8.24731   -8.236928 -10.540166
  -9.904196 -10.538832 -10.554898  -8.781548  -8.313314  -8.756898
  -8.584116  -8.85428   -8.242206  -8.517996  -8.64751   -8.04663
  -8.771456  -8.81948   -8.984258  -6.9919    -8.1171    -8.876262
  -8.326596  -8.558944  -9.033964  -8.140242  -8.293072  -7.293442
  -8.261462  -8.38651   -8.648032  -8.054808  -8.526928  -8.912512
  -8.202302  -8.673088  -8.631212  -7.794446  -7.664236  -8.39637
  -8.59444   -8.32503   -8.514052  -8.362904  -8.320506  -8.527508
  -8.55152   -8.500944  -8.226546  -8.619496  -8.856484  -8.022096
  -9.09788   -8.321086  -8.585566  -8.916804  -8.228924  -8.031144
  -8.458488  -8.279152  -8.433838  -8.429372  -8.36012   -8.949922
  -7.908242  -8.12348   -8.14378   -8.73393   -8.405128  -8.295682
  -8.090942  -8.587074  -8.524724  -8.666592  -8.204912  -8.176492
  -8.092218  -8.536846  -8.325378  -8.578374  -8.58429   -7.92135
  -8.577562  -8.306006  -7.67775   -7.280508  -8.607722  -8.238088
  -8.458662  -8.994466  -8.453558  -9.1785    -9.316888  -8.499088
  -8.01502   -8.551114  -8.259432  -8.681904  -8.443872  -8.597398
  -8.57008   -8.462954  -9.064356  -9.863828  -9.11644   -8.243946
  -8.518228  -8.768034  -8.336282  -8.55181   -7.876922  -9.498892
 -10.42202   -8.263492  -5.917566  -5.636614  -6.30025   -8.216048
  -8.57791   -8.364412  -7.582282  -8.776096  -8.731088  -8.493578
  -8.652846  -8.65157   -8.840592  -8.360816 -10.210204  -9.409398]"
861,"[ -7.052916  -6.909366  -9.153038  -9.55579  -10.180218 -10.274352
 -10.225226 -10.47857   -9.414386  -8.906944  -8.699304  -6.987492]"
862,"[-11.62001  -13.095182 -12.84091  -12.571964 -12.7948   -12.443088
 -12.225704 -12.486124 -13.203004 -11.952118 -13.004354 -13.019724
 -12.702522 -12.974194 -12.635764 -12.924256 -12.822176 -12.383058
 -12.986606 -12.760812 -13.137638 -12.942236 -12.553694 -12.972048
 -12.67764  -12.823684 -12.928664 -12.618306 -13.08799  -12.900708
 -12.972512 -12.857846 -12.5541   -12.153436 -12.660762 -12.799092
 -12.573124 -12.553984 -12.587624 -12.547952 -12.552418 -12.192644
 -12.2177   -12.805878 -12.788188 -12.467332 -12.246004 -12.98475
 -12.025024 -11.645182 -12.85686  -12.834878 -12.765974 -12.441116
 -12.540412 -12.031346 -12.510948 -12.909118 -12.887832 -12.864458
 -12.840678 -13.011372 -12.55062  -12.494824 -12.808604 -12.703682
 -12.724214 -12.976514 -12.804486 -12.477076 -13.063514 -12.522722
 -12.587102 -12.951922 -12.613724 -12.419366 -12.653106 -12.5802
 -12.633792 -12.785868 -12.575734 -12.613608 -12.95285  -12.888064
 -12.367514 -12.800716 -12.690226 -12.360148 -12.637388 -12.607692
 -12.416176 -12.508686 -12.60427  -13.077086 -12.798454 -12.72375
 -12.672304 -12.660994 -12.846188 -12.658848 -12.965378 -12.768526
 -12.657456 -12.257546 -12.902042 -12.89253  -12.667316 -12.944208
 -11.888028 -10.69491   -9.464498 -10.273076 -10.399574 -11.33378
 -11.309652 -10.315822 -13.48442  -11.386444 -11.602668 -14.282848
 -12.092362 -12.653744 -12.844274 -11.790124 -12.106108 -12.993914
 -12.038306 -10.898142 -11.19951  -10.681396 -10.461344 -11.381688
 -11.844992  -9.838076 -12.769106 -10.738526 -11.266732 -10.919312
 -12.669578 -13.087178 -13.163448 -12.893284 -13.220868 -12.487922
 -12.052806 -11.77197  -11.22851  -12.572138 -13.065718 -13.72135
 -13.742984 -13.679126 -13.782598 -13.879168 -13.783932 -12.133136
 -12.279412 -11.82852  -11.398044 -11.520134 -11.408716 -10.835618
 -11.547568 -11.508244 -13.249288 -13.30752   -9.362012  -7.476258
  -9.978842  -7.959572  -8.7638    -7.84276   -8.614508  -7.906966
  -8.55935   -8.741934  -9.897294  -8.881888  -9.082742  -9.505388
  -7.768114  -8.92156   -9.769636 -10.033478  -9.403192 -10.160788
 -10.182422 -10.67693  -10.556696 -10.346562 -10.962928  -9.775204
  -9.266892  -8.375142  -8.6304    -8.435288  -8.995742  -9.917072
  -9.711172  -8.364876  -8.807416  -8.653658  -9.531082  -9.530386
  -8.772384  -9.378484  -8.925736  -7.908764  -7.637962  -7.110916
  -8.397472  -7.777104  -8.116462  -8.776792  -8.768556 -10.037364
  -9.783672  -8.884672  -9.469718  -8.863502  -7.92715   -9.575742
  -7.623346  -9.571682  -8.007016  -9.137262 -10.16392  -10.252022
  -9.726774 -10.045716  -8.87487   -9.930586 -10.059752  -9.36091
  -9.415778  -9.939634 -10.449918  -8.972368  -9.770796  -9.551324
  -7.200468]"
863,"[-14.183784 -14.306396 -12.910162 -13.076274 -14.054444 -11.951364
 -12.128148 -12.910336 -12.92211  -13.066356 -13.144076 -12.419598
 -11.852126 -12.819624 -11.097198 -10.926446  -9.488684  -7.963168
  -7.09601   -9.300822  -9.070272  -9.534098  -8.671232 -11.027714
  -9.780888  -8.87052 ]"
864,"[ -8.689212  -8.3752    -8.804226  -9.757978 -10.06242   -8.92765
 -10.121696  -9.377556  -9.666686 -10.096234  -8.340052  -9.679678
 -10.019152  -9.897584  -9.562402  -9.994734  -8.216106 -10.323826
  -8.09274   -9.863654 -10.01573  -10.785796 -10.193732  -9.929774
  -9.878038  -8.45901   -8.768324  -9.200946 -10.053952  -9.838018
 -10.251152 -10.656978 -10.276092  -8.698608  -9.685188  -9.910402
 -10.297552  -9.835872  -9.611702 -10.240074  -9.95483   -8.962276
 -10.143678  -8.159788  -9.723294  -9.023872  -9.93337  -10.18248
 -10.204752 -10.146114 -10.103542  -9.346874 -10.69143   -9.372626
  -9.464092 -10.301438  -9.852518 -10.532452  -9.951176  -9.444488
 -10.058418  -9.666222  -9.560024 -10.626238  -9.771144  -9.307202
 -10.220586 -10.604372 -11.021566 -10.35387  -10.166414  -9.529226
 -10.134224 -11.045984 -10.28282   -9.933022  -9.16632  -10.998772
  -9.252624  -8.667288 -10.003434  -9.850198  -9.420476  -9.042432
  -9.320252  -9.759138 -10.546024  -9.233774  -9.598942 -10.213336
 -10.553912 -10.798498 -10.080574 -11.1882   -10.25411   -9.861218
 -11.03363  -10.108704  -9.712216  -9.994792 -10.019442 -10.692648
 -10.548982 -10.170822 -11.308782 -10.933986  -9.693772  -9.663612
  -5.86902 ]"
865,"[ -9.92641   -9.550164 -10.899824  -9.22258   -9.497558  -9.68455
  -8.731378  -9.370654  -9.972752  -9.735996 -10.00906   -9.017028
  -8.206826  -9.678402  -9.296008  -9.186852  -9.632408  -8.972658
  -9.659784 -13.499964 -12.662096 -12.206448 -12.888122 -13.44701
 -12.893458 -13.069894 -12.668824 -13.033644 -12.91196  -12.790798
 -12.76725  -12.92588  -13.101272 -12.076528 -12.5599   -13.299168
 -13.156604 -13.18978  -12.66459  -12.693358 -13.080102 -12.78204
 -12.857672 -12.716616 -12.228546 -12.817014 -12.763596 -13.361054
 -13.345916 -13.231598 -13.553498 -12.238348 -12.877798 -13.027786
 -13.08103  -13.09205  -12.958186 -12.640056 -12.861964 -12.279992
 -12.610592 -12.767018 -11.71397  -10.47654   -9.845616  -9.060064
  -7.80274   -6.907916  -7.874892 -10.44928  -11.614152  -8.748198
  -9.442284  -9.716044  -9.014418  -8.214656 -11.279144 -10.432518
 -11.568738  -9.620286 -11.301242 -10.379274  -9.59668   -8.786768
  -9.405918  -8.438536  -9.308942  -7.18272   -6.483124  -7.44082
  -7.394246  -8.473278  -9.42239   -8.948182  -9.354936  -9.338232
  -9.372916  -8.529654  -7.48113   -8.91663   -9.39165   -8.125452
  -8.466202  -8.85515   -8.790828  -8.99812   -9.092312  -8.732306
  -9.050146  -7.201338  -7.80303   -8.14088   -7.4762    -9.097706
  -8.47235   -8.062232  -8.170054  -9.553876  -9.917942 -10.141242
  -9.960224 -10.427936 -10.653092 -10.287924 -10.506062 -10.139966
 -10.079066  -9.98963  -10.16131  -10.453166  -9.960456  -8.88473
  -9.351514 -10.086954  -7.896062  -8.934378  -9.058208  -6.86169
  -6.78977   -7.342858  -8.505642 -10.319534  -9.907734  -9.56971
  -9.324428  -7.479738  -8.178174  -9.230062  -9.535548  -9.351166
  -9.089412  -9.31161   -9.917652  -9.712912  -9.656536  -8.892618
  -8.234956  -8.22962   -9.797012  -9.69789   -9.793822 -10.181146
  -8.885252  -9.334404  -8.66288   -9.70978   -9.092544 -10.037132
 -10.534308  -9.858666 -11.687812 -11.343234 -11.382964 -11.265804
 -10.60327  -11.018086 -10.221804  -8.422354  -8.762292  -9.678344
  -9.57406   -9.277506  -9.808496  -9.98122  -10.062826  -8.965524
  -9.278086  -9.942186 -11.169698  -9.81795   -9.764996 -10.942802
 -11.784034 -11.43992  -11.137972  -8.842506  -8.743558  -9.479578
 -10.783244 -11.181878 -10.781968 -10.461286 -10.146578 -10.136428
 -11.052364 -11.374728 -11.406222  -9.261904 -10.321796 -10.757492
 -10.892922 -10.526826 -10.345982  -8.497     -8.215062  -8.322014
  -8.81484   -9.343974  -9.52766   -9.865568  -9.916376 -10.312574
  -9.590532  -9.990036  -8.846102  -9.767142  -9.630668 -10.442668
  -9.635482 -10.316228 -10.576358 -10.667244 -10.995408 -10.622352
 -10.856324 -10.559132 -10.817754 -10.560292 -10.249818 -10.066364
 -10.380724 -10.625252 -10.711614 -11.072664 -10.995292 -10.82425
  -9.94787   -9.530444 -10.145708 -10.048906 -10.281022  -8.458024
  -9.08918   -8.185714  -6.238074  -7.023742  -5.965474  -5.135146]"
866,"[ -9.489612 -10.865314 -10.541036 -10.509832 -10.320926 -10.439768
 -10.876856 -10.481122  -9.595172 -10.127844 -10.264724 -10.34691
  -9.291194  -9.560024  -9.234238  -7.906444  -8.757826  -8.893546
  -8.446192  -8.151494  -5.657552]"
867,"[ -8.609926  -9.17908   -9.705082  -8.783172  -8.393412  -8.111822
  -8.729522  -8.651396  -8.06258   -8.815536  -8.247948  -9.820966
  -9.34931   -9.017086  -9.385038  -9.077232  -9.362766  -8.820118
  -8.859442  -9.176992  -7.841136  -7.415242  -8.891284 -10.159222
 -10.802326 -10.68998   -9.97223  -11.10033  -10.382696 -10.939032
 -11.205252 -11.285002 -10.745892 -10.627804 -11.333838 -10.515748
 -11.009734 -10.53338  -10.617364 -10.91183  -11.175556 -10.761726
 -10.180276  -9.319962  -8.809968 -10.52903  -10.606808  -9.263064
  -8.481688  -8.596412  -8.066988  -9.938068  -9.934994  -8.547112
  -5.979046  -5.247376]"
868,"[ -9.852866  -8.63765   -8.228924  -8.085606  -7.016666  -7.59365
  -7.86828   -8.319056  -9.557994  -8.071512  -9.064762  -8.65563
  -8.264536  -8.382276  -7.899542  -9.642036  -9.786108  -8.901608
  -8.984142  -6.48701   -5.584356  -5.193494  -5.546482  -8.193428
  -9.730776 -10.001288 -10.225922 -11.692394  -9.700384  -9.113772
 -11.431046 -10.802732 -11.249506 -10.55426  -10.59312  -11.018608
 -11.071678  -9.361548 -10.829412 -11.408078 -10.704422 -10.180972
 -11.208906 -11.216446 -11.061876 -11.30797  -10.263912 -10.217512
 -11.244112 -11.33001  -10.603212  -9.298502 -10.097626 -10.924822
 -11.330474 -11.124516 -11.370668 -11.311218 -11.117556 -10.253008
 -10.994364 -11.199742 -11.34741  -10.558436 -11.108218 -10.67954
 -10.792698 -11.156532 -11.334244 -10.73899  -10.51888  -10.65866
 -10.574154  -8.350434  -9.081292  -5.47955 ]"
869,"[-8.55065  -9.21475  -9.49373  -8.644726 -8.678714 -8.781548 -8.83804
 -8.827484 -6.678642 -8.939772 -5.370162]"
870,[-9.049392 -9.092718 -8.151436 -8.301018 -5.644734]
871,"[ -9.759718 -10.207768  -9.349774  -9.62046  -10.090376  -9.952162
  -9.638382  -9.86899  -10.088114  -8.949574  -9.329242  -9.926874
  -9.38295   -9.684608  -9.813542  -9.539608 -10.109168  -9.637048
 -10.11056   -9.342872  -9.807452  -9.34264  -10.018688  -9.010358
  -8.758522  -9.164174  -8.779924  -9.54912   -9.830652  -9.955352
  -9.9151    -9.699572  -9.696788  -9.584152  -9.954772  -9.764706
  -9.08106  -10.006392  -8.638868  -9.77416   -9.876994  -9.387474
  -9.59639   -8.6739    -9.118122  -7.08557   -9.020276  -7.336246
  -5.92209 ]"
872,"[-9.407368 -9.09034  -9.199322 -9.50852  -9.481202 -9.331446 -9.481434
 -9.121428 -9.26318  -9.117484 -9.357256 -9.282668 -9.51954  -9.438282
 -9.325008 -9.289338 -9.246476 -9.234238 -9.507534 -9.245432 -9.45922
 -9.420998 -9.653578 -9.170264 -9.475286 -9.092254 -9.113888 -9.26695
 -9.126764 -8.59995  -9.158316 -8.995916 -9.395536 -9.4308   -8.945572
 -9.553992 -9.264398 -9.152052 -8.992494 -9.415662 -9.619242 -8.767744
 -9.439384 -9.246244 -9.468558 -9.238124 -9.335564 -9.829492 -9.555964
 -9.43515  -8.997482 -9.53056  -9.29682  -9.694874 -9.079436 -9.56101
 -9.468558 -9.507824 -9.307144 -9.40064  -9.347744 -9.36323  -8.96941
 -8.76003  -8.968598 -9.322804 -9.790806 -9.386836 -9.419316 -9.259874
 -9.399422 -9.29363  -9.342756 -8.997656 -9.445068 -9.279246 -9.393796
 -9.427088 -9.471922 -9.300938 -8.928578 -9.017492 -9.410732 -9.241024
 -9.201352 -9.358764 -9.095096 -9.423144 -9.473604 -9.293862 -9.273852
 -9.137726 -9.571334 -9.564838 -8.905088 -9.59581  -9.189868 -8.911526
 -8.625238 -9.311262 -9.19677  -9.167364 -9.390258 -9.324892 -9.36381
 -9.343336 -9.49663  -9.510202 -9.151994 -9.389446 -9.24868  -9.659842
 -9.30088  -9.516988 -9.506084 -9.3177   -8.752722 -8.65128  -9.42413
 -9.46415  -9.090166 -9.503938 -9.328662 -9.299082 -9.345772 -9.457944
 -9.231628 -9.305404 -9.251116 -9.474474 -9.278028 -9.470762 -9.414966
 -9.349484 -9.581658 -9.569188 -9.464614 -9.75357  -9.641224 -9.651374
 -9.430916 -9.368334 -9.724048 -9.238008 -8.96448  -9.522788 -9.522788
 -9.608338 -9.285394 -9.485378 -9.223914 -9.39803  -9.171424 -9.507476
 -9.511072 -9.54245  -9.307086 -9.383182 -9.334404 -9.360504 -9.26289
 -9.334288 -9.49315  -9.539434 -9.390374 -9.644472 -9.19561  -9.125952
 -9.087556 -9.459394 -9.363984 -9.532126 -9.808438 -9.224204 -9.243402
 -9.304592 -9.433816 -9.443966 -9.303896 -9.403598 -9.392462 -9.222232
 -8.94998  -9.631248 -9.211908 -9.227626 -9.516988 -9.30059  -9.536128
 -9.634032 -9.627014 -9.485958 -9.282784 -9.20286  -9.071722 -9.44791
 -9.375062 -9.262368 -9.1582   -9.060412 -8.719604 -9.248564 -9.660364
 -9.50997  -9.11093  -9.229424 -9.517394 -9.231106 -9.298444 -9.007168
 -9.232962 -9.265384 -9.055076 -8.868084 -9.089644 -8.876958 -9.380862
 -9.78199  -9.585602 -9.219216 -9.46415  -9.019696 -8.767164 -9.24549
 -9.353602 -9.209762 -9.538738 -9.20605  -9.279942 -9.105014 -9.4801
 -9.528298 -9.39484  -9.315322 -9.319382 -9.418504 -9.59407  -9.367638
 -9.514494 -9.214402 -8.981938 -8.9146   -9.698006 -9.314104 -9.19793
 -9.575452 -9.215446 -9.582818 -9.31306  -9.50388  -9.70775  -9.608628
 -9.584152 -9.362476 -9.26666  -9.17676  -9.00943  -9.408412 -9.507998
 -9.164058 -9.265384 -9.379296 -9.530792 -9.171308 -9.276926 -9.652534
 -9.3148   -9.447156 -9.42384  -9.096082 -9.352906 -8.557668 -9.309522
 -9.04249  -8.8479   -9.211676 -9.446692 -9.156228 -8.860834 -9.31219
 -9.342002 -9.411718 -9.345772 -9.409456 -9.485204 -9.008038 -9.286206
 -9.632176 -9.618894 -9.167828 -9.27826  -9.724222 -9.2191   -9.270836
 -9.47952  -9.221362 -9.20924  -9.053974 -9.329068 -9.44588  -8.65418
 -8.947544 -9.408992 -9.392288 -9.695396 -9.365086 -9.302852 -9.287772
 -9.455044 -9.455334 -9.472096 -9.660712 -9.350354 -8.986578 -9.426624
 -9.42819  -9.447562 -9.5903   -9.229308 -9.627188 -9.478476 -9.214402
 -9.606192 -9.461714 -9.43457  -9.38643  -9.632118 -9.100374 -9.522034
 -9.328082 -9.21011  -9.514842 -9.670572 -9.55811  -8.840302 -8.668738
 -9.263528 -9.133376 -9.617792 -9.591634 -9.403482 -9.467862 -9.21678
 -9.272112 -8.931014 -9.61437  -9.702762 -9.419606 -9.526094 -9.38643
 -9.623302 -9.582064 -9.170612 -9.043998 -9.344612 -9.567216 -9.220666
 -9.601552 -9.602654 -9.429118 -9.052408 -9.012736 -9.064298 -9.098344
 -9.18749  -9.142192 -8.861182 -9.465484 -9.780772 -9.36903  -9.401162
 -8.832588 -9.820908 -9.836336 -9.346062 -9.599348 -8.927534 -9.359982
 -9.329822 -9.425    -9.594476 -9.524064 -9.176122 -9.44211  -9.476388
 -9.223044 -9.400234 -9.213648 -9.19155  -8.952358 -9.243634 -9.43109
 -9.290556 -9.409862 -9.446402 -9.54477  -9.49953  -9.683216 -9.54622
 -9.236674]"
873,"[-11.900846 -12.45347  -12.433692 -12.249426 -12.508338 -12.011568
 -11.773072 -12.346054 -13.139552 -13.175048 -12.14433  -11.52402
 -13.556688 -12.672768 -13.061136 -13.275968 -12.885976 -12.88035
 -12.819624 -12.695678 -12.639534 -12.953198 -12.294608 -13.092282
 -13.224116 -12.845144 -13.069546 -13.233164 -12.251978 -13.279448
 -13.372712 -13.3197   -12.980864 -12.84816  -11.474952 -11.678184
 -12.89079  -13.09756  -11.673486 -13.288902 -13.744956 -12.705422
 -13.168668 -12.629848 -12.725026 -12.913236 -13.228524 -12.89514
 -12.986084 -13.411514 -12.089752 -12.005884 -13.581454 -13.387038
 -13.206426 -12.8412   -13.24517  -13.036892 -12.496158 -11.976826
 -12.217352 -12.310036 -12.670796 -12.576546 -12.368152 -12.64458
 -12.733668 -12.480962 -12.698578 -12.906682 -12.739874 -11.646284
 -12.448192 -11.660146  -8.36157   -9.55521  -12.136732 -13.308042
 -12.673696 -13.222086 -13.57548  -13.154516 -13.049652 -13.185604
 -13.220578 -13.416444 -13.563416 -13.488596 -13.0848   -12.063188
 -13.333272 -10.735452 -12.734596 -12.03384  -12.551954 -11.117962
 -11.300372 -13.963558 -12.841664 -11.449954 -12.74115  -12.52046
 -13.355254 -12.329002 -13.13874  -13.715898 -13.461452 -13.27533
 -13.59404  -12.366644 -12.805356 -12.473886 -12.36473  -13.2356
 -12.304236 -13.261874 -13.138624 -12.938408 -12.868866 -11.624534
 -12.221818 -13.873832 -12.088766 -12.724968 -12.947862 -12.83366
 -12.796598 -12.815854 -13.468296 -13.324978 -13.31216  -13.41134
 -13.116062 -13.301372 -13.159272 -13.28867  -13.438658 -13.652214
 -13.08799  -13.025408 -13.23705  -13.449504 -13.587602 -13.452114
 -13.542826 -13.282812 -13.155792 -13.485    -13.497702 -11.916738
 -12.73071  -12.457994 -13.0993   -13.301778 -12.969728 -12.886092
 -13.383326 -12.837952 -12.76232  -12.83047  -13.193492 -13.359082
 -13.164724 -13.42903  -13.808292 -13.122268 -13.329096 -12.961144
 -13.033702 -13.145758 -13.2501   -13.220694 -13.309608 -13.323122
 -12.712962 -13.44005  -12.84062  -12.615232 -11.99817  -12.255168
 -10.98781  -13.318946 -12.536004 -13.72541  -11.972302 -13.0558
 -13.215184 -13.005282 -13.469456 -13.098778 -13.267848 -12.688544
 -12.685064 -13.100634 -12.565932 -11.965458 -12.09474  -13.081146
 -11.720814 -12.855294 -13.221332 -13.245344 -12.990318 -12.444538
 -12.804776 -12.926228 -11.345844 -10.061898  -9.952452 -13.280376
 -12.496042 -13.47572  -13.1834   -13.665902 -13.25329  -12.606648
 -12.703798 -13.882532 -12.92791  -10.858238 -10.035276  -7.62439
  -6.30692   -6.146086]"
874,"[ -9.43892   -8.698666  -9.06569   -9.295196  -9.466238  -9.199032
  -9.08657   -9.308304  -9.356966  -9.224784  -9.038372  -9.275766
  -9.330924  -9.966952  -8.783636  -9.867424  -8.990116  -8.79802
  -9.630146 -10.171286  -9.728398 -10.038872  -9.546452  -9.473082
 -10.233288  -9.876704  -9.589662  -9.803798  -9.709142  -9.54506
  -9.279826  -8.955838  -9.266486  -9.036922  -9.221478  -9.408702
  -9.218578  -9.271706  -9.179254  -8.822728  -8.742398  -9.412066
  -9.033326  -9.201874  -9.366072  -9.156692  -9.471632  -9.163768
  -9.422274  -9.268168  -9.679852  -9.453826  -9.180124  -9.169452
  -9.284988  -9.329474  -9.273214  -9.424072  -9.186736  -9.33307
  -8.988318  -9.231106  -8.464404  -9.70137   -9.983598  -8.52136
  -8.897142  -9.131578  -9.533402  -9.114874  -9.624636  -9.188592
  -9.026366  -9.36294   -9.432366  -9.014012  -9.158896  -9.408354
  -9.079262  -9.039126  -9.439326  -9.238298  -9.172062  -9.01813
  -9.223798  -8.880496  -9.55898   -9.30697   -9.167364  -9.273504
  -9.28899   -9.07758  -10.403866  -9.72051   -9.089934  -9.05177
  -9.558052  -9.393274  -9.486132  -9.104086  -8.954678  -8.66781
  -9.736402  -8.413074  -9.179254  -9.46966   -8.674828  -9.492686
  -8.762814  -9.450578  -8.977472  -9.420534 -10.636388  -8.947254
  -8.190006  -8.841056  -9.431786  -9.314394  -7.988572  -9.33945
  -8.970222 -10.344938  -8.528842 -10.922908 -12.800774 -10.910728
  -5.997316]"
875,"[ -9.2307    -9.192014  -8.419222 -10.180972  -9.067546  -9.934472
  -9.968808  -9.888246  -8.987216  -7.906154  -6.990218  -5.165828
  -6.9194    -6.93622   -8.48105   -9.033964  -8.573734 -10.446206
 -11.095226  -9.68484  -10.554376  -9.884012 -10.609708 -10.61661
 -10.201272 -10.09316  -10.357814 -10.702334 -10.042584  -9.521396
  -9.724512  -8.265348  -7.164914  -6.072658  -6.944688  -9.24085
  -7.250116  -7.502938  -8.326538 -10.335948 -10.667476  -9.008444
  -8.301598  -8.396486  -5.553094]"
876,"[-11.121442  -9.330228  -9.827984 -11.550874  -9.1234    -8.719894
  -8.212336  -9.002644 -10.87616  -10.456646 -10.108008  -9.44327
  -8.219064]"
877,"[-10.68476  -10.86021  -10.662082 -10.52468  -10.428458 -10.076688
 -10.349868 -10.440406 -10.700246  -9.89393  -10.06561  -10.560698
 -10.365064 -10.09374  -10.65141  -10.478686 -10.505076 -10.649322
 -10.501074 -10.616494  -9.962022 -10.177028 -10.907886 -10.935784
 -11.357734 -10.987404 -10.140372 -11.234426 -10.566266 -10.25817
 -12.043352 -12.216772 -10.15348  -11.788442  -9.695048  -7.569812
  -8.77308   -9.002702  -9.533808  -8.869302  -9.869512 -10.331134
  -9.400756  -7.357416  -7.996808  -7.646256  -7.072926]"
878,"[ -8.301192  -8.854686  -9.377904 -10.56615   -9.502952  -9.300996
  -9.514088  -8.227938  -7.050828  -7.845834 -10.833356 -10.714688
 -11.186924 -10.910844  -9.446808 -11.58376   -6.352566]"
879,[-10.549214 -10.49974   -8.075746  -6.21934   -6.4873    -5.638992]
880,"[ -9.475518  -9.51867   -9.248158  -9.143294  -9.998504 -10.07837
  -9.448316  -8.952242  -8.64809   -7.712376  -9.167248  -7.670616]"
881,"[-11.275896  -9.308072 -11.196726 -10.786956 -11.559632  -9.60335
  -9.468906 -11.826606 -11.291034 -11.264238 -11.867438 -11.213198
 -11.63799  -10.99854  -10.081792 -10.175462 -10.482978 -10.609244
 -10.968844 -11.060716 -10.492142 -10.742412  -8.996206  -8.544328
  -8.09361   -8.100396  -8.146738  -8.987506  -5.794026]"
882,"[-10.87761  -10.759812 -10.428864 -10.354566  -9.106116  -9.028802
  -8.812172  -9.929948 -10.704944  -8.022212  -6.230998  -7.145194
  -8.496884 -10.096988 -10.24338   -9.044868  -8.822496  -7.50694
  -7.436122  -8.550882  -8.835952  -9.313524 -10.049196 -11.06437
  -8.890066  -8.446598  -9.584152 -10.940946 -10.532626 -10.384842
  -9.97687  -11.4376   -10.307992  -9.874442 -10.248658 -10.154118
 -10.68215   -8.836996  -8.956244  -8.559466  -9.123458  -7.309218
  -8.6304    -8.507788  -9.283654  -8.814898  -9.342582 -10.694562
  -8.990812  -8.401184  -9.72747   -8.833922  -7.387982  -8.089782
  -8.411392  -9.762212 -10.815144  -9.569072  -9.90002  -10.540108
 -11.200322  -9.617386 -10.373474 -10.746762  -9.077116  -9.452724
  -9.65178   -8.014382  -7.198148  -9.185344  -9.162956  -9.005196
  -9.739302  -9.430046  -8.278224  -6.823062  -6.41364   -7.43821
  -6.471002  -7.9228    -7.284162  -8.074818  -8.287794  -6.939062
  -8.445322  -9.367986  -9.903036  -9.795388 -10.53048  -10.00239
 -10.15435   -9.77242   -8.423572 -10.443886  -8.82934   -9.116962
  -9.921886  -8.343532  -9.736808  -9.691104  -7.381834]"
883,"[ -9.36816   -9.7121    -9.463628  -9.74922   -8.5637    -9.225538
  -9.808786  -9.417808  -9.290034  -9.335274  -9.543842  -9.991428
  -9.229888  -9.55231   -9.331794  -9.719756  -9.96382   -9.495992
  -9.558052  -9.787906  -9.041446  -8.91605   -9.39426   -9.282436
  -9.306274  -9.244562  -9.36903   -9.163768  -9.799912  -9.32147
  -9.614486  -9.510666  -9.534098 -10.111604  -9.682868  -9.78083
  -9.98383   -9.589024  -9.317294  -9.65642   -9.7034    -9.113076
  -9.00247   -9.606598  -9.408354  -9.406962  -9.612398  -9.017376
  -9.315728  -9.265094  -9.779438  -9.463338  -9.958542  -9.636178
  -9.693192  -9.510492  -9.81505  -10.142982  -9.259236  -9.706996
  -9.494948  -9.987426  -9.586066  -9.825258  -9.432656  -9.711172
  -9.515712  -9.753048  -9.71442   -8.970512  -8.997076  -9.281218
  -9.671558  -9.092718  -9.468906  -8.96042   -9.034834  -9.183604
  -9.129432  -9.505562  -9.574118  -9.861276 -10.009176  -9.436948
  -9.39281   -9.25477   -9.73994   -9.697832  -9.48619   -9.467224
  -9.804262  -9.797824  -9.568956  -9.876356  -9.450462  -9.49721
  -9.536476  -9.723758  -9.494774  -9.3177    -8.187512  -9.78141
  -9.379354  -9.512638  -9.776654 -10.04676   -9.741274  -9.629566
 -10.016368  -9.33452   -9.26028   -9.456436  -9.028744 -10.01573
  -9.392288  -9.63989   -9.470182  -9.800956  -9.498892  -9.607004
  -9.915738  -9.315728  -9.18633   -9.421752  -9.404062  -9.800144
  -9.707692  -9.573596  -9.269212  -9.01204   -8.74321   -9.05467
 -10.69201  -10.093624  -9.795272 -10.946978 -10.713876 -10.94373
 -10.997322 -10.002854  -9.010706  -9.89364   -8.471828  -7.568478
  -8.366442  -9.081408  -9.5874    -8.901202  -8.822612  -8.101324
  -8.15335   -8.375316  -8.287794  -8.82789   -7.611224  -6.300598
  -8.622106  -7.985092  -5.70517   -7.056512  -9.037792  -8.645016
  -5.048668]"
884,[-7.481942 -6.746328]
885,"[ -8.909264  -9.231396  -8.925968  -8.490794  -9.220318  -8.975848
  -8.678424  -8.936698  -8.639796  -8.471132  -9.990384  -8.259954
  -9.211096  -9.967068  -9.058614  -9.14979   -8.671     -9.869628
  -8.880148  -8.898882  -9.737272  -8.509238  -9.552368  -8.507614
  -8.996148  -8.811244  -8.453558  -9.229888  -8.86907   -8.479948
  -9.151066  -8.495608  -9.21011   -8.762582  -8.877132  -8.608244
  -9.866612  -9.334346  -8.667636  -9.06714   -8.997366  -8.95549
  -9.3235    -8.206768  -9.234586  -8.66433   -8.98043   -9.30059
  -8.446656  -9.556022  -8.787     -8.613522  -9.191608  -8.824178
  -8.617814  -8.553898  -9.506838  -8.729058  -9.263992  -8.641014
  -9.009604  -8.859036  -8.848074  -9.50736   -8.002202 -10.11839
  -8.573908  -8.705162  -9.70514   -8.714674 -10.042642  -8.332802
  -9.320136  -8.910366  -8.5695    -9.233426  -8.600994 -10.042062
  -8.09129   -9.168292  -9.805654  -7.830986  -9.7817    -8.364586
  -8.73306   -9.418446  -8.93896   -9.045854  -8.850452  -8.239074
  -8.892618  -9.101128  -8.691822  -9.02277   -9.507592  -8.631908
  -9.320426  -8.939134  -7.245592  -9.742144  -8.677322  -8.903116
  -8.680686  -9.076188  -8.956708  -8.579186  -9.528878  -8.975964
  -8.14117   -9.497616  -8.508136  -9.227742  -8.783346  -8.944586
  -9.156576  -8.518228  -9.65729   -8.235246  -9.231918  -9.191144
  -8.354784  -9.193986  -8.36389   -8.933682  -9.147064  -9.176702
  -8.914948  -9.037444  -9.368682  -9.690176  -8.607374  -8.794714
  -9.389098  -8.752084  -9.0016    -8.92562   -8.56283   -9.363346
  -8.21715   -9.185518  -8.879858  -8.62054  -10.14304   -8.756028
  -8.777778 -10.256372  -8.759624  -8.488068  -9.045332  -8.996322
  -9.077754  -9.09092   -8.656384  -8.883164  -8.996612  -9.207616
  -9.120558  -8.77917   -9.245374  -8.605402  -8.52542   -8.267958
  -8.726042  -9.13413   -8.93229   -9.043766  -9.187548  -8.303048
  -9.928034  -8.809794  -9.42674   -9.158548  -7.79462   -8.564164
  -9.212314  -8.533076 -10.037364  -8.641246  -8.840534  -8.97695
  -8.96912   -8.741644  -9.159766  -8.519272  -9.856694  -8.873188
  -9.757572  -8.522868  -8.73277   -8.89401   -9.627246  -8.183626
  -8.100454  -8.039554  -6.64216   -8.146448  -8.53876   -7.825882
  -9.064472  -9.555036  -9.257496  -8.878002  -9.19068   -7.520222
  -8.08694   -8.810026  -9.245084 -12.270132 -11.282044  -9.833668
  -7.122458]"
886,"[ -7.547076  -6.003522  -5.986644  -7.94223   -6.424718  -7.33555
  -7.93121  -10.339196 -10.27209   -9.751772 -10.504728 -10.977544
  -8.970802  -7.965546  -8.312502  -5.869716  -6.67841   -7.826984
  -6.822018  -8.109618  -7.084584  -7.844326  -6.903624  -8.30647
  -7.809584  -7.198902  -6.636766  -6.678642  -7.287294  -7.64005
  -8.102194  -7.782556  -8.582492  -7.19113   -7.02844   -9.002412
  -7.871528  -6.39972 ]"
887,"[-11.529994 -11.69483  -10.710396  -9.578352 -10.100758 -10.528102
 -11.844412 -11.6058   -11.154618 -10.039104 -11.754512  -9.569072
 -11.185068 -10.925982 -10.98462  -10.671246 -10.993958 -11.003818
 -10.962696 -10.220064 -10.29152  -10.0456   -10.971628  -9.926584
  -9.269966  -8.966336 -10.817232 -10.196516 -10.776516  -9.89915
  -9.07497  -10.75929  -10.90197   -9.563968 -10.700246 -10.626876
 -12.032564 -11.629406 -10.673276 -10.540862 -10.120304 -10.766598
 -11.00637  -10.399052  -9.96469  -10.567426 -10.026576 -10.766134
 -10.76451   -9.447272 -10.786956  -9.996474 -10.751924 -10.262056
 -10.40781  -10.095596 -10.499798  -8.98188   -9.522034 -10.095364
  -8.604938 -10.316924 -10.266058 -10.523346 -10.95359  -11.030962
 -10.899244 -10.010278 -10.650308 -11.423738 -10.387104  -7.635352
  -9.940562  -8.875856 -10.212988  -8.546532 -10.11462   -9.760124
  -9.712796 -10.418366 -10.058592  -9.598072 -10.644972 -10.04676
  -9.823692  -8.731552  -9.547206  -9.00798  -10.166124  -8.875508
 -10.403518  -9.764474  -9.019986 -10.787362 -10.276672  -9.589256
  -8.322536  -9.073346  -8.384306  -7.983584  -8.502046  -9.33597
  -8.09738   -8.372416  -8.363136  -8.129454 -10.57282  -10.141706
  -9.808612 -10.33792  -10.65083  -11.167726  -9.530966  -8.676278
  -8.46075   -9.331214  -7.148036  -7.352834  -7.793634  -7.054424
  -7.67137   -7.287294 -10.013526  -9.84985   -9.083902  -8.31198
  -7.900818  -7.489482 -10.196748 -10.752504 -10.205042 -10.801108
 -10.276556 -11.40715   -8.608244 -10.63314  -10.459024 -10.972266
 -10.466216 -10.633604 -10.85035  -10.125524 -10.86746  -10.101918
  -9.604162 -11.019594 -10.776574 -10.922096 -10.451832 -10.387916
 -10.847276 -11.48313   -9.894046 -11.299792  -9.205296 -10.798846
  -9.715696  -9.08541   -9.73559   -9.532822 -10.776168 -10.516792
 -11.140176 -10.436694 -10.682208  -9.88784  -11.177354 -10.251268
 -10.466564 -10.624034 -10.694388  -9.796374 -10.896692 -10.394122
 -10.639578  -9.349484 -10.919834 -10.603444 -10.202026 -11.661886
 -10.76857  -11.058744 -11.246374 -10.018108 -10.999642 -10.639346
 -10.32342  -10.914556 -10.667418 -10.473872 -10.112242 -11.454652
  -9.696788 -10.403518 -10.783592  -9.715174 -10.785274  -9.865046
 -10.894256 -10.55484  -11.156648 -11.214416 -10.6575    -9.582992
 -12.023052  -8.671116  -7.321398]"
888,"[ -8.798078  -6.135762  -5.48245   -8.061826  -9.29566   -8.732074
  -9.056642  -7.001064  -6.212148  -9.8339    -9.829376 -10.320752
  -9.439094  -9.437064  -9.114178  -9.188244  -7.482348  -7.995474
  -8.992494  -8.648264  -8.291738  -8.47206   -8.3549    -8.977182
  -8.511036  -8.29835   -9.749452  -8.56921   -8.938322  -7.283002]"
889,"[-7.455668 -8.987158 -7.196582 -9.168814 -8.401706 -6.75903  -9.40499
 -9.336318 -9.155996 -8.002086 -8.881134 -8.690546 -6.055432 -6.158034
 -6.291608 -9.874848 -8.424384 -7.032152 -8.387032]"
890,"[ -9.248216  -9.19735   -9.910808 -10.59457   -9.154082 -10.179
 -10.253878 -10.087708  -9.354414  -9.37744   -9.974086  -8.875624
  -9.348034 -10.499392  -8.824816  -9.823228  -9.534736 -10.066828
 -10.18074   -9.595694  -9.490946  -8.766758  -7.826056  -7.60989
  -9.09237   -7.231672  -6.245092  -5.052438  -5.87337   -7.714928
  -8.129338  -9.094226  -9.393854]"
891,"[-8.271844 -8.752142 -8.907524 -7.283756 -7.63193  -9.178964 -9.077928
 -9.077696 -8.847378 -9.200018 -8.458604 -8.444104 -7.939968 -7.839918
 -7.462802 -8.21164  -9.128098 -7.81985  -7.994952 -9.118238 -8.334078
 -7.987412 -7.618242 -8.10666  -8.535918 -9.698876 -7.786384 -7.708084
 -8.292492 -7.948378 -8.357684 -8.774994 -8.52339  -7.523702 -7.684246
 -6.716516 -5.433788]"
892,"[-11.470834 -11.48139  -10.148144 -11.785426 -11.746334 -11.393694
 -11.292426 -12.0814    -8.645364  -9.337014  -9.545698  -9.656246
  -8.937336  -9.072766  -8.493056  -7.21143   -7.580774  -7.409384
  -7.92541   -9.649808  -9.539956  -9.746668  -9.459278 -10.502234
 -11.00753  -11.831072 -10.721648 -10.31965  -10.62009  -11.293064
 -11.60406   -9.758674  -8.145404  -7.431714  -8.068438 -10.84977
  -9.827288  -8.362672  -8.736424  -8.922662  -7.66847   -7.101752
  -9.54564   -8.461504  -9.297516  -9.543204  -9.610484  -9.4946
  -7.615516  -6.098816  -9.320136  -9.1553    -8.465042  -8.423804
  -9.410558  -9.567216  -9.695222  -9.55898   -9.549816  -9.516408
  -7.537158  -6.59373   -9.174904  -9.955468  -8.954968  -8.921966
  -9.240444  -9.108088  -6.776662]"
893,"[-9.704212 -9.795736 -9.311204 -9.412298 -9.760762 -8.548098 -8.589916
 -8.18699  -8.94708  -9.469138 -9.457538 -8.426762 -9.62336  -8.131368
 -9.280348 -9.07961  -9.468558 -8.955664 -5.911998]"
894,"[ -6.003928  -6.384524  -7.80448   -8.25369   -7.838932  -8.838504
  -8.686138  -8.654702  -7.955338  -8.608824  -8.187454  -6.497102
  -8.04489   -8.887514  -8.27399   -8.18148   -8.520954  -9.007632
  -9.565998  -8.856078  -9.110524  -9.37628  -10.776342  -9.37657
  -9.136218 -10.390526 -10.401488 -10.080632  -9.61408   -9.42326
  -9.120152  -9.443618  -9.00479   -7.018232  -7.120428  -6.621454
  -8.639796  -8.55384   -8.668796 -10.603966 -10.86311  -11.98251
 -11.681954 -11.279028 -11.515668 -11.730964 -10.184162 -10.032782
  -9.45806   -9.729094 -10.03719   -8.902014  -9.170322  -8.82151
  -8.622454  -8.043266  -8.56747   -9.188012  -8.673668 -10.381014
  -9.681476 -10.159512  -9.94671  -10.340878 -10.465578 -10.070366
  -9.453884 -10.171402 -10.62067   -9.443966  -9.438862  -9.570986
  -9.812904 -10.440406 -10.231838  -8.732016  -8.800746  -9.063196
  -9.522846  -8.976138  -9.372916  -9.127344  -9.857506  -8.48656
  -8.715776  -9.603872 -10.021936  -8.695418  -8.414118  -9.608222
  -9.003572  -8.898012  -8.741528  -9.892538 -10.923546 -10.83759
 -10.202258 -11.296022 -11.546524 -10.805284 -11.211864 -11.600986
 -11.121558 -11.305882 -10.573748 -10.425036 -10.488082 -11.347874
 -11.456102 -10.994654 -11.303678 -11.636656 -10.668404  -9.040866
  -6.888196  -5.253002]"
895,"[ -8.547808  -8.355828  -9.870208 -10.050878  -8.539224  -9.628464
  -9.901934  -9.730022 -10.191354  -9.845906 -10.928186  -8.035726
  -8.479948]"
896,"[-10.071062  -9.692612 -10.495506  -9.724338 -10.59283  -10.674668
 -10.487502  -9.952858 -10.370342 -10.33212   -9.935168 -10.215598
 -10.651526  -9.851648  -9.971186  -9.857622  -9.626608  -7.951858
  -9.9905   -10.352478 -10.605996  -9.9557   -10.271684 -10.232186
 -10.571602 -10.413958 -10.305382 -10.21148  -10.38229  -10.322144
 -10.377766 -10.105456 -10.120246 -10.394992 -10.5125   -10.014744
  -9.232208 -10.616088  -9.991602  -9.409282  -9.974782 -10.282472
 -10.34256  -10.148434  -9.94526  -10.628268  -9.98673   -9.527138
 -10.421846  -9.830362 -10.342444 -10.093334 -10.481818 -10.300452
 -10.185554 -10.489126 -10.112474 -10.308514 -10.430082 -10.265014
 -10.35764   -9.89132  -10.393658 -10.381652 -10.46291  -10.462388
 -10.527754 -10.722112 -10.064682 -10.040322 -10.316634 -10.64271
 -10.588654  -9.868236 -10.217106 -10.076804 -10.30805   -9.376454
 -10.260896  -9.622838  -9.94236   -8.493172 -10.7068    -9.714536
 -10.57891  -10.730406 -10.432402 -10.00558  -10.08417  -10.381594
  -9.569768 -10.455196 -10.224298 -10.387104  -9.442864  -8.210712
 -10.334034 -10.242104 -10.148318 -10.744616 -10.571196 -10.431938
  -9.108378  -9.233948  -9.935516  -9.173048  -7.93556   -7.629204
  -9.519424 -10.27412  -10.625078 -10.028606  -9.997402  -9.860406
 -10.157598 -10.405432 -10.235782 -10.466506 -10.311066  -9.855708
 -10.91154  -10.292564  -9.720336 -10.503104  -9.60799   -9.47314
 -10.253994 -10.463026 -10.363092 -10.259214 -10.11085   -9.616284
 -10.004768 -10.57108  -10.6517   -10.660922 -10.122334  -9.565418
 -10.274584  -9.393854  -8.519504  -8.756956  -9.391476]"
897,"[ -8.380362  -7.837656  -8.10318   -8.05214   -8.100048  -7.848908
  -7.683782  -8.016412  -8.37955   -7.714464  -7.80332   -7.124314
  -7.723512  -7.468022  -7.709186  -8.7493    -8.38883   -9.520178
 -11.839482 -10.59805  -10.56586  -10.563018 -11.728934 -11.703936
 -11.650576 -11.954902 -11.0548   -10.82251  -11.684738 -11.636076
 -11.479708 -11.26447  -11.875268 -11.423738 -11.533648 -10.307296
 -11.355936 -11.450128  -8.889022 -10.01834  -11.390098 -10.046644
  -6.998338]"
898,"[-10.54063   -9.094574  -8.308268  -7.769564  -7.078552  -5.644154
  -7.383226  -9.241604  -8.684688  -8.562482  -8.555522  -7.904008
  -8.220804  -8.491548  -7.312988  -6.764424  -6.992364  -7.216998
  -7.869904  -8.221442  -8.26152   -8.02604   -9.552078  -8.650584
  -8.344866  -9.014244  -8.9262    -9.577946  -8.250442  -8.528146
  -8.776212  -8.492824  -8.303048  -7.00582   -8.436042  -8.556044
  -8.259258  -8.827136  -8.711716  -8.87023   -8.704756  -8.61909
  -8.346374  -8.374272  -8.621004  -8.04663   -8.48453   -7.488032
  -9.543784 -10.720778 -10.528914 -10.326958 -10.735394 -10.731914
  -9.792894 -10.477932  -8.844942  -7.695382  -7.833364  -8.572284
  -7.813992  -9.963066  -9.918754 -10.324812  -9.757456 -11.429132
  -9.829724  -9.042954  -9.175832  -9.404642 -11.049116 -10.218034
 -10.669216 -10.165892 -10.145882 -10.463084 -10.557914 -10.80337
  -9.957614  -9.698006 -10.333744  -9.083902  -8.542704  -8.860196
  -8.28385  -10.779126 -10.02646  -10.502582 -10.971048 -11.13049
 -10.494578 -10.400096 -10.458792  -9.914462  -9.550686  -9.670282
  -9.524876 -10.073324 -10.331134 -10.245642 -10.119724  -9.923104
  -9.28609   -7.729892  -9.610252  -7.354864  -8.2273    -9.247462
 -10.530074 -11.603074  -9.029556  -7.943912  -8.825454  -9.830884
  -7.808714  -7.780932]"
899,[-9.019348 -7.142758 -5.261354]
900,"[-11.431684  -9.566172  -9.219216  -8.905088  -9.458002  -9.964458
  -9.53172   -8.779518  -9.810236  -9.818704  -8.44335   -9.65729
  -9.446808  -7.7314    -9.763082 -10.563076  -9.487176  -9.374598
  -9.145034 -10.052038  -9.91742  -10.127902 -10.389714 -10.126336
  -8.674538 -10.323304  -9.038662  -9.42065   -9.382602 -10.050936
  -9.023002 -10.442204  -8.65737  -10.352884 -11.641818  -9.983598
  -9.898744  -8.991334  -9.81679   -9.91655   -9.146136  -9.412936
  -9.498602  -8.774646  -9.63351   -9.928846  -9.26927   -9.600972
  -9.680664 -10.729594 -10.380376  -8.889776 -10.326958 -11.124864
  -9.307782  -8.288606 -10.294246  -9.070214 -10.575488  -8.692112
  -8.176318  -9.002528  -8.754288  -7.746712  -8.942382  -9.079784
  -7.335492  -6.910584  -7.787776  -7.834292  -8.192384 -10.643058
 -10.940482  -8.86008   -8.551172  -9.633394  -9.164986  -9.608048
  -9.258308  -9.591228  -9.306854  -9.70717   -9.248912  -9.284698
  -9.814702 -10.008538  -9.334984  -9.988586  -8.700754 -10.036378
  -9.051712  -9.097532  -9.976928  -9.389156  -9.83622  -10.185206
  -8.87893  -10.033072  -9.208834  -9.013896  -9.833842  -9.09382
  -9.838018  -9.59436   -9.072012  -9.185344  -9.063138  -9.614312
  -8.979038  -9.107508  -8.978748  -8.735786  -9.626434  -9.54767
  -8.96274   -9.2162   -10.070946  -8.508426  -9.938068  -9.202976
 -10.303758  -9.062616 -10.689574  -9.142772 -10.050704 -10.937698
 -10.516908 -11.104332 -10.36837   -9.690814  -9.24897   -8.924402
  -8.427516  -8.210538  -9.262658  -9.993458  -9.187084 -10.05894
  -9.79997   -8.422586 -10.011032  -9.601842  -9.500458  -9.413516
  -9.32959   -9.5874    -9.801652  -9.396812  -9.75589   -8.681208
  -8.302294  -5.454494  -8.808576  -9.857216 -11.076724 -10.137066
  -8.907872  -9.79736   -9.339914 -10.086026  -9.89654  -10.621888
 -10.070424 -10.628036  -9.692322  -9.773464 -10.372082 -10.656688
 -10.493302 -10.545618 -10.371444 -10.19698  -10.668752 -10.50177
 -10.511398  -9.906922 -10.150522  -9.20257   -9.77706  -10.444756
 -10.59457   -9.089122  -5.841702]"
901,"[ -8.946442  -8.307514  -8.837228  -7.89496   -8.089144  -8.055156
 -10.269944  -8.308732  -8.838504  -9.49489   -8.329728  -7.516278
  -6.78397   -6.030434  -7.72125   -9.062616  -9.531024  -9.363984
 -10.0369   -10.135848  -9.444372  -9.659552  -9.88813   -9.958136
 -10.124654  -9.36584   -8.560394 -10.704364  -7.198844  -8.380884
  -6.542226  -6.10392 ]"
902,"[ -6.028288  -8.91286   -7.522194  -7.47794   -7.46112   -7.317918
  -6.573952  -8.661952  -9.477432  -8.259258  -8.59763   -8.02633
 -10.098728  -9.643196  -8.575416  -8.668216  -9.527776  -9.318976
  -9.568028  -9.953264  -9.36323  -10.054184  -9.44646   -8.243134
  -8.828934  -7.925178  -7.154996  -6.96319   -8.454312  -9.31306
  -8.023662  -7.628508  -7.976798  -8.724128  -8.009336  -9.6657
  -7.813934  -7.162246  -7.364782  -6.818074  -7.258526 -10.563772
  -8.943136  -8.839896  -6.63259   -6.134602  -9.759312  -9.75299
  -9.181052  -8.476526  -9.027874  -8.614566  -9.367812  -7.941998
  -6.865576 -10.132948  -7.907024  -9.953032  -8.894068  -7.102506
  -9.350238  -7.517786  -7.480376  -7.669282  -8.320158  -8.725288
  -8.253864  -8.214888  -8.501988  -8.2853    -8.148942  -8.154684
  -8.714964  -7.5835    -7.29234   -7.404802  -7.352892  -7.921002
  -6.497624  -6.867374  -7.446678  -8.940468  -8.418816  -8.653252
  -7.004312  -7.272388  -9.772188  -9.371466 -11.451114 -11.310696
 -11.278622 -11.537998 -11.329778 -10.391512  -9.72979   -8.572864
  -8.190006  -8.965524  -7.81753   -7.865844  -8.421948 -11.249854
 -12.08285   -9.68629   -8.743326  -8.92446   -7.785978  -9.045854
  -8.646582  -8.94621   -9.47285   -9.01059   -9.654622 -10.30283
 -10.326378 -10.447656 -10.823612 -10.059578 -10.838982 -10.369704
  -9.686696  -9.77271  -10.5067    -9.55869  -10.142402 -10.281892
 -10.762712 -10.724142 -10.47712  -10.39824  -10.378868 -10.102498
 -10.690096  -9.796548 -10.501306 -10.08649   -9.596274  -9.698644
  -8.95665   -8.741122  -7.772638  -8.302758  -9.316598 -10.30689
 -10.828774 -10.762886 -10.936828 -10.075644 -10.430546 -10.192978
  -7.881794  -9.58305   -8.724476  -8.728652  -7.695324  -8.837866
  -9.491468  -7.954816  -9.64221   -7.88945   -8.452688  -6.46468 ]"
903,"[ -9.678228 -10.272148  -8.98797   -8.758464  -9.535084  -8.247542
  -8.654238  -9.151124  -8.769426  -9.61408   -8.871564  -9.396812
  -9.232962  -6.954838  -7.02264   -8.022734  -9.032688  -9.450346
  -8.565846  -9.467862  -9.869976 -10.172562  -9.41427   -9.017376
  -7.129766  -7.414082  -9.393622  -8.517938  -7.527472  -8.223936
  -7.686508  -7.11196 ]"
904,[-6.848408 -9.027004 -8.109734 -8.94824 ]
905,"[ -9.64337   -8.96912   -8.741296 -11.016694 -10.223428 -10.249354
  -9.675154  -9.913186 -10.667012 -10.312284 -10.628268  -9.550802
  -8.636374 -10.568064  -8.599138  -7.435484  -8.12058   -9.732748
 -10.280616 -10.365238 -10.790204 -10.13492  -10.92488   -9.642036
  -9.340436  -9.495238  -9.229656  -9.904022  -9.07468   -9.457596
  -8.641362  -8.262158  -8.81049   -7.49795 ]"
906,"[ -7.713536  -8.26268   -9.704386  -9.515712 -10.375794  -9.103042
  -9.794982  -9.759254  -9.331098  -8.173708  -8.551984  -9.01262
  -9.067314  -9.192188  -9.253088  -9.539666 -10.661502  -9.725266
  -9.507302 -10.712484 -10.692706 -10.5386   -10.460474 -10.609244
 -10.276324  -9.89567  -11.595882 -10.117056  -7.684536  -6.401982
  -6.169054]"
907,"[-9.51548  -9.044056 -9.338232 -8.880902 -8.790886 -8.958158 -8.740658
 -9.27188  -8.908394 -9.248042 -8.947428 -9.127982 -9.053336 -9.18111
 -8.854918 -8.722388 -9.177282 -8.673146 -9.24897  -8.247716 -9.134362
 -8.249224 -7.696658 -8.733234 -8.537774 -9.342756 -8.435404 -8.541138
 -8.732944 -8.357742 -8.036596 -8.680048 -9.118296 -8.923126 -9.109712
 -8.73393  -8.295392 -9.267936 -8.351826 -8.638114 -8.382856 -8.596702
 -8.845058 -8.44538  -9.09701  -8.188498 -9.201816 -9.471922 -8.77134
 -9.344438 -8.8073   -9.42355  -8.833284 -8.96245  -8.737758 -8.514168
 -9.115106 -8.813622 -8.938206 -8.495086 -8.86791  -9.035762 -8.926316
 -8.832472 -9.030484 -9.067082 -9.229076 -9.063022 -8.726274 -9.05931
 -9.178906 -8.99464  -9.09759  -7.98167  -8.635678 -7.710404 -8.042918]"
908,"[ -8.15306   -8.729754  -8.60111   -8.480122  -8.24122   -8.36795
  -9.022074  -8.469044  -8.567528  -8.397124  -9.09324   -8.577678
  -8.599022  -7.92628   -8.352464  -8.88038   -8.717864  -8.420846
  -8.634808  -9.610832  -9.780366  -8.886238 -10.312632  -9.458524
  -9.15066   -9.468848  -8.474322  -6.988014  -8.584754  -8.555058
  -8.915006  -8.608534  -7.211894]"
909,"[-10.029476 -10.488778  -9.262078  -8.776038  -8.559176  -8.545894
  -8.875798  -8.99      -9.35395  -10.218556 -10.721068  -9.154894
 -10.23236   -9.051074  -9.09005  -10.60617  -10.308224 -10.052444
 -10.5618    -9.924264 -10.324754 -10.151856  -9.756354 -10.089448
  -9.53549  -10.481412 -10.320578  -9.591286 -10.248948 -10.324986
  -8.793206  -9.7498    -9.81273   -9.385444  -9.043302  -9.18546
  -8.804458  -9.924554  -9.369958  -9.2742    -8.58516   -9.357314
  -9.121776  -8.886528  -9.410616  -9.917188 -10.176622 -10.056098
 -10.725012 -10.643696 -10.749952 -10.342038 -10.871578  -9.352674
 -10.849074  -8.694374  -9.502082  -9.028802  -8.496188  -8.508078
  -9.057396 -10.06967   -9.999722  -7.73778   -9.41978   -7.565868
  -8.853004  -9.399074  -9.661234 -10.14826  -10.0166    -9.319092
  -9.350934  -9.66164  -10.148666  -8.625296 -10.023154 -10.393078
 -10.187062  -9.869918 -10.043338  -9.286612 -10.262694  -9.722598
  -9.320948  -9.86899  -10.217338  -9.685826  -7.394014  -6.162558
  -6.321188  -5.70633   -7.333578  -9.49547   -9.234238  -8.88676
  -8.975906  -9.70311  -10.956374  -9.302156  -7.813528  -9.05554
  -9.31741   -8.531336  -8.196502  -8.52368   -9.592098  -9.371988
  -9.067778  -9.643892  -9.943578  -9.245142  -9.039764  -9.341016
  -9.220318  -8.806256  -8.734916 -10.268262  -9.00015  -10.060042
  -9.568376  -9.891204  -9.475576  -9.317178  -9.231744  -9.463686
  -9.175368  -8.302584  -8.869418 -10.084866  -9.676604  -8.806024
  -7.914796  -8.705394  -8.306876  -7.595912  -7.700312  -8.277818
  -9.595636 -11.04204   -9.26579   -8.084388 -10.024952  -7.934226
  -7.90569  -10.224878  -9.800492  -8.44538   -9.283074 -10.315416
  -9.28145  -10.470856  -9.185518  -9.803914  -8.993132 -10.18045
 -10.642884  -9.327792 -10.487328 -10.167458  -9.41282  -10.043802
  -9.84202   -8.508658  -9.601552 -10.222442 -10.795888  -9.91162
 -10.915774  -9.732052  -9.344322  -9.524586 -10.491504  -8.745356
  -7.746422  -8.594324  -8.558364  -9.539318  -9.20373   -9.736692
  -9.280522 -10.85876   -9.330576  -8.921096  -8.594324  -8.88473
  -8.333556  -9.146832  -8.916108  -7.418142  -7.0905    -7.527356
  -8.419338  -8.515966  -9.067836  -8.796048 -11.07394  -11.312204
 -11.10294  -11.041924 -10.59196  -11.397406 -11.38772  -11.418808
 -10.47248  -11.03827  -11.082466 -11.179268 -11.001034 -11.30304
 -10.556174  -9.29769   -8.016412  -8.889544  -8.835198  -9.289396
  -8.40014   -7.022234  -8.07737   -8.681672  -9.005892  -8.251602
  -6.58967   -6.634098 -10.153596  -7.514422  -8.200098  -8.916804
  -8.414524  -9.934008  -8.718096  -8.58806   -9.101302  -9.395826
  -9.124328  -8.914136  -8.673262  -8.570718  -8.885252  -8.639506
  -8.427168  -8.984896  -9.061862  -8.602038  -8.478672  -8.963958
  -9.225944  -7.596144  -7.27987   -9.133028  -9.04423   -9.276346
  -9.530096  -6.5917  ]"
910,"[ -9.62394   -9.127286  -9.211154  -9.464266  -9.177514  -9.22577
  -8.933682  -9.243982  -9.266196  -9.290324  -9.299952  -9.0016
  -9.334578  -8.957926  -9.553296  -9.300764  -9.220956  -9.008038
  -9.056294  -9.107508  -9.372684  -9.131868  -9.829666  -9.163246
  -9.656188  -8.922662  -9.37077   -8.75104   -9.796316  -9.33684
  -8.635794  -9.367696  -8.928578  -9.750728  -9.110002  -9.216316
 -10.184104 -10.09577   -8.915412 -10.026228  -9.077812  -9.052002
  -9.186562  -8.917732  -9.365492  -9.267994  -9.325878  -9.291542
  -9.015752  -9.047188  -9.212894  -8.908916  -9.11847   -9.746668
  -9.170206  -9.488394  -9.160462  -8.867504  -8.808866  -9.14138
  -9.427726  -9.143584  -9.45487   -9.077464  -9.781294  -9.31741
  -9.196886  -8.98101   -9.044462  -9.478708  -9.027584  -9.2423
  -9.279652  -9.241198  -9.618314  -8.773022  -9.019986  -9.400466
  -8.960652  -9.57957   -9.133376  -9.572552  -8.447526  -9.580962
  -9.251     -9.161042 -10.47219   -9.683506  -9.555616  -9.594766
  -8.839316  -8.73393  -10.157424  -9.1408    -9.654332 -10.002564
  -9.102694  -8.989246  -9.148514  -9.76343   -9.748814  -9.19474
  -9.54912   -9.581136  -9.144744  -9.36845   -9.358068  -8.927592
  -9.867714  -9.025148  -9.901006  -9.092486  -8.927998  -9.808844
  -9.136508  -9.367986  -9.566636  -9.491004  -9.928034  -9.151066
  -7.949596  -6.643726  -9.09933   -9.51345   -9.13123   -8.659342
  -9.20257   -8.613116  -8.937916  -8.968366  -9.39107   -9.41949
  -9.30668   -9.097996  -9.105942  -9.665236  -9.039474  -9.406904
 -10.029824  -9.273156  -9.24955  -10.36924   -9.820618 -10.45624
  -9.39455   -9.031064  -8.915238  -9.68774   -9.148166  -8.91663
  -9.627942  -9.058846  -9.617502  -9.039706  -9.478128  -8.362846
  -9.09904   -9.501734  -8.90822   -9.486422  -9.41021   -9.305462
  -9.30291   -8.7812    -8.965118  -9.259236  -8.522636  -8.84152
  -9.458118  -8.800456  -9.16284   -8.874406  -8.538644  -8.85283
  -8.480064  -8.53731   -7.94571   -9.985338  -9.526558  -9.828912
  -9.134188  -8.978632  -9.643196  -9.167886  -9.123632  -9.78054
 -10.280964  -9.439616  -9.743884  -8.942788  -9.37744   -9.14834
  -8.991914  -9.574872 -10.04154   -9.268168  -9.665468  -9.18865
  -9.614196  -9.375584  -9.628986 -10.29674  -10.265014  -9.696556
  -9.248738  -8.38332   -8.078298  -9.697658  -9.863654  -9.59291
  -9.186446 -10.099134  -9.902746 -10.182712  -9.734604 -10.13608
  -9.694642  -9.616748 -10.010858  -8.84326  -10.104064  -8.821626
  -9.849096  -9.356386  -9.831928 -10.296624  -9.578874  -9.315206
  -8.740368  -9.06888   -8.050806 -10.211364  -8.813564  -9.48648
  -9.18285   -8.70841   -8.149754  -7.85871   -9.342524  -9.603234
  -8.691822  -7.206616  -6.976762  -8.232636  -9.421868  -9.952626
 -10.808938 -10.5502   -10.154408 -10.223486  -9.750844  -9.63438
  -9.831406 -10.544748  -9.950828 -10.079124  -9.613384  -9.500458
 -10.79786   -9.76894  -10.792698  -9.76488  -10.422252 -10.191702
 -10.23468   -9.423202  -7.658726  -9.048058 -11.293006 -10.499276
 -11.911982  -9.887144  -9.190854  -9.758384 -11.266732  -9.09701
  -8.92562   -8.135486  -8.918428  -7.94107   -6.604402  -7.559836
  -8.39608   -7.791082  -8.305194  -9.136102  -8.91112   -8.437318
  -8.849408  -6.242598  -6.013266  -8.359656  -9.350644  -7.70791
  -8.08201   -9.701486  -8.953402  -7.259628  -5.678026]"
911,"[-12.895488 -13.296384 -12.47928  -12.285212 -12.802514 -12.59209
 -12.683556 -12.753388 -12.86788  -12.597252 -11.927526 -11.30884
 -12.66459  -12.236202 -11.919464 -12.411014 -12.281036 -12.836154
 -12.748284 -12.163296 -13.103592 -13.180906 -12.537222 -12.454282
 -12.554796 -12.485486 -12.994262 -12.650786 -12.286894 -12.99867
 -12.463098 -12.598296 -12.403648 -12.857672 -12.26613  -12.410492
 -12.950588 -12.756462 -12.832094 -12.251166 -12.074092 -11.585094
 -12.101062 -12.528812 -12.951574 -12.67358  -12.473886 -12.482412
 -12.480904 -12.682048 -12.410956 -12.401734 -12.201112 -12.049442
 -12.661574 -12.90413  -12.6527   -12.937596 -12.655426 -12.43897
 -12.702464 -13.034804 -12.420526 -12.671724 -12.674972 -12.513268
 -12.933652 -12.544994 -12.569992 -12.933246 -12.647944 -12.967002
 -12.830586 -12.172924 -11.817558 -12.911554 -12.847058 -12.49523
 -12.859992 -12.738714 -13.091006 -12.74086  -12.615406 -12.8557
 -12.80147  -12.944614 -12.789464 -12.84352  -12.927968 -12.715166
 -12.50364  -12.920486 -12.934754 -12.143808 -12.706698 -12.660298
 -12.989448 -12.816956 -12.598122 -12.423832 -12.808836 -12.716964
 -13.014098 -12.664822 -12.818928 -12.469594 -12.839634 -12.949892
 -12.384682 -12.62689  -12.841084 -12.549982 -11.996546 -12.676886
 -12.646088 -12.691792 -12.032216 -12.579736 -12.39315  -12.693126
 -12.809996 -13.115076 -12.562104 -12.907088 -12.456254 -12.234114
 -12.573414 -12.79132  -12.794568 -12.376852 -12.232084 -12.470174
 -12.343734 -12.345242 -12.30383  -11.920798 -12.654962 -12.96242
 -12.61239  -12.535946 -12.715862 -12.329814 -12.649916 -12.715456
 -12.47261  -12.766438 -12.840968 -13.020826 -12.74086  -13.020478
 -12.635706 -12.736568 -12.809068 -12.588668 -12.478642 -12.84439
 -12.795032 -12.843114 -12.699274 -12.503582 -12.853612 -12.628804
 -12.8557   -12.206274 -12.045672 -12.606474 -12.373952 -13.26054
 -12.875536 -12.276976 -12.917644 -12.56831  -12.467564 -12.979008
 -12.809358 -12.166892 -12.320766 -12.588552 -12.99461  -11.531212
 -12.473422 -12.382072 -12.261374 -12.633908 -12.406258 -12.636924
 -12.883946 -12.900766 -12.877856 -12.528986 -12.677002 -12.751822
 -12.668882 -12.829542 -12.775486 -12.637388 -12.601776 -12.607924
 -12.91428  -13.043678 -12.998032 -12.545748 -13.0297   -12.525332
 -12.248904 -12.614362 -12.946354 -12.66778  -12.48885  -12.679612
 -12.482412 -12.816318 -12.943396 -12.931854 -12.255168 -12.43752
 -12.833428 -12.594584 -12.48537  -12.68489  -12.88412  -12.718066
 -12.737438 -13.015838 -12.550794 -12.856338 -11.654578 -12.739584
 -11.753294 -11.947072 -12.713426 -12.965088 -12.71447  -12.529276
 -12.415422 -12.670564 -12.05762  -12.58774  -13.02303  -12.810228
 -12.353014 -12.31514  -12.33602  -12.768004 -12.919326 -12.549982
 -12.397326 -12.603806 -12.799614 -12.62022  -11.93698  -12.43491
 -12.50016  -13.086076 -12.381434 -12.72085  -12.281848 -12.870664
 -12.69243  -12.856744 -12.495752 -12.779836 -12.812432 -12.88528
 -12.921066 -12.6324   -12.626542 -12.809184 -12.833718 -12.144794
 -12.715688 -12.740164 -12.441464 -12.456834 -12.597194 -12.386654
 -12.388278 -12.485022 -12.334048 -12.422092 -12.73622  -12.493374
 -11.30623  -12.660994 -12.192238 -12.25076  -12.983242 -12.848334
 -13.15556  -12.74115  -12.46304  -12.872462 -12.65444  -12.488502
 -12.613782 -12.440884 -12.174548 -12.911786 -12.816202 -12.646262
 -12.530146 -12.090506 -12.755824 -11.794416 -12.495694 -12.16985
 -12.855642 -12.736046 -12.616218 -12.197806 -12.346518 -12.55613
 -12.726592 -12.812838 -12.59412  -12.803964 -13.06943  -12.92878
 -12.615986 -12.941482 -12.909524 -12.313342 -12.55903  -12.43056
 -12.996118 -12.799324 -12.815216 -12.654904 -12.839634 -12.608678
 -12.212538 -10.14652   -8.718734  -7.696426  -8.095292 -10.971222
 -11.33088  -13.076506 -12.936146 -12.247454 -12.685934 -12.764234
 -12.781982 -13.011082 -12.26381  -13.009748 -13.048434 -12.767192
 -13.001686 -12.965088 -12.699216 -12.56831  -12.742136 -12.543544
 -12.36676  -12.615058 -12.92356  -12.163296 -12.78262  -12.949428
 -12.35922  -12.594178 -12.618944 -12.419308 -12.619872 -12.44883
 -11.7914   -12.127626 -10.901796 -10.870012 -12.185974 -13.05435
 -12.81945  -12.221296 -12.440072 -13.036022 -12.73738  -13.05493
 -12.699042 -12.59644  -12.856222 -12.769338 -13.132302 -12.767424
 -12.642724 -13.183574 -12.76638  -12.27744  -12.958998 -12.711396
 -12.348896 -11.996662  -8.552332]"
912,"[ -8.78004   -8.241336  -8.612536  -6.481616  -7.379224  -9.198684
  -9.83187  -10.399806 -10.682092  -9.014882  -9.784136 -10.113054
  -7.65948   -6.970788  -6.584102  -9.01871   -8.714268  -9.005486
  -9.34467  -10.490576  -8.812636  -8.306122 -10.269944  -8.988492
  -9.37164   -7.75344  -10.295696  -9.090398  -9.90379   -9.895786
  -9.982612 -10.207768 -10.070366  -9.737388 -10.12071   -8.877538
  -9.673936  -9.35772  -10.79264   -9.898686  -9.049682  -8.727434
  -8.460634  -7.545568  -7.380094 -10.175926  -9.288468  -9.57957
 -10.26832   -9.661408 -11.02667   -9.639078 -11.935066 -10.727042
 -10.744094 -11.164826 -10.566962  -9.853736  -9.576032  -8.965234
  -9.795446  -6.851772  -6.203738  -7.885854 -10.458792  -9.033674
 -11.123936 -11.456566 -12.02514   -9.401336 -10.612898 -11.110248
 -10.919892  -9.05003  -10.335426  -8.967554  -9.325646  -7.660698
  -7.446736  -8.694838  -8.234376  -7.927614  -8.733408  -8.034508
  -8.76235   -7.571726  -8.149696  -8.472814  -8.029752  -6.50064
  -7.956382  -5.474678  -5.32933 ]"
913,"[ -7.40863   -7.931152  -7.41878   -8.624078  -9.169684  -9.765982
 -10.735278 -10.790784 -11.658696  -8.518808  -9.086396 -10.316924
  -9.839932 -11.325428 -10.261766 -10.082662  -9.966082  -8.134558
  -7.686276  -8.94534   -9.215968  -8.234956  -8.44016   -8.761074
  -6.847886  -7.580542  -9.729674  -9.778046 -10.582912  -8.624716
  -8.23687   -7.402598  -8.519678 -10.521142 -10.589002 -11.072432
  -9.59871   -9.011982 -10.484428 -10.439536 -10.893676 -10.988796
 -10.344416  -8.588814]"
914,"[ -9.747422 -10.720372  -9.344612 -10.262462  -9.266834  -9.430336
  -9.813368  -9.762792  -9.810584  -9.293456  -9.876008 -10.350274
  -9.816326  -9.621446 -10.28978   -7.476316]"
915,"[ -9.819284  -9.792488  -9.281914  -8.858282  -9.141786  -8.017224
 -10.225342 -10.58877   -9.812614 -10.659066 -10.641318  -9.93105
  -9.694178 -10.81323   -8.428328  -5.256424]"
916,"[ -8.737352  -9.56884   -9.458698  -9.354994  -9.750902  -9.676894
 -10.239842 -10.222674  -7.3892    -7.841194  -8.112866 -10.655354
 -10.378346 -10.9388   -11.496296 -11.92915   -9.558284  -9.094284
  -8.035668  -9.398726  -8.649772 -10.657964 -10.781852 -10.771528
  -9.06917   -9.238646 -10.83759  -11.4115   -11.2578   -11.044708
 -10.394644  -9.649982  -8.744196  -9.040866  -8.56196   -8.493926
  -8.748778  -8.81542   -8.744428  -9.118238  -8.457618  -9.031122
  -8.729928 -10.199706  -9.460032 -10.017412  -9.74951   -9.746088
  -9.453884  -8.80498   -7.766026  -6.854092  -9.73356   -8.685906
  -9.045216 -10.083184  -8.808112  -8.142562  -9.289686  -9.533518
  -7.805408  -7.328938  -6.004276]"
917,"[ -6.237146  -5.240068  -8.491316  -8.603372  -7.520628  -8.854048
  -8.170692  -8.338718  -7.797056  -7.151458  -8.747618  -9.533518
  -9.549178  -7.243098  -6.798934  -8.239654  -8.327292  -9.109364
  -9.990964  -9.572378  -7.985962  -8.281878  -9.518148  -9.880532
  -9.626202  -9.691858  -9.28986   -8.247774  -8.254328  -9.754614
  -8.669202  -6.419266  -7.356198  -8.37404   -8.435114  -8.77337
  -9.24868   -7.93005   -7.849836  -8.107008  -8.097786  -8.518054
  -9.118354  -8.68985   -9.923742  -9.517394  -8.568282  -9.256916
  -7.033254  -6.409058  -6.943876  -9.218114  -9.112206  -8.849582
  -9.15037   -9.723352  -9.362012  -9.357952  -8.952358  -9.969388
  -8.076674  -7.428756  -8.02169  -10.128598 -10.596194  -9.710476
 -10.468188  -9.784658 -10.336238  -9.546278 -10.66794   -9.853968
 -10.43826  -10.460822 -10.70071  -10.249122 -10.695896 -10.78887
  -9.544944  -9.71297   -9.985744 -10.212814 -10.274932 -10.600892
 -10.225168 -10.738062  -9.936734 -10.129236 -10.420222  -9.699108
 -10.60559  -10.806386  -8.66491   -9.585486  -8.56573   -8.943832
  -8.744196  -9.43399   -9.405164  -9.36265   -9.66135   -9.675734
 -11.453724 -10.91618  -11.121732 -10.04357  -10.146404 -10.11549
 -10.44377  -10.405606 -10.123726 -10.08127   -9.930354 -10.407636
 -10.401546 -10.004072 -10.213104 -10.48872  -10.118738  -9.984178
 -10.61516   -9.797592  -9.842716  -8.231882  -5.559648]"
918,"[ -9.746726  -9.876008  -9.971128  -9.374018  -9.77068   -9.661118
  -9.70079   -9.603176  -9.723584  -7.950872  -9.553122  -7.731168
  -8.093958  -9.823054  -8.267958  -9.498776  -9.389504  -7.50926
  -9.077058  -9.32901  -10.505772  -9.404468  -9.012852  -8.719662
  -8.685906  -9.848864  -6.26632 ]"
919,"[ -9.321876  -9.062094  -9.251754  -8.94824   -9.517104  -9.445996
  -9.459278  -9.45719   -9.328836  -9.055598  -9.255292  -9.587168
  -9.502256  -9.313466  -9.441472  -9.566288  -9.324602  -9.157446
  -9.188244  -9.323848  -9.48445   -9.287366  -9.304766  -9.358532
  -9.63757   -9.784368  -9.518496  -9.011692  -9.488104  -9.494194
  -8.867156  -9.180704  -9.259932  -9.532996  -9.351746  -9.381384
  -9.254248  -9.616864  -8.903986  -9.315322  -9.28522   -9.106986
  -9.897004  -9.46821   -9.675618  -9.301112  -9.296182  -9.004384
  -9.54071   -9.34525   -9.432192  -9.194914  -9.597724  -9.171946
  -9.417634  -9.571972  -9.579918  -9.325762  -9.516466  -9.692206
  -9.363868  -9.108262  -9.430452  -9.533344  -9.251986  -8.759914
  -9.72051   -9.66048   -9.251406  -9.371872  -9.568028  -9.484392
  -9.29798   -9.317584  -9.457132  -9.185054  -9.636468  -9.654796
  -9.30813   -9.412414  -9.11673   -9.331214  -9.479114  -9.25071
  -9.610832  -9.646618  -9.609904  -9.628406  -9.281044  -8.927592
  -9.488336  -9.125372  -9.214634  -9.12978   -9.212952  -9.655202
  -9.503996  -9.488104  -9.711288  -9.385328  -9.42645   -9.69035
  -9.243808  -9.53665   -9.348556  -9.064994  -9.202222  -9.428016
  -9.648648  -9.573074  -9.068764  -9.575452  -9.292586  -9.198162
  -9.880242  -9.926584  -9.222696  -9.352326  -9.750728  -9.491352
  -9.312306  -9.364274  -9.231338  -9.186794  -9.1872    -9.240908
  -9.712796  -9.59842   -9.265384  -8.882816  -9.229308  -9.437586
  -9.395362  -8.830848  -9.198626  -9.115628  -9.20953   -9.74922
  -9.583108  -9.320484  -8.60575   -9.197292  -9.133144  -9.451158
  -9.481666  -9.306506  -9.27014   -9.336608  -9.33974   -9.28203
  -9.144106  -9.56855   -9.421462  -9.315786  -9.395014  -9.576438
  -9.390722  -9.39861   -9.410442  -9.468964  -9.383646  -9.495412
  -9.468036  -9.487872  -9.074274  -9.445126  -9.39484   -9.259178
  -8.630458  -9.369958  -9.172236  -9.503474  -9.4975    -9.487118
  -9.449998  -9.24114   -9.114816  -9.433062  -8.966626  -9.164696
  -9.287366  -8.951314  -9.977972  -9.749626  -9.580556  -9.492048
  -9.62162   -9.293804  -9.294442  -9.400698  -9.682404  -9.65526
  -9.81157   -9.384168  -9.71848   -9.46067   -9.166204  -9.271068
  -9.52795   -9.421926  -9.334578  -9.56275   -9.152806  -9.478592
  -9.302504  -9.40644   -9.00943   -9.095212  -9.338464  -9.705082
  -9.218056  -9.664134  -8.954214  -9.161796  -9.309348  -9.738432
  -9.77097   -9.393332  -9.673994  -9.404004  -9.593084  -9.61553
  -9.603466  -9.377324  -9.371524  -9.249086  -9.212256  -9.37309
  -9.309406  -9.549758  -9.33249   -9.101476  -9.518032  -9.599464
  -9.655898  -9.285278  -9.464034  -9.526964  -8.904102  -8.877074
  -8.984548  -9.404642  -9.572552  -9.292122  -9.038778  -9.220492
  -9.300648 -10.78017  -10.374634 -10.802094 -10.902202  -9.809308
 -10.45305  -10.335832  -9.907676 -11.264818  -8.173012  -9.036168
  -8.5898    -9.98499   -8.528204  -8.508252  -9.210052  -9.497442
  -9.021494  -9.489148  -9.205064  -9.677358  -9.528298  -9.892712
  -9.774102 -10.075296  -9.861798 -10.22018   -9.844746  -9.090572
  -9.809076  -9.978842  -9.826882 -10.015324  -9.928266  -9.43602
  -9.932036 -10.141706  -9.493962  -9.91829   -9.910402  -9.60741
  -9.541116  -9.681882  -8.982866  -9.56043   -8.83485   -9.481898
 -10.095132 -10.36228  -10.124654 -10.320404  -8.916398 -10.10766
 -10.379796  -9.768302 -10.046586  -9.88552   -9.91452   -9.660596
 -10.239204 -10.152552  -9.0741    -9.60915   -9.746842  -9.382776
  -8.735032  -9.66338   -9.800086  -9.8832    -9.7034    -9.586066
  -9.754788 -10.022284 -10.21728   -9.60248   -9.153908  -9.71616
  -9.597028  -9.533808  -9.814528 -10.030578  -9.696092  -9.521802
  -9.319788 -10.008248 -10.54701   -9.841672  -9.423956  -9.616052
 -10.098148  -9.921828  -9.51577   -9.24114   -9.795272  -9.178906
 -10.21177   -9.938068  -9.604858  -9.846022 -10.050646 -10.20626
  -9.85971  -10.068626 -10.062884  -9.939402  -9.963066  -8.768556
  -9.537984  -8.831486  -9.230004  -9.71558  -10.123494 -10.70622
  -9.81795   -9.88494   -9.49489   -9.654622  -9.725034  -9.945434
  -9.928208  -9.783962  -9.231512  -9.87305   -9.858666  -9.903326
  -9.460322  -9.814702  -9.821082  -9.363868  -9.958948  -9.890276
  -9.647314  -9.102984  -9.671906  -9.50272   -9.534504 -10.203998
  -9.599812  -8.853352 -10.026924 -10.210552  -9.586472  -9.223392
  -9.792836  -9.666396  -9.743884  -9.885636  -9.59523   -9.507708
  -9.65062  -10.251094  -9.50591   -9.465194]"
920,"[ -8.231766  -8.788508  -9.24926   -9.443908  -9.821546  -8.654644
  -9.716508  -9.177398  -9.977276  -9.978494  -9.730312  -9.733908
  -9.091268  -9.409746 -10.539702  -9.983076 -10.58152  -10.217106
  -9.631248  -9.60915   -9.39542   -8.964306  -9.21678   -9.91742
 -10.478164  -9.402844  -8.749358  -7.511348  -8.477628  -9.725904
  -9.62597   -8.57849   -7.622708  -9.67875   -8.92562   -8.74901
  -8.418526 -10.087766  -8.056664  -9.271474 -10.52613   -9.608338
  -9.593432  -9.009198  -9.16197   -9.487872  -8.468522  -7.887884
  -9.16806  -10.255444  -7.256902  -8.579244  -8.902478  -9.793648
 -10.000534  -9.843064  -9.5352    -9.466238 -10.07025   -9.75937
  -8.882236 -10.164152  -9.446286 -10.301554  -9.548366  -9.189694
  -8.84152   -9.28696   -9.395942  -9.224842  -8.997482  -8.635156
  -9.16255   -7.533214]"
921,"[-13.447532 -13.59404  -12.646784 -13.319932 -11.705212 -10.318838
 -13.302416 -13.369464 -13.466962 -12.588552 -12.76174  -12.88267
 -13.037704 -12.687326 -12.873274 -13.201728 -11.747494 -11.715884
 -11.908966 -12.609374 -10.60994   -9.718306  -8.618394  -8.58487
  -7.628914  -9.476214  -8.55616   -6.976298  -8.39637   -7.370118
  -7.787428  -7.617546  -7.786616  -8.892966  -9.31828   -8.649482
  -5.870876]"
922,"[-10.12506   -9.712216  -9.903268  -8.588176  -9.654564  -8.996438
  -9.099214  -9.850546  -9.959702  -9.700384 -10.007436 -10.009698
  -9.349484  -9.965676  -9.543726  -9.118064  -9.361026  -9.39948
  -9.387416  -9.922524 -10.249354  -9.811512 -10.263158  -9.260512
  -9.999084 -10.212234  -8.447758 -10.159048  -9.889116  -9.815572
  -9.87856  -10.042352 -10.066596 -10.141822  -9.532416  -9.500922
  -9.675502  -9.519366  -9.318686  -9.383588  -9.197118  -9.536012
  -9.255292  -9.064762  -9.395768  -9.015694  -9.07555   -9.26782
  -9.417808  -9.682868  -9.414908  -9.35337   -8.152828  -7.434614
  -7.21172   -5.60164   -7.77055   -8.7609    -6.675452  -5.43953
  -6.84516 ]"
923,"[ -9.373554  -8.91286   -9.410616  -9.237428  -9.06018   -9.485146
  -9.558922  -9.030658  -9.725556  -9.176006  -9.289976  -9.44153
  -9.872934 -10.837242  -9.772188  -9.019928  -9.566346  -8.76409
  -9.348846  -9.41717   -9.168408  -9.537056  -9.192304  -9.262136
  -9.561648  -9.097184  -9.00305   -9.501908  -9.631944  -9.201468
  -9.121254  -9.320484  -9.483     -9.317178  -8.662184  -8.891632
  -9.834712  -8.943484  -9.094806  -8.157874  -8.592584  -8.824352
  -9.59001   -9.810932  -9.901702  -9.6512    -9.414966  -9.18604
  -8.499262  -8.591946  -8.432678  -9.679214  -9.944854  -9.86783
  -8.778996  -9.411834  -9.65178   -9.21388   -8.402112  -9.456494
  -9.608396  -7.956788  -7.26653   -8.945978  -8.263028  -7.382994
  -8.353566  -9.135986  -8.540094  -9.164812  -8.03097   -9.330286
  -8.555522  -9.02277   -9.052756  -9.354414  -9.304418  -9.92409
  -9.62742   -9.181226 -10.354682 -10.817522  -9.946304 -10.015382
 -10.485124  -8.895344  -9.311436  -9.661466  -8.815188  -9.295312
  -8.471886  -9.444256  -8.410696  -7.375918  -7.881794  -8.479368
  -8.506454  -9.659088  -9.209008  -8.165994  -9.117252  -9.18633
  -8.623034  -9.132216  -8.710208  -9.551034  -8.787058  -8.251776
  -8.452688  -9.631654  -9.328662  -9.654506  -9.18372   -9.035704
  -8.904914  -9.599754  -8.774008  -9.326284  -8.8827    -9.034138
  -9.94033   -9.026424 -10.048906  -9.630668  -9.43892   -9.644066
  -9.339044  -9.525166  -8.991798  -9.870614  -9.619532  -9.772304
  -9.225132  -9.897584 -10.079298  -9.426334  -9.206862  -9.257844
  -9.942128  -9.66135   -8.918196  -8.543864  -9.967358 -10.094436
 -10.207594 -10.021588  -9.656188  -9.228206  -9.561706  -9.416706
  -9.442342  -9.91771   -9.669296  -9.396638 -10.043048  -9.949146
  -9.008328  -9.741448  -9.793996  -9.507592  -9.042374  -9.912954
  -8.546126  -9.086802  -8.877016  -8.215816  -8.83514   -8.587944
  -9.01001   -8.129048  -9.420766  -9.516698  -8.733118  -8.154916
  -9.069924  -8.462316  -8.767628  -8.37781   -9.001542  -9.7817
  -9.09759   -8.769194  -8.58081   -8.90126   -9.099852  -9.869628
  -9.361026  -9.239342  -7.973898  -8.19424   -8.656674  -7.966822
  -8.610564  -8.82586   -7.674792  -8.669608  -9.409108  -9.564432
  -9.6222    -9.616574  -9.444256  -9.05583   -9.318918  -9.092196
  -9.634612  -9.328256  -9.52534   -9.483928  -9.642616  -8.12174
  -8.65882   -9.445126  -9.07004   -9.10252   -9.814586  -8.23049
  -9.829724  -9.380746  -9.16255   -9.425464  -9.047188  -9.637454
  -8.71044   -9.444198 -10.240422 -10.185264  -9.47546   -9.176992
  -9.629682  -8.799992 -10.774254  -8.290462 -10.005812 -10.77988
 -10.250804  -8.712934  -9.062094  -9.172004  -8.652788  -9.40934
  -9.367058  -9.435092  -9.131288  -8.522462 -10.164442 -10.650192
 -10.20974   -9.185286  -9.527428 -10.754882  -9.589488 -13.307636
  -8.806662]"
924,"[ -9.626028  -9.627304 -10.908002  -9.478302 -11.143192 -10.731334
 -10.961884 -10.799368 -11.224566 -11.072548 -10.89385  -11.320092
  -8.662764  -8.244642  -9.16661   -9.52302   -8.859152  -9.259816
 -10.570674  -9.469486  -9.782686  -8.949922  -8.713224  -9.861914
  -9.49112   -7.130752  -5.208052]"
925,"[ -9.655492  -9.853214  -9.188012 -10.203186  -9.859884  -8.859442
  -9.134072  -9.540304 -10.675364 -10.16595   -9.104376 -10.223544
  -9.863596 -10.649322  -9.655376 -10.5473    -8.473568  -7.810512
  -8.252066  -9.868236 -10.812012 -10.190832 -10.100178 -11.345496
 -11.433076 -10.697752 -10.196284  -9.70427  -11.130026  -9.665584
  -8.663576  -8.163268  -8.721344 -10.531988 -11.09366  -11.546234
 -10.331946 -10.62067  -11.96337  -11.79546  -10.384436 -10.170184
  -8.822032  -9.08396   -9.908778 -10.153828 -10.20278  -10.742702
 -10.753722 -10.97766  -11.443632 -10.846638 -11.100736 -10.575546
 -11.156822 -10.335774]"
926,"[ -9.189404  -8.291738  -8.440856  -9.346294 -10.308108 -11.351818
  -7.49157   -6.25849   -6.638564  -6.987492  -5.221218  -7.419824
  -8.941454 -10.231896  -9.705662  -9.658334  -8.31285   -8.938786
  -9.133318  -8.96129   -7.763184  -8.785666  -9.151298  -9.80577
  -8.116868  -8.546938 -10.096118  -9.674458  -8.177768  -6.57169 ]"
927,"[-10.55861   -8.517416  -8.751794  -9.986846  -9.705198  -8.938322
  -9.879082 -10.37707   -9.227974 -10.770832 -10.064914 -11.13049
 -10.401662  -7.662554  -5.37341 ]"
928,"[ -7.339494  -7.055874  -9.534214  -8.753882  -9.67585   -9.52824
  -9.575684  -8.525826  -9.555616  -7.52869   -7.655478  -7.141018
  -9.026076  -9.416068  -8.214946  -8.648902  -8.690082  -8.306412
  -8.372358  -9.905994  -9.542218 -10.400792  -8.133572  -8.893894
 -11.125734 -10.214902  -9.23157  -10.770194  -9.395884  -8.077022
  -9.218404 -10.099366 -11.3854   -10.79583  -10.419004 -10.103078
  -8.705858]"
929,"[ -9.400466  -9.994096  -8.685326  -9.74661  -10.874594  -9.5787
  -9.5236    -9.564896 -10.218788  -7.148036  -7.018174  -6.898288
 -10.69926   -9.748118  -9.695918  -9.309174  -9.515654  -8.739672
 -10.00471  -11.035486 -10.951734  -9.91336  -10.106616 -10.244482
 -10.539876 -10.582738 -10.130802 -10.488198 -10.759638 -10.252022
 -10.28195   -8.802486 -10.61893  -10.518996 -10.204114  -9.205818
  -9.521106  -9.883432  -9.826476 -10.391744  -9.026076 -10.352942
 -10.12912  -10.13985  -10.481818  -9.81273   -9.17618  -10.421904
  -9.39136  -10.481412 -10.11143  -10.091942 -10.130802 -11.227408
 -10.167052 -10.509078 -10.239204 -10.271742  -8.609926  -8.683354
  -8.469624 -10.461692 -10.620728  -9.787036 -10.597354 -10.561974
 -10.515168  -8.04228   -9.059542  -7.571378  -9.344612  -9.238182
 -10.121812 -10.196632  -9.38672   -9.677938  -8.897316  -8.199924
  -8.808054 -10.23004  -10.214438  -9.488916  -9.752236  -9.851474
  -9.024858  -9.427088  -7.473474  -9.419722  -9.387764  -8.563178
  -9.003688  -7.977378  -8.723258  -8.892154  -8.67912   -8.55935
  -7.445924  -8.826324  -8.219644  -8.588002]"
930,"[-10.632734  -9.689016  -8.797556  -9.745624  -8.509412  -9.686638
  -9.753918 -10.016716  -9.770274  -8.982518  -9.697426  -9.632118
  -9.019522  -8.85892   -9.58363   -8.884788  -9.435092  -9.13036
 -10.106094 -10.00587   -8.958448  -8.285706  -9.309232  -8.993248
  -9.477722  -9.29305   -9.168756  -8.81745   -9.024742  -9.216606
  -9.31596   -8.919646  -9.038198  -9.460032  -8.890124  -8.536208
  -9.807278  -9.169568  -9.773638  -8.781838  -8.395732  -9.510608
  -8.414118  -8.676626 -10.142344 -10.247962  -9.56536   -8.981126
  -9.576322  -8.9349    -9.344322  -9.453188  -9.438804  -9.827578
  -8.574894  -9.035994  -9.60683   -8.949632 -10.083532  -9.06105
  -9.672486  -9.566752  -9.21562   -9.684782  -9.259526  -8.792568
  -9.940736  -8.665838  -8.513066  -9.242648  -8.970918  -9.14341
  -9.677938  -9.20634   -9.499124  -9.048     -9.4308    -9.467166
  -8.949864  -8.61097   -9.609208  -9.307202  -9.25013  -10.023734
  -8.655108  -8.972426  -9.422796  -9.15037   -8.766758 -10.28137
  -8.38506  -10.110734  -8.688574  -9.681882  -9.017028  -9.137204
  -8.991856  -9.739998  -8.936698  -9.45255   -8.853584  -9.845036
  -8.925504  -9.1437    -9.357024  -9.406498  -9.215156  -9.282146
  -9.273214  -9.34438   -9.081466  -8.54543   -9.476562  -8.841172
  -9.801768  -9.148746  -9.129896  -8.999222  -8.253168  -9.27043
  -9.785296 -10.431242 -10.035102 -10.882076 -10.092696 -10.035914
  -9.679446 -10.378404 -10.45798  -11.254958 -10.203534  -9.34554
 -10.539586 -10.773674 -10.8605   -10.585058 -10.026112  -9.668774
 -10.71173  -11.032586 -10.732378 -10.469464  -9.259236 -10.131092
 -10.917688 -10.88834  -10.014048 -10.522418 -10.589292  -9.977914
  -8.92417  -10.015904 -10.473756  -9.56536   -9.651374 -10.17494
 -10.791248 -10.630182 -10.800586 -11.131766 -10.925576 -10.75175
  -9.922756  -9.718016  -9.049392 -10.10273   -8.81629   -9.773406
  -8.71972   -9.819226 -10.345866  -9.793706  -8.735728  -7.740622
  -9.546394  -9.396986  -9.080944  -9.015346  -9.31132   -8.79918
  -9.793938  -8.620366  -9.451912  -9.08889   -9.230816  -9.675386
  -8.588234  -9.347396  -9.361374  -8.946906  -9.629566  -9.853504
  -8.86907   -9.867018  -9.425058  -9.511942  -9.289164  -9.971998
  -8.79309   -8.668796  -9.673588  -9.650156  -9.537404  -9.216374
  -9.594244  -9.288816  -9.450346  -9.405976  -9.215388  -8.903406
  -9.572958  -9.23911   -8.959492  -8.928636  -8.1345   -10.64909
 -10.99999  -10.180682 -10.101164  -9.967126 -11.04813   -9.6773
 -10.166298 -10.291114 -11.311914  -9.79446   -9.445126 -10.22163
  -9.011924  -9.072824 -10.05256   -9.614776  -9.018188  -8.913324
  -8.650526  -8.939308  -9.56043   -9.307376  -9.36497   -9.510434
  -9.147412  -9.52476   -9.106986  -8.036944  -8.167502  -9.043824
  -8.782012  -8.615726  -8.443292  -8.69362   -9.09266   -8.19453
  -8.387554  -8.523854  -8.932348  -8.640028  -9.24433  -10.25324
 -10.592076 -10.162064  -8.777836  -8.340168  -8.772036  -8.592236
  -9.215098  -9.009894  -8.20903   -9.421868  -8.419338  -8.82354
  -8.234666  -8.943252  -8.645538  -8.8682    -8.679874  -8.058926
  -8.779344  -9.077928  -8.698898  -8.829108  -8.381754  -9.09962
  -9.601668  -8.26268   -9.122414  -8.231012  -5.038286  -6.54733
  -7.37209   -9.690814  -8.336688  -9.184648  -9.619996  -8.772326
  -8.344866  -9.230352  -8.675988  -8.908742  -8.780504  -8.89575
  -8.483834  -9.115802  -8.821046  -8.754578  -9.366188  -8.08955
  -9.327096  -9.026946  -8.920168  -9.399364  -8.43987   -8.966742
  -9.30842   -8.873942  -8.981648  -8.675524  -8.76786   -8.99899
  -9.05409   -8.772094 -10.085852  -8.53528   -8.891458  -9.238588
  -8.736424  -9.142076  -8.78903   -9.04046   -8.454834  -9.081466
  -8.679526  -8.25427   -9.166088  -8.870346  -8.758522  -8.576866
  -8.93432   -8.827194  -8.67245   -9.499414  -8.609172  -9.861508
  -8.937916  -8.832936  -9.397856  -8.573386  -8.965872  -8.640028
  -8.575068  -9.615414  -9.667788  -9.412414  -8.735032  -8.143606
  -7.995358  -8.648554  -7.672182  -8.957172  -7.65716   -5.968026
  -6.329598  -7.392564  -8.173882  -9.116498  -7.079538  -6.171084
  -8.515386  -9.368044  -7.787022  -7.550672  -7.596608  -7.520744
  -9.195262  -9.119746  -9.379238  -9.625042  -6.31852 ]"
931,"[-10.18683  -10.04734   -9.10948   -8.821684  -8.568862 -10.03922
  -8.470494  -9.011228  -9.319034  -8.918428  -9.935168  -9.524122
  -9.968982 -10.414596 -11.110422 -10.655702 -10.638128 -11.266848
 -10.765148 -11.173468 -10.896982 -11.089368  -9.778916 -10.351492
 -10.344996  -9.495934  -9.39803   -9.498428  -9.699224  -9.568434
  -9.644936  -9.50765   -9.56623  -10.30138  -11.624882  -9.491004
  -9.12659   -8.347998  -8.353508 -10.267102 -10.897678 -10.326668
 -10.316924 -10.578156 -10.170648  -9.861682 -10.920356 -10.488314
 -10.141996  -9.783498  -8.886934  -9.112206  -9.409804 -10.12912
 -11.175556  -8.891864  -8.490446  -8.80788   -8.883802  -7.701878
  -8.75133   -7.046188]"
932,"[ -7.933472  -8.27167   -7.967982  -7.972622  -6.62882   -7.591852
  -8.346664  -7.626478  -7.832436  -7.85378   -8.295276  -7.070838
  -8.309312  -8.827542  -9.640702  -9.06569   -9.033732  -8.478846
  -8.875798  -8.547982  -9.445648  -7.945942  -8.89285   -9.316946
  -9.135986  -8.970976 -10.042004  -8.138096  -8.78526   -9.144164
  -9.30291   -8.00371   -9.490598  -9.590126  -8.776212  -9.149442
  -9.167828  -8.545894  -9.06163   -9.024104  -9.409166  -8.459242
  -8.874928  -9.59059   -8.9465    -8.966568  -9.410964  -9.28725
  -9.437818  -8.374736  -9.531488  -9.075724  -7.881678  -8.771282
  -9.077116  -8.730044  -8.45727   -8.840882  -9.277332  -8.325262
  -9.21649   -8.942498  -8.260128  -9.096894  -8.201722  -8.234956
  -8.60633   -8.261636  -7.170482  -8.032536  -6.739078  -8.280834
  -9.065052  -9.383124  -7.159114  -6.905132  -7.547598  -8.024938
  -8.154916  -8.24557   -9.406962  -8.202476  -9.607932  -8.206478
  -9.80664  -10.293318  -9.596274 -11.196552 -11.203222 -10.162528
 -10.533438 -10.545328 -10.090956  -7.913926  -8.224052  -9.595288
  -9.948102  -7.939272 -10.691836 -10.32139  -10.267566 -10.517662
 -10.06764   -9.22635   -7.96659   -8.41841   -8.577504  -8.61532
  -9.092834  -8.651976  -9.193348  -9.023698  -7.644226  -8.657428
  -6.092726  -8.29487   -9.130012  -7.704662  -7.743464  -9.466702
  -8.118202  -6.961044  -7.687552  -8.05852   -7.973492  -8.88096
  -8.922082  -8.522636  -9.976812 -10.188048  -9.711288  -8.111416
  -9.37454   -7.894844  -7.595622  -7.13632   -8.429546  -8.638752
  -8.848364  -8.870056 -10.792524  -8.446308  -8.661082  -9.333476
  -9.26086   -9.529342  -9.024684 -10.387858 -10.01631   -9.924032
  -9.713956 -10.02646   -7.031572  -7.21868   -8.752432 -10.487676
 -10.497942 -10.373648 -10.185032 -11.10178  -10.440464  -9.005196
  -8.20613   -9.845384 -10.164732  -5.643342]"
933,"[-10.709642 -10.64126  -11.7682   -11.02638  -11.558414 -10.778488
 -10.896924 -11.1099   -12.31282  -10.17552  -10.017296 -10.305904
 -10.427878  -9.31277  -10.334788  -7.993444 -10.31588   -9.264398
 -10.170474  -9.945434 -10.893734  -9.93772  -10.262404  -8.522346
 -10.506874  -9.380514 -10.474684 -10.406708 -10.686964 -11.121558
 -10.21177  -10.153886 -10.22482  -10.18799  -10.009698 -10.419468
 -10.125466 -10.701812 -10.443306 -10.49104  -10.407926 -10.795946
 -10.239842 -10.439246 -10.033942 -10.360656  -9.855418 -11.44659
 -10.681744 -10.328872 -10.367558  -9.773464  -9.628058  -9.395478
  -9.929658  -9.485958 -10.498058  -9.497848  -9.096546  -9.613964
 -10.847392 -11.188722 -11.057816 -11.031484 -11.12846  -10.631342
 -10.815202 -11.155894 -10.700362 -10.429618 -10.05923   -9.36294
 -10.048442 -10.0543    -8.617234 -10.163978 -10.344474 -10.40201
 -10.916644 -11.256118 -10.843274 -11.29463  -10.391744 -11.377338
 -11.237036 -11.600986 -10.58413   -8.707656  -7.833016  -7.22564
  -8.270568  -8.011598  -7.342626 -10.09287   -6.805778  -8.442248
  -8.010786  -7.009822  -9.247752  -7.167582  -7.14647   -5.611558
  -5.742464  -7.562272 -10.547126  -9.000266  -7.15575   -8.895344
  -6.981866  -6.85705   -7.092878  -8.074992  -9.194682  -8.870288
  -9.363636  -8.914658  -6.05897   -5.210198]"
934,"[ -8.642812  -7.625318  -7.91961   -8.428386  -7.472256  -7.379108
  -8.99203   -8.9639    -9.296298  -7.17982   -7.625086  -7.66557
  -8.195922  -8.34649   -7.60148   -8.559698  -8.686834  -8.420962
  -6.673248  -7.713942  -9.335912  -8.450136  -9.136682  -8.272714
  -8.887166  -8.235246  -7.166944  -7.047406  -9.557298  -7.582224
  -7.696658  -7.42313   -8.94244   -9.93279  -10.503626  -9.227684
  -9.64424   -9.463918  -9.19416  -10.137646  -9.684434  -9.377788
  -9.269908  -9.28986  -10.530422  -9.084366  -8.752548 -10.597006
  -8.923126  -9.30842   -8.67303   -9.543088  -9.029788  -9.185808
  -8.191572  -8.537774  -9.830768  -8.218716  -6.017268  -5.50594
  -9.073868  -6.75207   -9.346642  -9.160984  -9.071722  -9.275476
  -8.794598 -10.284502  -7.89351   -7.76997   -8.464462  -8.939424
  -8.347766  -8.502858  -9.280928  -8.193718  -8.434418  -8.368646
  -8.256532  -8.759856  -8.406462 -10.277368  -9.981858  -7.973086
  -7.8648    -8.379144 -10.474162 -10.204056  -9.805944 -10.554434
  -9.230352  -8.256764 -10.42057   -9.483928  -9.334288  -9.407774
 -10.273946 -10.58877   -9.822126 -10.063116 -10.453108 -10.2196
 -10.54237  -10.361294 -10.051516 -10.965306 -11.733458  -9.454232
  -8.320796  -7.062776  -6.766048  -9.407716 -10.420744  -9.939924
 -10.188454 -11.126836  -7.90105   -7.33613  -10.348302 -12.067828
 -11.650228 -10.94547  -10.059926  -9.454754  -9.811338  -9.863886
 -12.692662  -9.713376  -8.76583   -7.939852  -8.332802  -9.29885
  -9.939576  -9.372046 -10.036088 -10.799832 -11.134318 -10.318954
 -10.081734 -10.771296 -10.698158 -10.785216  -9.839236  -9.354588
  -8.763626  -8.718444 -10.140662  -9.564316  -9.383994  -8.460518
  -8.507556  -8.232346  -9.552658  -9.012446  -9.38034  -10.067234
  -7.862654  -8.990058  -9.83013   -8.00197   -7.990196  -6.805256
  -8.454138  -8.35374   -7.86393   -8.015774 -10.5763    -9.915738
  -7.777452  -6.978096  -8.825744  -7.942868  -7.264268  -6.394964
  -7.478462  -7.581412  -9.109016  -8.073136  -7.282712  -6.365384
  -7.318266  -8.605924  -9.544828 -11.5333    -9.363694 -10.035972
 -10.40027   -9.485958 -10.648858 -11.512362  -9.481666  -9.4511
 -11.455406 -10.888282 -10.899244 -10.594396 -10.351956 -10.210784
  -8.901898  -9.792372  -9.26898   -9.787152 -11.033224 -10.408854
 -10.600022 -10.502118  -9.814122  -9.124734 -10.27673  -10.00442
  -5.472242]"
935,"[-5.961878 -7.016782 -5.968664 -6.420948 -6.248282 -6.059202 -7.15459
 -7.860856 -7.934806 -7.898034 -8.620192 -8.471596 -8.438304 -8.05475
 -8.41087  -8.594788 -8.813854 -8.601574 -8.252414 -8.67013  -8.607548
 -7.05454  -7.65629  -7.710462 -6.24109  -7.650838 -6.284648]"
936,"[ -6.787682  -5.228932  -5.231832  -6.305238  -8.358148  -8.57936
  -9.428828  -9.653404  -9.89712   -9.90756   -8.803182  -7.965894
  -8.122552  -9.486074  -8.949864  -8.801848  -8.420962  -8.772442
  -8.050864  -7.895714  -9.135232  -8.025518  -6.827006  -7.616096
  -8.521476  -7.977784  -7.684014  -8.691648  -8.954678  -9.231396
  -8.687472  -8.304556  -8.01734   -8.278572  -9.29073   -8.641594
  -9.32437   -9.327096  -9.203962  -9.267472  -9.239342  -9.138422
 -11.534982 -12.41664  -12.686398 -12.08865  -12.474756 -11.237964
 -11.59304  -12.820784 -12.338746 -12.443088 -12.1104   -11.774406
 -12.37981  -13.132534 -12.241422 -13.249114 -12.215264 -12.14926
 -11.901832 -12.490532 -12.1249   -11.240632 -10.984794 -10.872912
  -9.49547  -10.391976  -8.856948  -9.006762  -8.601516  -8.708294
  -5.895236  -5.174354  -6.32113  -10.157192  -9.68745   -6.131528]"
937,"[ -9.82085   -9.156402  -9.984062  -9.407542  -9.854548 -10.054648
  -9.138596  -9.368566  -9.804378  -8.898012 -10.692822  -9.054786
  -8.2534   -10.820132 -10.663184 -10.347374  -9.982148 -10.360366
 -10.700014  -9.964226 -11.038618 -10.322028 -10.80743  -10.103542
 -10.662894  -9.616574 -10.873492  -9.603118 -11.06843  -10.127322
  -7.480898  -8.368704  -9.276056  -8.036422  -6.485444  -6.94579
  -7.281494  -8.635214  -8.773196  -8.17481   -7.885506  -8.763394
  -8.745762  -7.075594  -8.291158  -9.579918  -7.722642  -7.984396
  -8.750692  -8.880322  -7.908416  -7.573524  -8.690082  -8.630806
  -8.154916  -7.84073   -9.157562  -7.420462  -7.288222  -8.13711
  -9.930296 -10.084576  -8.12754  -10.313386 -11.66177  -10.54556
  -9.071026 -10.351028  -8.627094  -8.691532  -8.937916 -10.99477
  -9.996358  -8.830036  -9.719988 -10.21902   -8.743442 -10.90893
 -10.407172  -9.270952 -10.304048  -9.563562  -9.245664 -10.951618
 -11.087918  -8.463882  -9.821952 -10.840722  -9.812672  -9.95947
  -7.965662  -8.188962  -9.993864  -9.134652 -10.033362  -9.466818
  -9.049102 -10.872738 -10.319824  -9.903674 -10.253356  -7.872224
  -5.534708  -5.110902  -5.80058   -5.818154  -7.968562  -7.11225
  -8.949922  -9.881402 -10.2167    -8.02662 ]"
938,[-5.064908]
939,"[-8.0504   -9.005428 -6.807692 -6.483298 -8.580984 -8.24093  -7.004602
 -7.000426 -8.546532]"
940,[-5.100578 -6.064364 -8.5492   -7.481594]
941,"[-10.346214 -10.031738 -10.320288 -10.667418 -10.290824 -10.28369
 -10.604952 -10.335078 -10.150928 -10.485878 -10.395688 -10.445568
 -10.751228 -10.439884 -10.185032 -10.580244  -9.962196 -10.545908
 -10.358336  -9.170264 -10.168444 -10.191064 -10.286706 -10.361294
  -9.866612  -8.570776 -10.239204  -8.851148  -9.43602   -9.179602
  -9.147412  -9.310914  -8.503786  -7.979408  -7.933994  -7.106856
  -9.37686   -8.25282   -9.431322  -8.49236   -9.460148  -9.183778
  -9.903732 -11.136058 -10.745196 -10.471668  -9.163652  -8.561264
  -8.961348  -9.917768  -8.67129   -8.714268  -9.165044  -9.881054
  -9.044172  -9.28928   -7.807206 -10.291926 -10.748908 -10.107312
 -10.611042 -10.599268 -10.379042  -9.557298 -10.435998  -9.458988
 -10.3588    -9.92931   -9.391882  -8.690836  -8.783694  -8.830558
  -9.443618 -10.481296  -6.771152]"
942,"[ -9.403192  -9.346236  -9.735764 -10.16595  -10.231664 -10.076746
  -9.930934  -9.450636  -9.839236  -9.044462  -9.686696  -7.376324]"
943,"[ -6.96348   -7.411878  -7.631988  -7.338798  -7.83174   -8.47438
  -7.690394  -7.80187   -8.36244   -6.471524  -6.176304  -8.501698
  -8.02198   -6.67261   -8.290868  -7.73604   -7.968562  -8.837924
  -8.831602  -9.97252   -9.84637  -10.094378 -10.65634  -10.162064
 -10.208522 -10.253878 -10.349462 -10.340066 -10.490344 -10.319534
 -10.293376 -10.523404 -10.291288  -8.523274  -9.394202  -9.261614
  -9.501386  -8.231998  -8.57414   -8.913962  -8.318476  -9.934124
  -9.50504   -9.339798  -9.114062  -9.57551   -9.088194  -8.240118
  -8.14175   -8.280428  -7.180748 -10.865778  -9.627246  -9.988586
  -9.968112 -11.511202  -9.517278 -10.102034 -10.952024  -9.2162
  -9.751946  -7.937358  -7.432468  -7.08905   -7.893626  -5.497008
  -5.284786  -7.714348  -7.822924]"
944,"[-10.870476 -11.362026 -10.862066 -10.565744  -9.908778  -9.116208
  -9.722772  -7.863408  -5.37631 ]"
945,"[-11.074056 -11.6812   -11.703182 -11.215228 -11.20908  -10.988216
 -11.730848 -11.162912 -11.300024 -11.379368 -11.37728  -11.29985
 -10.941062 -11.285234 -11.266674 -11.161984 -11.37641  -11.894698
 -10.785216 -10.810736 -11.14267  -11.280072  -8.102832  -8.293246
  -8.013686  -8.43001   -9.385618  -9.635366 -11.117556 -10.857832
 -10.30138   -9.143526  -9.431438  -8.540848  -8.298872  -8.086476
  -7.842702  -8.923358  -9.243634 -10.486806 -10.858528  -9.629914
  -9.139872  -7.224306  -6.459982  -7.344598  -6.139474  -7.710984
  -9.08135   -8.161238  -6.03548   -8.403736  -7.791024  -7.624158
  -7.300576  -8.116578  -8.23745   -6.458532  -9.233774  -7.322268
  -7.771478  -7.256264  -7.041722  -9.013664  -9.574466  -9.323732
 -10.186076  -9.592504  -9.316076  -8.047616  -6.955766  -8.589336
  -7.181444]"
946,"[-10.065146 -10.075586  -9.640586 -10.759116  -9.407426  -9.766562
  -9.932268  -9.758268 -10.001114  -9.422274  -6.585784  -8.164022
  -6.124452]"
947,"[ -9.674574  -9.730022 -11.54432   -9.396116  -8.515444  -9.395188
 -10.331714  -9.885868 -10.798556  -9.853504  -9.822358  -9.155416
  -9.660596  -8.837054  -9.537172  -8.054924  -9.837844  -6.89098
  -5.734286  -5.445794  -6.113664  -7.967344  -9.166494  -9.625332
  -9.790168 -10.01573  -10.020428  -9.777524  -9.459162  -9.64598
  -9.026366  -9.993284  -8.881714  -8.615842 -10.245874 -10.416858
 -10.371966  -9.71674  -10.275918 -10.778894 -10.270408  -9.909648
  -9.237834  -8.854512  -9.636004 -10.198894 -10.383218 -10.721706
 -10.155568 -10.04183   -9.323558  -9.69064  -10.705988  -9.812672
  -9.510666  -9.838888 -10.073498  -9.40731   -9.717262 -10.101744
 -10.258924  -9.93337   -8.365456  -9.052408  -9.565534 -10.6894
  -9.493324 -10.02704   -9.708214 -10.37707  -10.555826 -10.605706
  -9.733502 -10.731392 -10.517256 -10.594164 -10.437738 -10.25556
 -10.525492 -10.446496 -10.260722 -10.382058 -10.686152  -9.728166
  -9.685188 -10.382348 -10.38577  -10.31704   -9.779206 -10.251674
  -9.841904  -9.947928 -10.61777  -10.827324 -10.417844  -9.95976
 -10.576416 -10.311762 -10.041946 -10.237696 -10.448352  -9.452376
 -10.217628 -10.505192 -10.47596  -10.252602 -10.456182 -10.592424
 -10.65924   -9.803682 -10.234912 -10.262288  -9.933254 -10.68157
  -9.499588  -9.22983   -9.84956   -9.93308   -9.817254 -10.120478
 -10.477816 -10.044672 -10.1848    -9.669876 -10.571602 -10.163282
 -10.212292 -10.17813  -10.685978  -9.85739  -10.76799  -10.368428
 -10.609592 -10.098206 -10.155684 -10.831964 -10.474858 -10.519924
 -10.615566 -10.440522 -10.227024 -10.26368  -10.374576  -9.535548
 -10.554028 -10.163746 -10.199938 -10.407346  -9.923278 -10.119782
  -9.944564  -9.90379  -10.160324 -10.469232 -10.359148 -10.02182
 -10.216642  -9.770738 -10.508208  -9.99543  -10.528914 -10.533264
 -10.166066 -10.416046 -10.014686  -9.710708  -9.795098 -10.116592
 -10.095364 -10.426486  -9.98644  -10.28021  -10.508614 -10.179696
 -10.060564  -9.856346 -10.09519   -9.582064 -10.119608 -10.500436
  -9.835756  -9.7817    -7.865264  -8.71769   -9.630146 -10.36054
 -10.865314 -10.951212 -10.182886 -11.319976 -12.01557  -11.622562
 -11.60609  -11.11831  -11.688624 -11.814774 -11.42049  -11.68004
 -10.998192 -11.390794 -11.97961  -11.67627  -11.48487  -10.9011
 -10.177956  -9.885288  -9.927454  -9.6773    -9.331562  -8.954794
  -8.774298  -9.197466 -10.888166 -10.944716  -9.664018  -9.216142
 -10.101106 -10.398124 -10.820248 -11.375656 -11.049638 -10.996452
 -10.707902 -10.013352  -9.352964  -9.757978  -9.669644  -9.600102
  -9.597202 -10.002564  -9.49808   -9.386662  -9.068822  -8.847842
 -10.024082  -9.895438  -9.459858  -7.962762  -9.277158  -6.81355
  -6.037104  -7.024496]"
948,"[-10.590742  -9.114294  -8.582086  -8.304208  -7.574974  -6.947704
  -7.313336  -7.871702  -9.356966 -10.079298 -10.793278  -9.77416
  -8.594788 -10.493998  -8.815072  -6.358366  -6.948922  -9.131868
  -9.353602  -8.689038  -9.512174  -9.536998  -9.18024   -9.780076
  -9.20837   -8.656326  -9.156344  -8.910308  -8.834328  -9.23911
  -9.388924  -9.483696  -9.16661   -9.339044  -9.581194  -8.923764
  -9.600798  -9.40354   -8.59821   -8.93983   -9.315786  -9.025264
  -9.117832  -9.26608   -9.26811   -9.134304  -9.104666  -9.667266
  -9.78924   -9.650388  -9.426102  -9.702008  -9.566114  -9.717958
  -9.411138  -9.358764  -7.8503    -8.594962  -8.86008   -9.095386
  -9.408006  -9.23795   -9.380688  -8.39376   -9.571508  -9.304128
  -8.419164  -9.746204  -9.257844  -9.413864  -9.215388  -9.384226
  -9.315728  -9.39107   -9.586298  -9.229076  -9.673994  -9.532938
  -9.33568   -8.650932  -8.652672  -9.027758  -8.934958  -9.229714
  -8.965988  -9.201062  -8.593918  -7.121008  -7.108712  -6.921952
 -10.341168  -7.97268   -8.214888  -8.028302 -10.087244  -9.896076
  -8.407622  -8.092682  -8.260998 -10.098554  -8.998642 -10.981024
  -9.656246  -7.84102   -6.888486  -9.67266   -8.888558 -10.6227
 -10.210958 -10.07518   -8.550012  -7.59249   -8.078066  -9.50939
  -9.163478  -9.513218  -9.05322   -8.54601   -8.034914  -8.175216
  -6.608636  -6.477904  -8.257808  -9.74835   -7.401322  -7.531648
  -9.066792  -8.56341   -7.82246   -7.044564  -8.111532  -8.118666
  -8.45408   -8.453906  -8.458952  -9.847124  -9.343104  -9.264862
  -9.008328  -8.567064  -8.733582  -8.229736  -8.434302  -9.239632
  -9.380572  -9.010416  -8.871274  -8.882526  -8.904914  -8.614566
  -9.086976  -9.362244  -9.266428  -8.81484   -9.555906  -8.80324
  -9.415082  -9.148688  -9.343684  -9.097532  -9.07729   -9.10774
 -10.139444 -10.24889   -9.612804  -9.716624  -8.821684  -9.173744
  -9.12282   -9.165798  -8.902188  -9.547786  -9.202976  -9.507708
  -9.030832  -8.929216  -9.119862  -9.015114  -8.97724   -9.24694
  -9.057164  -9.050668  -9.294152  -8.87458   -9.505678  -9.522962
  -8.906654  -9.657348  -9.194276  -9.93366   -9.132506  -9.739766
  -9.42616   -8.672044  -9.883374 -10.553796  -9.766852  -9.40731
  -8.957694  -9.10252   -9.952278  -9.287888  -8.185598  -9.867714
  -9.371176  -9.169104 -10.422832  -9.145962  -9.523194  -8.981126
  -8.053184  -9.327908  -9.26318   -9.221536  -9.442574  -9.11064
  -9.017086  -9.47314   -9.201584  -9.437238  -9.09034   -9.049334
  -9.307956  -9.490192  -8.765772  -9.057512  -8.97231   -9.443154
  -9.098344  -9.47227   -8.945746  -9.502778  -9.82317   -9.153386
  -9.310682  -9.102462  -9.373206  -8.769426  -9.363172 -10.350332
  -8.9697    -9.592678  -9.075608  -9.271416  -9.265732  -8.91518
  -8.903174  -9.285916  -9.093994  -8.887688  -8.980894  -9.42732
  -9.131114  -9.490018  -8.532496 -11.170742 -11.69889  -10.721126
 -10.466506 -10.346272 -10.956548 -11.306984 -11.899222 -11.884838
 -11.799984 -11.4347   -10.747922 -10.832602 -10.706336 -10.792698
 -10.266464  -9.94932   -8.743094 -10.179812 -10.93213  -10.783012
 -10.54556  -11.691292 -11.341552 -10.267856  -9.229192 -10.565628
  -7.404338  -5.730574  -5.348876  -5.507506  -6.787508  -8.485052
  -9.315148  -8.814086 -10.664982  -9.704676  -9.92177   -9.020682
  -9.865568  -9.289802  -9.168176  -9.583978  -9.034602  -9.068996
  -9.173628  -8.880032  -9.819052  -8.918428  -9.642036  -9.084134
  -9.334984  -9.196828  -9.404526  -9.178674  -9.31944   -9.222696
  -9.154314  -9.09353   -9.539898  -9.3612    -9.268632  -9.979828
  -9.48416   -9.409746  -9.1292    -8.458952  -9.114004 -10.561104
  -9.337014  -8.390802  -7.815152  -9.109016  -9.928672  -9.64163
  -8.777372  -8.959782  -9.611296  -9.236442  -9.076652  -9.568434
  -9.436078  -8.864894  -9.516292  -9.015868  -8.661546  -9.04771
  -9.43602   -9.100316  -8.798484  -9.36062   -9.160868  -9.622316
  -8.989362  -9.359866  -9.89857   -8.64287   -9.178442  -8.78903
  -9.815456  -9.451912  -9.053916  -9.028048  -9.183024  -9.635946
  -8.991566  -9.289164  -8.986868  -9.464904  -9.414676  -8.774182
  -9.334984  -8.853758  -9.534214  -8.982518  -9.245374  -9.067604
  -9.239516  -9.171598  -9.151762  -9.25506   -9.102056  -8.90039
  -9.214692  -9.093356  -9.385386  -7.745204  -9.611934  -8.937278
  -9.278086  -8.824758  -9.056352  -9.223682  -9.21997   -8.8189
  -9.414154  -9.019464  -9.228902  -9.14312   -9.380514  -9.453826
  -9.08889   -9.539724  -9.197524  -9.560198]"
949,"[ -9.242416  -6.821786  -9.61756   -8.680396  -8.279384  -6.344214
  -8.197256  -8.868026  -8.506222  -9.40615  -10.576358  -6.306166
  -7.014404  -8.27225   -5.487786]"
950,[-7.023104 -6.50789 ]
951,"[-10.414422  -9.922814  -8.79686   -7.48287   -7.90859   -8.990348
  -8.639912  -8.73567   -7.15227   -7.996866  -8.311284]"
952,"[ -7.160274  -7.77026   -8.22556   -9.0306    -6.814594  -9.021668
  -9.323848  -9.298676  -8.95549   -8.687936  -9.023988  -9.18024
  -8.496826  -9.246128  -9.791908  -9.810062  -9.669528  -9.74748
  -9.888594 -10.305904  -9.717378 -10.352072  -9.226872  -8.775806
  -8.87081   -9.218172  -9.800782  -8.88328   -9.629102  -9.81766
  -9.536824  -8.890182  -9.892364  -8.91837   -9.657058  -8.332338
  -8.174056  -7.91062   -8.944992  -7.773218  -7.941244  -7.765388
  -8.867446 -10.115026  -7.29118   -8.184264  -7.837598  -7.825244
  -8.097206  -8.335644  -7.876864  -7.360896  -6.490432  -7.21143
  -9.102114  -6.554522  -8.830616  -7.175876  -8.616132  -8.796976
  -8.860254  -8.866344  -9.700674  -8.867678  -9.122646  -9.774392
 -10.49394   -9.83013   -8.141286  -9.02103   -9.744464  -9.636178
  -8.473104  -8.115534  -9.692496  -9.354994  -9.717088  -8.013454
  -7.49331   -7.38688 ]"
953,"[ -5.141642  -7.911838  -9.249956  -7.732792  -7.034182  -6.941846
  -8.511906  -9.369146  -8.590032  -9.031122  -9.844862  -9.515364
  -8.703364  -9.444662  -8.820756  -9.538158  -8.997946  -9.169684
  -6.804212  -8.32764   -9.171134  -7.221464  -9.549758  -9.605554
 -10.607098 -10.338384 -10.147448 -10.001926 -10.124886 -10.412334
 -10.6053   -10.49568  -10.124016 -10.502756 -10.057548  -9.724222
 -10.487212 -10.06097   -9.040982  -8.274628 -10.258982 -10.64184
  -9.160462  -9.302214  -9.200714  -9.29798   -9.182386  -8.791698
  -7.990486  -8.557958  -7.94658   -9.56304   -8.79686   -8.954098
 -10.322666 -10.810504 -11.340276 -11.441254 -11.811758 -11.47965
 -11.326298 -10.625078 -11.722496 -11.756832 -11.228742 -10.61168
 -11.19922  -10.789392 -12.288402 -10.06967   -7.31786   -7.34425
  -7.95093  -10.543008  -8.811998 -10.17987   -9.160694  -8.96651
  -9.57638   -9.55898   -8.60343   -9.668368  -8.878118  -9.33191
  -9.1785    -9.480854  -9.440718 -10.166646  -9.740868  -9.60161
 -10.324754  -9.28725   -9.31828   -9.352558  -9.68571   -9.809888
  -7.337696]"
954,"[-10.20452   -9.924554  -9.896656 -10.502582 -10.679946 -11.016462
 -10.410072  -9.83129   -9.600044  -9.645226 -10.007088  -9.870266
  -8.54282   -7.340248]"
955,"[-8.294    -8.785376 -8.815884 -9.061224 -8.726332 -9.604278 -9.21939
 -9.022944 -8.513124 -8.693504 -8.836126 -9.087324 -8.994582 -8.583594
 -8.2186   -8.311806 -9.249144 -7.900934 -8.534352 -8.448106 -8.616712
 -8.510746 -8.672682 -8.672798 -8.834734 -8.125452 -8.769426 -7.83348
 -9.20576  -8.428096 -9.429292 -8.660212 -9.248622 -8.972194 -9.11557
 -9.247056 -9.311436 -8.903406 -9.030136 -9.584558 -9.036632 -8.566078
 -8.937452 -8.82296  -8.912744 -9.234702 -9.019348 -9.277738 -8.14639
 -9.248158 -8.478904 -8.31894  -9.041968 -7.902674 -9.076652 -8.19337
 -8.716472 -8.810954 -8.720358 -8.402982 -9.251754 -9.118702 -9.151762
 -8.944876 -9.226524 -9.176122 -8.760204 -9.030484 -9.107218 -9.198916
 -9.21707  -8.40884  -9.211212 -9.098692 -9.106406 -8.750518 -8.609578
 -8.862516 -8.903348 -8.791814 -9.310972 -9.230642 -8.836126 -9.15124
 -8.992436 -9.033036 -9.318106 -8.490098 -9.365608 -8.20874  -8.955258
 -8.341096 -9.066792 -8.386162 -8.159498 -8.43552  -8.562598 -8.137284
 -8.669028 -9.30349  -9.004036 -8.562598 -8.681556 -8.30328  -8.124582
 -8.982692 -8.222428 -9.270082 -8.275208 -7.43589  -7.789922 -8.36534
 -7.977146 -7.82797  -7.904298 -8.996496 -7.729834 -8.117796 -9.539666
 -8.169938 -9.275766 -9.923336 -8.696868 -8.92591  -9.424652 -9.097706
 -9.435614 -7.416054 -8.890472 -8.598036 -9.152516 -7.128084 -8.176202
 -8.039844 -8.162688 -8.19946  -7.9692   -5.43576  -6.34288  -9.333302
 -9.3264   -9.434802 -9.546278 -8.475714 -8.149754 -8.676278 -9.0045
 -9.099098 -8.636084 -8.637418 -7.128606 -7.486524 -7.190202]"
956,"[ -7.229178  -9.629276  -7.311538  -8.6913    -8.404432 -10.554434
  -9.839294  -9.064414  -9.69354  -10.043802 -10.67113   -9.012852
  -7.071418  -8.344518  -9.957092  -7.651128  -6.811868  -7.112424
  -9.36555   -9.83883   -9.575278  -9.544538  -8.895808  -8.347534
  -9.503706  -9.759022  -9.039532 -10.435882  -8.274512  -8.925388
  -9.251522  -8.655746  -8.866112  -8.37781   -8.281182  -8.202998
  -9.85217   -9.999664  -9.9238    -9.835408  -9.452492  -9.35946
  -9.33017   -9.940794  -8.264768  -9.492744  -9.463976  -9.001252
  -8.570602  -8.76438   -9.093704  -8.526696  -6.849684  -9.171424
  -7.527124  -9.157968  -7.966822  -9.988934  -9.490888  -9.77503
  -9.54941   -8.588698  -8.947602  -8.50222   -9.304824  -9.583108
  -9.660074  -6.32925   -7.080176 -10.839794 -10.77756  -11.116338
  -8.894416  -9.704328 -10.070192 -10.259968 -10.054474  -9.783904
  -9.841266  -7.657334  -8.837634  -8.478614  -9.1263   -10.655122
 -10.448294 -10.443016  -8.63707  -10.115722 -10.250514 -10.426254
  -9.852576  -9.686406  -9.86203   -9.761922  -7.879184  -7.8155
  -8.008408  -8.70609   -9.26666   -7.50636   -7.976218  -6.90258 ]"
957,"[ -7.730356  -7.285206  -6.185294  -7.248202  -7.851344  -9.05351
  -9.325298  -8.567238  -9.304186  -8.805618 -10.645726  -8.670826
  -8.864488  -9.71239  -10.27064   -9.912374 -10.246222  -9.086106
 -10.136138  -8.399792  -9.430046  -8.491606  -7.192174  -7.907082
  -9.325646  -7.711564  -9.555442  -8.888616  -8.844014  -6.737164
  -5.475026]"
958,[-10.865198  -9.20431  -10.23816   -7.768114  -7.098968]
959,"[ -9.547322 -10.957534  -9.402148 -10.394006  -9.953496 -11.31493
 -10.033246 -10.82077  -11.45877  -10.86224  -11.327516 -11.105376
 -11.371074 -10.061782 -10.16276  -10.64677  -10.29761  -10.154176
 -10.212582 -11.172076 -10.031564 -10.262288 -11.343582 -10.055054
  -9.660132  -9.303258  -8.127192  -8.482036  -9.660538  -9.521222
  -8.478614  -9.00247  -10.552172  -9.067198  -9.760124  -9.771666
  -8.624948  -9.005254  -9.540884  -9.536766 -10.313618  -9.656362
  -9.358242  -9.63496   -9.057164  -8.541776  -9.14022   -9.47662
  -7.576772  -9.27449   -9.460032  -9.517452  -9.568202  -8.924634
  -9.116208 -10.864734  -9.746146  -8.966684  -8.045644  -8.268944
  -8.931304  -8.081894  -9.53926   -9.764068  -9.667092  -8.599602
  -9.368914  -9.523252 -10.208928  -9.040692 -10.168444  -9.626376
  -9.760182  -9.486074  -9.475808  -9.744986 -10.066132 -10.597412
  -9.15617   -9.680316  -9.567854  -9.32901  -10.242452  -9.992356
  -9.703052  -9.79997   -9.348556  -7.913926  -8.125568  -8.016296
  -7.710172  -7.65629   -7.74126   -7.188346 -10.157192  -8.396428
  -6.900608  -9.469254  -8.6768   -10.564526 -11.053698 -11.163608
  -8.157932  -7.34628   -6.903972 -11.164362 -11.174164 -10.409724
  -8.75974   -9.477432  -9.364448  -9.347802  -9.553586  -9.926468
  -8.595658  -9.984178  -9.637744  -9.208022 -10.004536  -9.761748
  -6.999614  -7.24014   -5.545322  -7.512682  -8.503902  -6.73119
  -5.630292  -7.20998   -8.628776 -10.486632 -10.601762 -10.27035
 -10.680236 -10.295406 -10.566614  -9.142076  -8.84007   -9.547612
  -9.02335   -8.53499  -10.660516  -9.396348 -10.029476  -8.345272
 -10.51308  -10.063174  -9.678982  -9.066734  -9.46096   -9.830188
  -8.403388  -8.636432  -6.288012  -8.781954  -9.890682  -9.626608
  -8.211698  -7.882606  -8.269872  -8.352696  -8.208624  -7.775596
  -8.624774  -8.898708  -8.425892  -8.38419   -8.83514   -8.866924
  -8.808402  -8.689444  -7.474054  -8.204274  -8.189832  -8.203114
  -8.625992  -8.229736  -8.55732   -7.894322  -8.371198  -7.795316
  -8.798716  -9.643834  -9.033558  -8.562772  -7.445344  -9.04974
  -9.743072  -8.985534  -9.399828  -9.367058  -9.860116 -10.033594
  -9.795388 -10.215076  -9.882214 -10.32023  -10.38954  -10.695316
  -9.68136  -10.46523   -9.707286  -7.787776  -8.923938 -10.063406
 -10.069554 -10.153828 -10.268552 -10.211654  -9.655956  -9.940678
 -10.969424 -10.34633   -9.797244 -10.317678  -9.438108 -10.106268
  -7.72009   -7.477534  -9.935226  -9.201294  -9.322282 -10.764568
  -9.571972 -10.205332  -9.673414  -9.487176  -8.894822 -10.621424
  -9.470588  -9.454638  -9.557008  -8.282168 -10.717936 -10.990594
 -11.102708 -10.450962 -10.780808 -11.078406 -10.377244 -10.29007
 -10.681686 -10.39534  -10.983054 -10.7967    -9.869454  -8.93316
  -9.615008  -7.41037   -8.475714  -7.437862  -8.77105   -8.04344
  -6.754854  -6.907742  -6.104674  -5.39458 ]"
960,"[ -8.772384  -9.910866  -9.736518  -9.320252  -9.077232  -8.980894
  -9.089528  -9.550686  -8.93693   -9.781178  -9.09585   -8.814956
  -9.09179   -9.367232  -9.393158  -9.456726  -9.637338 -10.206492
 -10.331076  -8.92069   -7.419012  -8.357916  -6.977864]"
961,"[ -8.359308  -8.487488  -8.27312   -8.293652  -8.655166  -8.075456
  -8.282226  -8.135486  -8.581332  -8.195516  -8.225734  -8.54369
  -8.625586  -8.030506  -8.239712  -8.661836  -9.150718  -8.391846
  -8.472176  -8.361396  -7.567376  -8.641478  -9.70485   -9.486306
  -8.797672  -8.256068  -8.511964  -8.453906  -8.211988  -8.32184
  -8.25195   -8.80266   -8.273062  -8.375896  -8.636374  -8.847378
  -8.378622  -8.619264  -8.352232  -8.469392  -8.151726  -8.184206
  -8.679932  -7.901804  -8.747618  -8.566078  -8.540558  -8.18061
  -8.982982  -7.477592  -8.362092  -8.043498  -9.349658  -9.631422
  -8.32271   -8.70812   -8.422586  -8.430764  -9.051016  -7.44662
  -6.358946  -8.46133   -7.910678  -8.92446   -9.941084  -9.544596
  -9.364854  -9.192246  -9.898628  -9.353834  -8.679642 -10.370168
  -9.074564  -9.878212  -9.69296   -8.61532   -9.51519   -9.011982
  -8.878118  -8.787696  -9.172642  -9.37715   -9.416474  -8.876204
  -9.537984  -8.864952  -9.869106  -9.968808  -9.990848  -9.125082
  -8.678366 -10.077442  -9.12978   -9.219332  -9.086976  -9.044868
  -9.196132  -9.293572  -9.232904  -9.25999   -9.086048  -9.464556
  -9.006066  -9.279362  -9.368682  -9.473662  -8.828064  -9.09411
  -8.780968  -9.141264  -9.555906  -9.505156  -9.365144  -9.556196
  -9.756006  -9.005486  -9.725846  -8.726912  -9.573538  -8.924866
  -9.199844  -9.279014  -9.055192  -9.118064 -10.039394  -9.061456
  -9.181458  -9.09469   -9.040924  -8.952648  -9.373612  -9.516524
  -9.349194  -9.264282  -8.811012  -9.329764  -9.58247   -8.918022
  -9.231976  -8.795526  -9.466238  -9.059948  -9.05467   -9.608338
  -9.156924  -9.908256  -8.407332  -9.459858  -8.65679  -10.366688
  -9.23795   -6.97305 ]"
962,"[-12.01905  -13.037936 -13.26721  -12.520576 -11.890522 -10.009698
 -12.682396 -12.398602 -11.803928 -10.152436  -9.273794  -7.03163
  -8.179682  -9.916492 -10.16479  -10.415814 -11.246026  -8.549664
  -7.245708  -7.30162   -8.67738  -10.195182 -11.358082 -11.137508
 -10.226966 -10.633024  -8.77424   -7.699964  -8.448338 -10.044904
 -10.340936  -9.70949  -10.865198 -10.719096 -10.665098  -9.105942
  -8.344228  -7.59394   -7.636222]"
963,"[ -7.597304  -6.634968  -9.658508  -9.55985   -9.62423   -8.94505
  -9.500226  -8.719198 -10.061202 -10.63314   -8.129396  -9.229598
 -10.388728  -8.812346  -9.84753  -10.496376 -10.47973  -10.89443
 -10.63894  -10.466158 -10.328234 -10.872796 -11.050276 -10.565512
 -10.895996 -11.160012 -11.044592  -9.624752 -10.540688 -10.62647
 -10.630704  -9.779496 -10.297262  -9.927106 -10.371096 -10.679192
  -9.927454  -9.2945   -10.27992  -10.150812 -10.80395  -10.484022
 -10.76857  -10.461054 -10.613478 -10.469116 -10.021066 -10.081618
  -9.513218  -9.954424 -10.484312  -8.583536  -7.079828]"
964,[-7.801696 -8.77685  -8.085316 -6.944224]
965,"[-10.702392  -9.415256  -9.438862 -10.179696 -10.886078  -9.869106
  -9.826128 -10.84281  -10.684702 -10.549098 -10.319708  -9.7063
  -9.640296  -9.890972 -10.207478 -10.292332  -9.98441  -10.410768
 -10.409724 -10.633604  -9.914404  -9.917536 -10.114736 -10.04821
  -9.974492 -10.31327  -10.4458    -8.886586 -10.136486 -10.454326
 -10.485762 -10.27354  -10.199996 -10.228068 -10.188106 -10.328756
  -9.9035    -8.868142  -9.460612  -9.869106 -10.334846 -10.333048
  -8.748952  -9.600914  -9.282378  -8.756202  -9.005428  -9.889406
  -9.536012  -9.550802 -10.690966 -10.049022  -9.376106  -9.62626
 -10.24686  -10.528392 -10.026344 -10.326204 -10.22279   -9.249086
  -9.74023  -10.290766  -9.412704 -10.061028 -10.242684 -10.500494
 -10.48814  -10.100816  -9.513624  -9.29276   -9.177108  -9.805654
  -9.792778 -10.470682 -10.005638  -8.920922  -9.216374  -9.633684
  -8.939714  -9.49083   -9.311842  -9.693656 -10.025184 -10.129932
 -10.191818  -8.621062  -9.776944 -10.253182  -9.160056  -8.41377
  -8.712644  -8.25137   -8.103354  -8.732828  -8.553782  -8.463244
  -8.28501   -7.93643   -8.446598  -8.826266  -7.903718  -8.83282
  -8.382972  -7.909286  -8.874232  -8.873362  -8.325842  -9.035356
  -9.321354  -9.329938  -8.750054  -8.858746  -8.572632  -8.071628
  -8.11188   -8.286808  -8.643508  -8.384422  -8.596992  -8.864488
  -9.456958  -9.174672  -8.582608  -8.711194  -8.615842  -8.499146
  -9.251058  -8.20526   -8.42363   -8.180668  -8.087288  -8.468058
  -8.15509   -8.82731   -7.555892  -6.477498  -7.454392  -7.751236
  -6.591584  -7.439138  -7.043578  -7.385546  -9.69209   -9.65062
  -9.721612 -10.193558  -9.765112 -11.325022 -10.211712  -9.32379
  -9.779786 -10.88718  -11.486436  -9.8571   -10.017528  -8.108748
 -10.066016 -10.608258  -9.597492  -9.223624 -10.389482  -8.694084
 -10.299466 -10.167284 -10.347896  -9.946652 -10.116302  -9.571508
  -9.908894  -9.034718 -10.46581   -9.668484  -9.679272  -9.598014
  -9.524296  -9.780308 -10.576532 -10.608838 -10.331946  -9.106696
  -9.721148 -10.170764  -9.781468 -10.21496   -9.21127   -9.909706
  -9.931862  -8.96825  -10.50119   -8.593918 -10.685282  -9.711752
  -9.335042  -8.627152  -9.526558 -10.146172  -9.083322  -8.477338
  -8.5985   -10.495274  -9.62945   -9.564258  -9.606134 -10.343836
 -10.15058   -9.268284 -10.36431   -9.362476  -9.284176  -9.593954
  -9.259294 -10.089042 -10.071468 -10.199416  -9.433178  -9.594128
  -9.981858  -8.690894 -10.459488  -9.711346 -10.047514 -10.922444
  -9.931978 -10.181958  -9.868816  -9.259642  -8.819886  -9.397972
  -9.9847   -10.669216 -11.013214  -9.5816   -11.332098  -9.481318
  -9.97426   -9.85014  -10.35242  -11.047376 -10.055576 -10.650598
 -10.887006 -10.965712 -10.590568 -11.148644 -10.635808 -11.085018
 -10.76451  -10.41332  -10.220528 -10.591844 -10.201968 -10.816884
 -10.665562 -10.275222  -9.2191    -9.703168  -8.997192  -9.18633
  -9.630668  -8.917964  -9.148224  -9.930818 -10.517372 -11.74529
 -10.119666  -9.99137  -10.315126  -8.985882  -9.627014 -10.442494
  -9.383066  -9.960398 -10.031158 -10.3008    -9.52447  -10.252602
  -9.347918 -10.069612 -10.18915   -9.984758  -8.872376  -9.373612
  -9.23824  -10.246396  -9.297922  -7.492962 -10.19843   -9.149732
  -9.23418   -9.56101   -8.006088  -8.302758  -9.54709   -9.530792
  -9.460496  -9.78866   -9.06221   -7.850474  -8.492186  -9.682346
  -9.272692  -9.602944  -8.608128  -8.88415   -8.268886  -9.210226
 -10.172794  -7.215026  -5.5622    -5.98067   -8.739498  -9.265558
 -11.155488 -10.057606  -9.815862 -10.610404  -9.556544 -10.166066
  -8.421252  -8.35113   -8.219354  -9.672254  -8.02546   -9.418388
  -8.365282  -9.72834   -9.6019    -9.835234  -9.242764 -10.379738
  -8.99667   -9.933312  -9.879894  -9.13239   -8.980662  -9.609324
  -8.928868  -9.511884  -9.232382  -9.583108  -9.51548   -9.461366
  -9.941142  -9.393216  -9.622316 -10.476482 -10.0427    -9.878154
  -9.212488  -9.262368  -9.79214   -9.340378  -9.263876  -9.701138
  -9.001832  -9.304186  -9.149964  -9.704734  -9.824968  -9.549004
  -9.533054 -10.21989  -10.17465  -10.359554  -9.557124  -9.412298
  -9.724396  -9.1118    -9.607236  -9.5236    -9.427378  -9.715406
  -9.591808  -9.8774    -9.506548  -9.522904  -9.83883  -10.840316
 -10.473814 -10.841534 -10.437448  -9.491352 -10.232534  -9.160404
  -8.84297   -9.504982  -9.934008  -9.562286 -10.074484  -9.272518
  -9.698238  -9.461714 -10.172272  -9.583224  -9.92206  -10.036494
 -10.267914  -8.303106  -8.450542 -10.42695 ]"
966,[-7.539536 -8.262448 -8.022096 -8.05011  -7.642544 -7.290658]
967,"[ -9.646502 -10.238566 -10.476482 -10.26426  -10.41825   -9.661002
  -9.586646  -8.016122  -8.468928 -10.06329  -10.004536  -8.38274
  -6.755376  -8.285996  -8.804168  -8.797266  -8.657196  -8.56515
  -8.656094  -9.285916  -7.997678  -8.675698  -8.35751   -8.33257
  -8.610216  -9.129896  -8.689038  -7.551426 -10.6227   -10.36837
 -11.163492 -10.803776 -10.42202   -9.612456 -11.22996  -11.381108
 -11.053118 -10.23932  -10.594106 -10.25121   -9.785818  -9.80809
 -10.83237  -10.677858  -9.539666 -11.603596 -11.476924 -10.034406
 -10.122914  -8.27196   -8.020356  -7.595854  -8.047152  -7.752164
  -7.197974  -6.545416  -8.25253 ]"
968,"[-10.939496 -10.410884 -10.698506  -9.973042 -10.802152  -9.594244
  -9.934762  -9.87624   -8.95288   -9.846486 -10.010394 -10.423412
  -9.15762   -9.338058  -9.862784 -10.588596 -11.020754  -9.674806
  -9.278144  -9.526442  -8.372184  -9.160868  -8.684862  -8.778764
  -6.91621   -6.147826  -6.64419  -10.004014 -10.018572  -9.444198
 -10.365064 -11.773594  -9.449418  -8.54717   -8.947312 -11.150674
  -9.1118    -8.475018  -6.847074  -7.36774  -10.235492 -10.29442
  -9.271242  -9.10687   -8.191282  -7.675662  -9.316714  -6.828224
  -5.67066   -8.852134  -9.873514  -9.90698   -8.421658  -7.54174
  -8.185076  -8.826382  -9.230758  -9.15965   -9.598652  -9.60364
  -8.898592  -8.757304  -7.817936  -8.350086  -7.259338  -7.955744
  -8.826788  -8.699362  -8.010844  -8.801442  -8.6043    -8.491606
  -8.521476  -9.198684  -9.24433   -9.046144  -9.712216  -9.057918
  -8.60604   -8.590264  -9.411602  -9.227626 -11.661074 -10.77669
 -10.044614 -11.182632 -12.230286 -10.720894 -10.866068  -9.867192
  -9.664482  -9.069286  -7.649968  -7.269546  -8.384074 -11.065588
 -10.374228 -10.504612 -10.67838  -11.281    -10.886948 -10.25063
 -11.36713  -10.647466 -12.030476  -9.789414  -9.237254 -10.213394
 -10.055112 -10.225574 -10.06909  -10.259968 -10.378056  -9.314858
  -8.223878  -5.16142 ]"
969,"[-8.958854 -8.620018 -9.337246 -9.498544 -9.078682 -9.129374 -8.026156
 -7.409616]"
970,"[ -9.718886 -10.052328  -9.798056  -9.713144 -10.1297    -9.534504
  -9.767606  -9.408412  -9.617734  -9.48329  -10.140778 -10.216584
  -8.814492  -9.229424  -9.510434  -9.14225   -9.075492  -8.960652
  -9.104898  -8.426936  -9.504924  -9.682404  -9.81331   -9.713202
  -9.65178   -9.161622  -9.674168 -10.041656  -9.53955   -9.681476
 -10.564352  -9.761342  -9.948276  -9.337884  -9.26057   -8.950676
  -9.13355   -9.29972  -10.038756  -9.690234  -9.79098   -9.628928
  -9.738838  -9.782396 -10.068046  -9.935342 -10.139038 -10.056214
  -9.19938   -9.847298  -9.76227   -9.768186  -9.868468  -8.539978
  -8.63185   -8.330888  -8.436158 -10.074658  -9.914694 -10.16421
 -10.37939   -9.379644 -10.346794  -9.765808  -9.987426 -10.452296
 -10.270002 -10.114214  -9.045448  -9.760472  -9.975942  -9.838192
  -9.584558 -10.015034  -9.498428 -10.352884 -10.206376 -10.019616
  -9.369668  -9.581136  -9.486538  -9.812788 -10.024372  -8.927534
  -9.227452 -10.40607   -8.538412  -9.573886  -6.767208  -5.466152]"
971,"[ -9.382312  -9.24897   -9.48561   -9.318396  -9.427494  -9.16893
  -9.450172  -9.741854  -9.467746  -9.290382  -9.468384  -9.690292
  -9.392578  -9.493846  -9.158316  -9.460496  -9.682868  -9.558516
  -9.690176  -9.237428  -9.4598    -9.091384  -9.585892  -9.618198
  -9.618778  -9.044462  -9.493846  -9.084482  -9.42558   -9.332954
  -9.513508  -9.407484  -9.059716  -9.537172  -9.60712   -8.339414
  -8.577446  -9.690176  -9.72399   -9.317874  -9.589604  -9.55405
  -9.02683   -9.256452  -9.324428  -9.452434  -9.397044  -9.334404
  -8.97637   -9.16255   -9.050494  -9.515886  -9.257844  -9.362824
  -9.376628  -9.344032  -9.601204  -9.362534  -9.609788  -9.325704
  -9.23447   -9.11992   -9.342176  -9.53491   -9.156692  -8.959956
  -9.49808   -9.434976 -10.167806  -9.484508  -9.186852  -9.27942
  -8.82151   -9.355168  -9.502894  -9.418388  -9.603234  -9.403598
  -9.376976  -9.527486  -9.11934   -9.496166  -9.415314  -9.441472
  -9.347976  -9.355226  -9.430974  -9.27275   -9.483638  -9.563098
  -9.772304  -9.602132  -9.349658  -9.045274  -9.576322  -9.103216
  -9.200192  -9.439558  -9.687334  -9.062732  -9.5845    -9.385386
  -8.852946  -9.242938  -9.51171   -9.16139   -8.928288  -9.008386
  -9.429118  -9.629856  -9.261092  -9.373148  -9.559966  -9.554398
  -9.32176   -9.453594  -9.503068  -9.122298  -9.219274  -9.783498
  -9.675386  -9.267414  -9.055134  -9.21997   -9.30523   -9.521512
  -9.488452  -9.415488  -9.265442  -9.523078  -8.952648  -9.421636
  -9.462004  -9.628406  -9.422738  -9.402728  -8.98971   -9.612108
  -9.527602  -9.308594  -9.421752  -9.291832  -9.620402  -9.385212
  -9.00827   -8.863328  -9.540652  -9.295718  -9.532764  -9.68078
  -9.288178  -9.379528  -9.187838  -9.21533   -9.238762  -9.513682
  -9.183024  -8.87284   -9.159766  -8.882004  -8.998236  -9.436484
  -9.510782  -9.568724  -8.642116  -9.466586  -9.221188  -9.241372
  -9.503764  -8.85776   -9.712216  -9.061862  -9.399712  -9.326168
  -9.508926  -9.90756   -9.229366  -9.416822  -9.062906  -8.894764
  -9.121544  -9.719234  -9.465832  -9.370538  -9.48155   -9.215156
  -9.50591   -9.34757   -9.008444  -9.265094  -9.073056  -9.115744
  -9.566868  -9.592562  -9.509738  -9.544016  -9.50649   -9.393158
  -8.706554  -9.05438   -9.16139   -9.572378  -9.298734  -9.548656
  -9.490772  -8.94534   -9.721206  -9.695628  -9.421868  -9.374598
  -9.451912  -9.46908   -8.825454  -8.68115   -8.89024   -8.654354
  -9.109016  -8.933624  -9.130824  -8.7986    -9.285974  -9.416068
  -9.388982  -9.063312  -9.352964  -8.680744  -8.958912  -9.14138
  -9.430858  -9.778858  -9.091732  -9.51026   -9.349716  -9.547438
  -9.619474  -9.550918  -9.49721   -9.21997   -9.512986  -9.263992
  -9.533982  -9.651084  -9.606134  -8.901318  -9.10049   -9.242706
  -9.397392  -9.589256  -9.068822  -9.33481   -9.507824  -9.356038
  -9.444836  -9.459162  -9.38063   -9.147006  -9.161506  -9.40151
  -9.340436  -9.380862  -9.461482  -9.43805   -9.285916  -9.300242
  -9.5207    -8.843318  -9.223392  -9.508404  -9.223218  -9.198104
  -9.538448  -9.679272  -9.46589   -9.297284  -9.67237   -9.583398
  -9.644182  -9.664424  -9.404352  -9.22809   -9.333824  -9.130766
  -9.072766  -9.344322  -9.561996  -9.683506  -9.205412  -9.243634
  -9.205818  -9.481318  -9.55144   -9.042432  -8.99667   -9.168988
  -9.628928  -9.234296  -9.261556  -9.501502  -9.258714  -9.601494
  -9.177166  -9.554746  -9.220086  -9.737098  -9.513044  -9.427262
  -8.355016  -8.833632  -9.0016    -9.635482  -9.444778  -9.470182
  -9.440776  -8.802544  -9.556196  -9.277042  -9.643486  -9.056468
  -9.262832  -8.863212  -9.552484  -9.382254  -9.039358  -8.761944
  -9.337362  -9.553934  -9.275012  -9.422854  -9.557066  -9.69673
  -9.845732 -10.570674 -10.153886  -9.808264 -10.15145   -9.29914
  -9.25912   -9.606018  -9.279014  -9.103158  -9.675328  -9.762618
  -9.498254  -9.740868  -8.668506  -9.34177   -9.08512   -8.946268
  -9.499588  -9.182618  -9.353544  -9.187896  -9.328372  -9.075028
  -9.505446  -9.707518  -9.319962  -9.709722  -9.689886  -9.686174
  -9.773696  -9.408296  -9.38672   -9.311436  -9.603524  -9.365782
  -9.653114  -9.09527   -9.21272   -9.456668  -9.297052  -9.483232
  -9.398204  -9.46183   -9.870324  -9.483     -9.299024  -9.577076
  -9.157272  -9.172816  -9.38179   -9.498892  -9.427958  -9.176586
  -9.268806  -9.297806  -9.498834  -9.506142  -9.596158  -9.571276
  -9.73066   -9.355574  -9.19358   -8.727202  -9.002586  -8.901724
  -9.264456  -9.652244  -9.270024  -9.385444]"
972,"[ -9.919508  -8.666186  -8.354842  -8.574024  -6.619598  -6.350014
  -8.346432  -8.600936  -7.013012  -5.948422  -6.728174  -9.282204
  -7.556414 -10.023386 -10.213336  -9.749394  -9.646038  -9.731066
  -7.55769   -9.173454  -8.07766   -9.304302  -9.982612 -10.851626
  -8.325204  -8.687298  -7.426436  -7.442444  -8.085316  -9.99978
  -9.665816 -11.133738  -9.700384  -5.834858]"
973,"[ -9.417924  -9.971708  -9.889232  -9.764184  -9.794228  -8.491432
  -8.316736 -10.009756  -8.961406 -10.031738  -8.872782  -7.898498
  -6.818016  -9.063486 -10.358568  -8.434998  -8.859326  -9.039474
  -8.64316   -7.860682  -9.056352 -10.623396  -9.87247   -9.936038
  -7.9808   -10.466448 -11.201772 -12.161556 -10.98056  -11.273634
 -11.766634  -9.572088  -8.713282  -9.664946  -8.619554  -7.424986
  -6.659908  -5.438776]"
974,"[ -9.039474  -9.486074  -8.837054 -10.019384  -9.75589   -9.711926
  -9.46386   -9.629972  -9.927686  -9.878212  -9.70398   -9.358764
  -9.513914  -9.63554   -8.944934  -9.563098  -9.69151   -9.858028
  -9.80838   -9.179022  -9.687508  -8.93084   -7.563896 -10.173432
  -9.892596  -9.380224  -9.728688  -9.0799    -7.240024  -8.282574
  -7.536578  -8.780272  -8.934552  -8.824004  -9.325704  -9.23737
  -8.537484  -8.796048  -9.028802  -9.82752  -10.064856  -9.29885
  -9.542218  -9.393796  -9.769984  -8.258678 -10.336006  -9.843354
  -8.289766  -9.486828 -10.3414    -9.775668  -9.346874  -8.971208
  -9.252972 -10.200112  -9.948392  -9.40557   -9.344032  -9.160636
  -9.524818  -8.889892  -9.15356   -9.25361   -9.427842  -8.959666
  -9.60741   -9.579628  -9.229598  -9.367464  -9.218404  -9.242126
  -9.590822 -10.232302  -9.419954  -9.975478 -10.000012  -9.90292
  -9.840396  -9.695976 -10.113054  -9.959122  -8.573908  -8.853642
  -9.126648  -9.865916  -9.575916 -10.000186  -9.30639   -9.74458
  -8.426414  -8.846044  -9.771086  -9.871716  -9.495586  -9.265906
  -9.613326  -9.46357   -9.638324  -8.601864  -9.695338  -9.643312
  -7.559836  -9.103854  -8.793032  -9.429698  -9.964864  -9.704386
 -10.25295   -8.288838  -8.915412  -8.10666  -10.427414  -7.836496]"
975,"[-10.51975   -9.258714  -9.004326  -9.165566  -9.621736  -9.637628
  -8.9407    -9.596796  -9.40064   -9.229714  -9.2858    -9.374308
  -9.059542  -8.277818  -9.748234  -9.00131   -9.430916  -9.34119
  -9.213938  -9.681244  -8.202882  -9.411312  -9.406034  -9.594534
 -10.166704  -9.028048  -8.489924  -8.59589   -9.189636  -9.645922
  -9.948102  -9.811222  -9.570696  -9.24549  -10.030984  -9.949146
 -10.28282   -8.878698  -9.17067   -9.234528  -9.499066  -8.874406
  -9.835176 -10.554782 -10.006218  -9.334346  -9.803392  -9.427204
 -10.003202  -9.087092  -7.093574  -7.57973  -10.193616  -7.924076
  -7.984048  -7.750714  -8.074644  -7.39181   -8.289302  -6.885818
  -9.200308  -6.79151   -6.951068 -10.089332  -9.287598  -9.461424
  -9.618372  -9.300648  -9.296704  -9.412646  -8.276368  -8.022154
 -10.734524  -9.125024  -7.021364  -9.458582  -8.537194  -8.445612
 -10.340994  -9.899324 -10.418308  -9.836162  -9.772536  -9.991776
  -9.071896  -9.331794  -9.914926  -7.615284  -7.830754  -7.85349
  -7.825186  -7.986368  -9.385502 -11.61305  -11.576742 -12.434504
 -11.570478 -10.710628 -10.023908  -8.98623   -9.495296  -8.913034
 -10.069438  -9.792894  -9.856636  -9.298502  -8.216396  -9.296762
 -10.259852 -10.48959  -10.179464  -9.596216  -6.733394  -5.434136]"
976,"[ -8.8015    -9.324544  -7.414256 -10.65808   -9.700384  -9.403714
 -10.497768  -9.771666  -9.9586   -11.325486 -11.955308 -12.146592
  -9.685942 -10.320636 -10.168734  -9.051364 -10.88805  -10.84803
 -10.42376  -10.067176  -6.60939   -5.207356]"
977,"[-10.325972 -11.199626 -10.09925  -11.604002  -9.09614  -11.122138
 -10.609244  -9.31857  -11.010894  -9.850314 -10.368544 -10.004072
 -10.78046  -10.996162 -11.26708  -11.096792 -10.87703  -10.202722
  -7.613196  -6.974152  -6.714428  -8.711136  -9.687102  -9.607642
  -8.41261   -8.355306  -5.881664]"
978,"[ -7.178428  -8.454486  -9.442168  -8.839838 -10.044034  -9.7469
  -9.030542 -10.382058  -9.097996  -8.374504  -9.415198  -8.903522
  -9.605728  -9.150486  -7.65281   -8.18496   -6.335224  -6.620352
  -8.470784  -7.063646  -5.625826]"
979,"[-8.732828 -7.745494 -8.832878 -9.92264  -7.450216 -9.451506 -9.664946
 -8.964886 -8.637766 -7.543828 -8.522694 -8.68753  -9.212604 -9.230178
 -8.722272 -9.316888 -9.511652 -8.589974 -9.570348 -8.096684 -8.084214
 -5.79971 ]"
980,"[ -9.01494  -10.683948 -10.1906   -10.905856 -10.353696  -9.63119
 -10.038814  -9.768708 -10.11955  -11.224624  -9.135464  -7.882548
  -8.195168  -8.010844  -8.898186  -7.489018  -8.984954  -6.706888
  -7.697006  -8.70174   -9.076768  -9.202744  -9.020044 -10.143852
  -9.753512  -9.269154 -10.48466   -7.718698  -8.604242  -8.524608
  -6.739832  -8.176898  -6.37768 ]"
981,"[-10.229228  -8.382508  -9.459568  -9.884998  -9.508462  -9.826592
  -8.826034  -9.860754 -10.058186  -9.446402  -9.003688 -10.716428
  -9.52389   -8.591598  -8.56486   -8.777662  -8.846682  -8.862806
  -9.143584  -8.285242  -8.251718  -8.770586  -8.66027   -9.127286
  -9.309464  -8.73016   -9.669354  -8.62141   -7.83174   -9.519308
  -8.10898   -9.228496  -6.825556]"
982,"[-10.247788  -9.799448  -9.621968  -9.635018  -9.895496  -9.624752
  -9.511362  -9.610832  -9.065052  -9.396754  -9.372452  -9.15327
  -9.577656  -9.859246  -9.529632  -9.807626  -9.758848  -9.96817
  -9.606714  -8.485516  -8.883628  -9.184764  -9.246012  -9.080132
  -9.454986 -10.06503   -9.963994  -9.603814  -9.028106  -9.125256
  -9.28957   -9.366304 -10.072222  -9.469486  -9.276636  -8.47931
  -8.571704  -9.531604  -9.439558 -10.031158  -9.153154  -9.35424
  -9.471806  -9.4279    -9.731182  -9.946478  -9.284234  -9.382196
  -9.309754  -9.566694  -9.502662 -10.083938  -9.729616  -9.614486
  -9.921016 -10.075064  -9.972056  -9.189694  -9.271358  -9.283654
  -9.365898  -9.810816  -9.837496  -9.648706  -9.54651   -9.431554
  -8.368472  -9.228264  -9.458988  -8.739962  -8.98739   -8.37636
  -9.069402  -6.795164  -8.688574  -9.346004  -6.777242  -6.221196
  -9.789588 -10.305092 -10.11897  -10.484834 -10.738062 -10.445858
  -9.918522 -10.572704  -9.956976 -10.763582 -10.649322 -10.273308
 -10.725882 -11.444038 -11.33987  -10.366282 -11.56027  -12.106224
 -11.686304 -11.872136 -11.445778 -11.682302 -12.16666  -11.784614
 -11.797664 -10.84658  -11.390156 -11.816166 -11.666874 -11.906356
 -10.8141   -10.983518 -11.450766 -11.546988 -10.995698 -11.702834
 -10.576126 -12.07995  -11.110538 -11.381224  -8.337268  -7.443778
  -9.075376  -9.511942  -9.976348  -9.068822  -9.18894   -9.486074
 -10.879002  -9.973738  -9.848168  -9.761922  -9.640934  -9.539782
 -10.115432  -9.166204  -8.393006  -8.92359   -9.04336   -6.70915
  -8.052836  -8.397878  -8.38941   -9.064472 -10.299292 -13.204454
 -10.306368  -9.364332  -6.774342]"
983,"[-10.124944 -10.014048  -9.93221   -9.351166  -9.029846  -9.656652
  -9.667556  -9.73095   -6.345896  -7.564708  -8.19975   -9.565882
  -9.934066  -8.973412  -8.255952  -8.47728   -8.716414  -7.99008 ]"
984,"[ -9.747074  -9.569362  -8.709512  -9.480912 -10.569224 -10.18973
  -9.385676 -10.206898 -10.285256 -11.713738 -10.238682 -10.230504
 -10.584478 -11.012402 -10.394586 -10.248136 -11.363708 -11.13455
 -11.109262 -10.544226 -10.585812 -11.306578 -11.358604 -11.428494
 -11.075564 -10.645958 -10.26484   -9.773232  -8.514806  -6.954838
  -6.993814  -8.995394  -8.195168  -9.423144  -7.684478  -7.372496]"
985,"[-11.048536 -11.257394 -10.101512 -10.153132 -10.221166 -10.57485
 -10.774718 -10.787014 -10.40984  -10.819784 -10.48321   -9.833552
 -10.198198 -10.67229  -10.477642 -10.504148 -10.700768  -9.960282
 -10.59254   -9.78895  -10.300568  -9.67121   -9.933022  -9.681302
  -8.878872 -10.269016  -6.651498  -6.333368  -9.051828  -9.254132
  -9.32553   -7.668064  -9.278434  -7.851112  -8.633474  -6.415844
  -6.690532  -9.386836  -9.301634  -9.754962 -10.162702 -10.02965
  -9.631944  -8.845812  -9.93743   -9.046318  -9.73733   -9.741622
  -9.402206  -8.95723   -9.203672  -9.000324  -9.166552 -10.091246
  -8.78468   -9.430916  -9.060644  -8.931478  -9.110756  -9.249492
  -8.741876  -9.340494  -9.963994  -8.205782  -9.213532 -10.374924
  -8.817102  -9.5091    -8.93809   -9.09208   -9.371756  -9.507824
  -9.184474  -7.930166  -7.776582  -7.810164  -9.675328  -9.273272
 -10.542892 -11.166624  -9.807452  -9.78228   -9.857216  -9.51664
  -9.036226  -9.33307   -9.186678  -8.959956  -8.85921   -9.24201
  -9.425116  -9.170032  -9.519656  -9.581136  -8.996728  -9.604046
  -8.517358  -8.698202 -10.177898  -9.656652 -10.039452  -9.037676
  -9.554746  -9.433874  -8.805212  -7.936662  -8.979386  -9.56188
  -8.108922 -10.493186  -7.89351   -9.130186  -9.057222  -8.967554
 -10.069206 -11.190056  -9.995256 -10.313792  -8.215352  -8.932116
 -10.166936  -8.882642  -9.156692  -9.374424  -8.58023   -9.631654
  -8.814492  -8.36766   -9.68542   -8.9204    -9.95599   -9.044462
  -9.586298  -9.2481    -9.257902  -9.853678  -9.170032  -9.293862
  -8.776212  -9.479984  -9.222464  -9.239864  -8.881308  -9.068706
  -9.317584  -9.616516  -8.90416   -9.288758 -10.256082  -9.453304
  -9.398146 -10.290302 -11.112336  -9.86145   -9.144744  -8.78758
  -8.517764  -9.540188  -9.405454  -9.207906 -10.680932 -10.10882
 -10.009292  -8.867156  -7.959804  -8.363774  -7.894322  -8.76003
 -10.46291   -8.52107   -7.866714  -7.34193   -7.355966  -7.881968]"
986,"[ -8.783114  -8.50773   -9.725266 -10.294014 -10.253936  -8.801732
  -8.536672  -7.769854  -8.18525   -6.178798  -6.242192  -7.378876
  -7.117064  -8.965292  -9.956628  -9.777524  -9.83709  -10.307064
  -9.878386 -10.688762 -10.483732 -11.278796  -9.230236  -7.21868
  -7.31728   -9.051306  -8.308674  -8.544154  -9.87334   -9.413922
  -9.484914  -8.695534  -8.559002  -8.74321   -8.433954  -7.78766
  -6.650164  -6.107516  -6.233492  -5.801508  -7.036502  -9.563156
 -10.779474  -9.731414  -9.041272  -8.115534  -7.851866  -8.933566
 -10.155916 -10.767062  -9.004094  -9.536186 -10.256778  -9.630204
 -10.184336  -9.905298  -9.742086 -10.770194  -9.638324  -7.543886
  -7.217172  -8.864662  -9.943404  -8.231882  -7.697354  -9.211212
  -7.731226 -10.966698 -10.402242 -10.554898 -10.258286 -10.694562
 -10.309036 -10.145592 -10.525144 -10.510992  -9.971302  -9.236152
 -10.301264  -8.382682 -11.093892  -8.772036  -8.979096 -10.487502
  -9.368102  -8.179044  -7.813354  -6.792844  -7.229758  -8.158164
 -10.064044 -10.087418  -9.497326  -8.670594  -8.704408  -8.534352
 -10.40114  -10.654832 -10.722634 -10.186018  -9.714014  -9.608628
 -10.10679  -10.936654  -9.724628 -10.543298  -7.848096  -5.081612]"
987,"[-8.751794 -9.48271  -8.302178 -8.24151  -9.59929  -8.304498 -9.960688
 -8.811998 -9.528124 -8.656732 -8.661894 -8.886412 -8.561554 -9.012098
 -8.149812 -8.88473  -8.711368 -8.893894 -8.803994 -8.699594 -8.388192
 -9.996068 -8.013686 -9.19764  -9.197814 -8.542588 -9.57116  -8.192964
 -9.27594  -9.835234 -8.637766 -7.612732 -9.134014 -9.391534 -8.195748
 -9.433874 -8.777198 -8.515154 -9.350006 -8.553898 -9.947348 -8.389004
 -9.201468 -8.212336 -8.69217  -8.658588 -8.909438 -8.936988 -8.900158
 -8.930608 -9.057164 -9.083612 -8.856194 -8.877132 -8.64171  -9.417402
 -8.498334 -9.60683  -8.869302 -8.789262 -9.618198 -8.871564 -9.07787
 -9.059948 -9.115048 -9.0857   -8.914426 -8.729174 -9.065632 -9.048232
 -9.358358 -8.756492 -8.623556 -9.287656 -9.983192 -8.915064 -8.664968
 -8.798948 -8.874232 -8.667926 -9.500864 -8.853932 -8.574894 -9.34641
 -9.970374 -8.927592 -9.161622 -9.542044 -8.784158 -9.247578 -9.242706
 -8.410754 -9.368566 -8.513182 -9.908778 -8.574662 -8.991914 -9.324892
 -8.154568 -9.063254 -9.358648 -8.693504 -8.73915  -8.593802 -7.837888]"
988,"[ -9.041388  -9.76372   -9.657928  -9.153502  -9.727354  -8.971556
 -10.160092  -8.903464 -10.58065  -10.164558  -9.145034  -9.97252
  -9.15327   -9.85623   -9.499298  -9.456088 -11.365912 -10.2457
  -7.48722   -8.495608  -5.983106  -6.892488  -8.032536  -9.907154
 -10.318026  -9.774798 -10.325218 -11.32856  -10.729884 -10.925518
 -10.075412 -10.530306 -10.655702 -10.734756 -11.61798  -11.701442
 -11.927294 -11.17805  -10.919196 -11.386444 -11.146962 -11.57912
 -10.68882  -10.052328 -10.256314 -10.825294 -11.76153  -11.558878
 -11.63596  -11.524136 -11.43441  -11.62842  -11.42165  -11.75515
 -11.547684 -10.74276  -11.668846 -11.292716 -11.872368 -11.369102
 -10.551186 -11.181646 -11.86535  -11.84563  -11.634858 -11.100388
 -10.374576 -10.613014 -10.318432  -8.70174   -9.355806  -9.755542
  -9.990558  -9.10629   -8.774298  -8.85457   -8.472176  -8.008872
  -8.111648  -8.315344  -8.632836  -7.318904  -7.226104  -7.779018
  -7.161898  -8.288838  -9.185286  -8.332048  -8.687472  -9.299488
  -9.187142  -9.475634 -10.064856 -11.014142 -11.725976  -9.41978
  -7.796302 -10.237812  -9.113482  -6.791684  -6.093944  -6.70045
  -7.64208   -7.55276   -8.754346 -10.591148 -10.034638 -10.410594
 -10.129874 -10.578388  -9.807046  -9.848516 -10.292622 -10.235898
 -10.25817  -10.365006 -10.977486  -9.354588  -7.104246  -6.547852
  -8.117796  -8.151958  -8.259664  -7.487162  -8.863618  -7.043752
  -9.29972  -10.361352  -8.959202  -9.045912  -9.718422  -9.89103
 -10.515342 -10.729768 -10.863284 -11.135652 -11.160592 -11.47472
 -11.505518 -11.36771  -10.646422  -9.601146 -11.471588 -10.576184
 -10.035566 -10.309094  -8.432272  -9.275186  -9.399306  -8.350376
 -10.078892 -10.47393   -9.934936 -10.7503    -9.08744  -11.17892
  -9.855128 -10.672464 -10.029418 -10.635982  -9.531604  -9.661002
  -9.805944  -8.471074  -8.811592  -8.909496 -10.079472  -9.288062
  -9.815804  -7.52347   -6.077414]"
989,"[ -9.102752  -8.95578   -9.849908  -9.922582  -8.46742   -9.729152
 -10.151508  -8.872144 -10.260548  -8.561264 -10.470914  -9.687914
  -9.648126  -9.951466  -9.914752 -10.352942  -9.269676  -8.133746
  -6.587756  -6.79644   -7.347672  -7.80825   -8.328336  -7.760226
  -7.42516   -8.402982  -8.478498  -7.7604    -8.63939   -8.186468
  -7.323544  -8.773776  -7.590112  -7.11254   -5.962632  -5.891698
  -5.677562  -6.261854  -7.501778  -8.883338 -10.405374  -8.831138
  -8.376128 -10.781272  -8.9755    -8.753766 -11.076666  -9.794634
 -10.54962  -10.558146 -10.601878 -10.772456  -9.330518 -10.247904
 -10.8431   -11.050856 -10.985316 -10.592482 -10.688182 -11.427972
 -11.146788 -11.120224 -11.212618 -10.927896 -10.315184 -11.141162
 -10.839562 -11.415096 -11.063674 -10.859688 -10.700478  -9.44965
 -11.08786  -10.52526  -10.184916 -11.16819  -10.497826 -10.704306
 -11.038502  -9.603582 -10.834806 -11.3042   -10.434374  -9.504112
 -11.441138 -10.376374 -10.134862 -11.24446  -10.836604 -10.61284
 -11.015592 -10.328698 -11.210066 -10.688356 -11.123008 -11.173874
 -11.38337  -10.641492  -9.837844 -10.913048  -9.992008 -10.123958
 -10.389656  -9.922872  -8.635736  -8.42421   -8.98333   -8.551752
  -9.008212  -8.855498  -8.82876   -8.950212  -9.23331   -8.836706
  -8.939076  -9.50243   -8.252994  -8.695708  -9.646734  -8.934204
  -8.944354  -9.306042  -8.6797    -8.819538  -9.188592  -8.381928
  -9.787152  -8.75046   -8.963726  -9.313872  -8.72407   -9.052524
  -9.597724  -8.7638    -8.598152 -10.07982  -10.61777  -10.714282
 -10.017586  -9.089644  -8.901028  -9.609208  -8.309834  -9.535258
  -8.678366  -8.565382  -9.84376   -8.244236  -9.448432  -8.176318
  -9.587864  -8.801906  -9.272576  -8.514458  -9.594128  -8.628196
  -9.157794  -8.812752  -8.678946  -8.942092 -10.36634   -9.497326
  -8.430242  -9.34554   -8.571124  -8.185308  -9.500226  -8.254154
  -8.729638  -9.270256  -8.386742  -9.515422  -8.842912  -9.414908
  -8.501814  -9.565766  -9.323326  -8.836822  -9.701602  -9.011402
  -8.652092  -9.84898   -8.047152  -9.147064  -9.601958  -8.693446
  -9.73095   -8.956128  -8.737352  -9.280696  -8.830326  -9.199206
  -9.168582  -8.671986  -9.072592  -8.463824  -9.602538  -8.408956
  -9.352906  -8.918776  -8.855962  -9.233078  -7.965488  -7.819618
  -9.168872  -8.47061   -9.362186  -8.333208  -8.79019   -8.836068
  -8.418236 -10.017528  -8.774356  -9.321412  -9.38527   -9.659378
  -8.954272  -8.8218    -8.715718  -8.087056  -7.639818  -8.920284
  -8.39724   -8.693736  -9.056294  -8.850278  -8.34881   -9.549758
  -8.472408  -9.612166  -8.76003   -8.978516  -9.188418  -8.537252
  -8.365862  -9.602596  -8.898244  -8.974398  -9.2162    -8.246382
  -9.474822  -9.081524  -8.900042  -8.816348  -9.52244   -8.570544
  -9.128098  -8.995452  -8.76177   -8.330366  -9.770042  -8.514864
  -6.704684  -7.113816  -8.337094  -7.46489   -9.762096  -9.186388
  -9.800434  -8.994698  -9.433816  -9.940736  -9.026076  -8.597862
  -8.777372  -8.850626  -9.006008  -9.173454  -8.766062  -9.45719
  -9.150312  -8.929622  -9.632524  -8.953576  -9.05902   -9.54651
  -8.788392  -9.137668  -8.688806  -9.580788  -8.756782  -9.88059
  -9.36149   -8.9726    -9.181168  -9.190448  -9.496746  -9.307666
  -8.76757   -9.932152  -9.671906 -11.135652  -9.858492 -10.370574
 -10.836198 -10.380666  -8.637592  -8.509702  -9.271938  -7.807844
  -7.71342   -6.685312  -6.798412  -7.456422 -11.277346 -10.223892
 -10.674552 -10.288678 -10.524274  -9.503474  -6.114186]"
990,"[-12.552476 -11.459872 -11.513986 -12.639128 -12.601196 -12.99171
 -12.541514 -12.585188 -12.268856 -12.785926 -12.428066 -12.616276
 -12.737554 -13.148194  -9.566172  -8.586204  -8.786072  -9.366826
  -8.891226  -9.388924 -11.377918 -12.35661  -11.216214 -11.808568
 -12.48914  -12.89775  -11.53736  -12.416988 -11.753526 -10.646886
 -10.434026 -11.552092 -11.788384 -11.476808 -12.631472 -12.470348
 -11.484464 -12.543428 -10.9214    -8.249108  -7.819212  -9.452724
  -7.052336  -7.450332  -7.304114  -8.255314  -7.55015 ]"
991,"[-10.973948  -8.960246  -6.3771    -7.921292  -8.843666  -7.519932
  -7.207428  -9.850546  -9.15037   -9.74632   -9.734256  -9.767838
 -10.180624  -9.584848  -7.607164  -7.910156  -7.784992  -8.124814
  -7.743058  -8.431924  -7.785108  -8.061536  -5.785036  -6.85792
  -7.027454  -8.339414  -7.420868  -8.805734  -8.888848  -8.497638
  -9.164232  -8.208856  -7.87495   -6.891676]"
992,"[ -9.84434   -9.23679   -8.017398  -9.759718  -9.15907   -9.503358
  -8.406752  -8.813854  -9.798578  -9.84985  -10.17813   -9.696904
  -8.90996   -9.5729    -6.532366  -5.845994  -9.071084 -10.035566
  -9.593838  -9.602422  -9.391186  -8.959144 -10.138342  -9.312596
  -8.770412 -10.17494   -9.9644   -10.34952  -10.589118 -10.237986
 -10.768338 -10.116766  -9.757108  -9.805016  -9.90814  -10.67983
 -10.52468  -10.39621  -10.382754 -10.814912 -10.197676  -9.926352
 -10.026982  -9.58653   -9.987658  -9.432076  -6.747372  -8.046746
  -9.099156 -10.25643   -8.473046  -7.400684  -9.369726  -9.77445
 -10.073614  -8.683412  -8.329206  -6.942136  -8.901492  -9.225248
  -9.118354  -8.33779   -7.888696  -6.10392   -5.965184  -8.996438
  -7.885448  -6.801254 -10.027446  -8.35983   -7.253248  -8.744138
  -9.052524  -9.284872 -10.055692  -9.752062  -9.544712  -9.802174
  -9.33394   -8.637998 -10.498754  -9.488974 -10.218208  -9.924322
 -10.7068   -10.044788 -10.131846  -8.805444  -9.985396  -9.535026
  -9.631596  -9.848284  -9.40035   -9.605786 -10.420222  -9.9557
  -9.50417   -9.379876  -9.279188  -9.2481    -9.401568 -10.835618
  -8.533598  -9.04626   -7.42632   -7.141598  -7.268676  -7.2877
  -5.899934  -6.387656  -6.194226  -7.061152  -9.113424  -7.902384
  -7.204876  -7.563316  -6.616466  -8.766642  -9.13674   -9.295138
  -8.97289   -9.650504 -10.20017   -8.945514  -8.577156  -9.084308
 -10.01834   -8.18409   -7.634308  -8.267726  -8.733176  -9.46444
  -9.788718  -7.115788  -9.724164  -9.577018  -9.851996  -9.300474
  -9.756296 -10.2312   -11.173932  -9.805712  -8.68115   -9.812208
  -9.343278 -10.698854 -11.205948 -10.915426 -11.506388 -10.967568
  -7.858188  -8.26007   -8.64635   -9.396696  -8.115534  -8.727956
 -10.202142  -7.814572  -7.920828  -5.799652  -7.242808  -6.72713
  -7.641964]"
993,"[-11.38482  -11.582832 -11.670644 -11.344452 -10.32255  -10.913048
 -11.38511  -11.620068 -12.013076 -11.55099  -11.119412 -11.68468
 -11.652026 -10.755056 -10.542718 -10.421092 -11.6406   -11.460916
 -10.020312 -11.560676 -11.177876 -11.988832 -11.784904 -10.941642
 -11.84969  -10.250514 -10.328176 -11.293296 -10.435012  -9.822532
  -7.469298]"
994,"[-5.472474 -9.151472 -9.181168 -6.398038 -6.414684 -8.796106 -8.847842
 -9.229308 -8.467014 -8.555522 -9.593548 -7.669108 -9.43109  -9.084888
 -9.62887  -9.775378 -9.529864 -9.54622  -9.54767  -8.843086 -9.261672
 -7.597826 -6.169054 -6.014542 -7.909402 -8.025344 -9.79069  -5.167568]"
995,"[ -9.123284  -7.73343   -7.446562  -8.551694  -8.116868  -9.67092
  -9.45313   -9.100316  -9.049798  -9.380514  -8.69217   -8.194704
  -8.353972  -9.19242   -9.570174  -8.853584  -7.161666  -7.679896
  -9.309174  -9.799216  -7.31699   -8.323116  -9.501444  -8.947544
  -8.849408  -9.639542  -8.683006  -9.082974  -9.632234  -8.824004
  -9.189636  -9.820444  -7.768984  -8.66868   -8.93316   -6.52848
  -6.509398  -8.904798  -9.748814 -10.087476  -9.162666  -8.293884
  -8.147318  -8.798426  -8.94998   -6.928216]"
996,[-5.449738]
997,"[ -8.904972 -11.444908  -9.51809   -9.769578  -8.789958  -9.549816
  -6.614494]"
998,"[ -8.792046  -9.425174  -8.715428  -9.524528  -9.433236  -9.797476
 -10.810388  -9.0828    -8.95723   -9.22171   -9.336202  -9.22403
  -9.372626 -10.056214 -10.024024  -9.290556  -9.887376  -5.015202]"
999,"[ -9.418562  -8.548968  -9.011634  -8.0736    -9.675154  -8.82238
  -8.76931   -9.257728  -9.044694  -9.5381    -9.285336 -10.014976
  -9.051886  -8.476584  -7.964154  -8.659052 -10.088404  -9.858666
  -9.456552  -8.724998  -9.17734   -8.937394  -9.269212  -8.265232
  -9.346932  -9.949494 -10.426196  -8.297074 -10.056852  -9.14776
  -9.337072  -9.248042 -10.518648  -9.888652 -10.03429   -9.175774
  -8.800746  -9.112728  -9.166262 -10.098264  -9.046666  -8.155554
  -6.08739 ]"
1000,"[ -9.499066  -9.11006   -7.58118   -7.037024  -9.216606 -11.498616
  -8.17017   -6.973688  -5.421724  -7.376382  -7.197858  -9.358532
  -8.065886  -9.29566   -8.610448  -9.602654  -8.917442  -8.77105
  -9.390084  -9.992878  -8.846334  -9.177804  -9.617618  -8.130962
  -7.777916  -9.118354  -9.754498  -7.871296  -7.076058  -8.052488
  -8.713804  -9.180762  -8.661836 -10.486632  -7.419302  -8.539224
  -8.962682  -6.423616  -8.002376  -8.309022  -9.644124  -9.663438
 -10.313212  -9.890044  -9.549468  -9.57812   -9.619996  -9.025032
  -9.506142  -9.53143   -9.399944  -8.871622  -9.088832  -9.308304
  -8.646756  -9.165914  -9.594476  -7.89177   -9.905414  -8.537426
  -6.974964]"
1001,"[-10.469638  -8.954678  -9.43428  -10.347954  -8.79889  -10.071526
  -9.242706 -10.12332  -10.50351  -10.024778 -10.383276 -10.09084
  -7.177442  -7.841832  -7.064574  -7.567492  -8.441726  -7.352892
  -6.737512  -7.607396  -8.167444  -8.022328]"
1002,"[-10.156264 -10.180798  -9.37831   -8.768266  -7.814862 -10.31878
 -10.196806  -9.823228  -8.83717   -9.20518   -8.866576  -8.051444
  -8.340806  -8.701102  -9.762386  -9.530792  -9.34206   -8.614972
  -9.222116  -8.65447   -9.796316  -7.782208  -8.851264  -8.644552
  -8.82528   -9.668252  -9.694584 -10.409376 -11.25258   -7.9054
  -8.783056  -9.238588  -6.85415   -8.352464  -7.59771   -7.806916
  -7.387054  -7.718582  -9.03727   -9.070562  -7.561228  -7.003906
  -7.443836  -9.607004 -10.01312   -9.114526  -8.425892  -7.965894
  -7.104942  -6.38928   -9.04104  -10.030404  -8.116578 -10.225342
  -8.47264 ]"
1003,[-8.350724 -5.780512]
1004,"[-8.87864  -9.82375  -8.825976 -8.878408 -8.752896 -9.114236 -7.25522
 -7.396682 -9.0132   -9.459858 -9.473372 -9.344786 -9.106406 -9.191608
 -9.439732 -9.996474 -9.802    -9.108552 -9.95483  -9.780308 -9.411486
 -9.550918 -9.521744 -8.83282  -9.3293   -9.358184 -9.260628 -9.495122
 -9.058382 -9.33249  -9.179138 -9.581078 -8.649656 -9.069634 -9.625216
 -9.239342 -9.363404 -9.408238 -8.750228 -9.152052 -9.201294 -9.2191
 -8.737584 -9.618082 -9.03292  -9.616052 -8.917964 -9.17183  -9.263644
 -9.523832 -8.815768 -9.57783  -8.42189  -8.457038 -8.23426  -8.829572
 -7.406252 -5.029064]"
1005,"[-10.680526 -10.359148  -9.955642  -7.375512  -8.020878  -6.533932
  -5.637252  -5.954396  -7.442502 -11.194232  -6.641464  -6.688154
  -6.7715    -6.682412  -9.178152  -6.744356  -6.99741   -9.84521
 -10.468536  -8.017166  -5.775814]"
1006,"[-8.626166 -8.06548  -8.145114 -8.188788 -8.851264 -8.254908 -8.042396
 -8.053184 -8.639738 -8.628022 -8.201954 -8.674016 -5.763286]"
1007,"[-12.781982 -12.426036 -12.650322 -12.699796 -12.704958 -12.733668
 -12.610534 -12.535946 -12.929592 -12.657224 -12.906566 -12.498942
 -12.8093   -12.821364 -13.05116  -12.57266  -12.868576 -11.861638
 -12.94937  -12.935566 -12.42186  -12.912656 -12.33312  -12.764872
 -12.942584 -12.937538 -12.326044 -12.572544 -12.7513   -12.613666
 -11.958556 -13.112988 -13.07871  -12.833834 -12.80785  -12.865792
 -12.815738 -12.237304 -12.183538 -12.561118 -12.743644 -12.847812
 -12.840852 -12.668592 -12.744166 -12.804602 -12.839112 -12.94212
 -13.025756 -12.451266 -12.959578 -12.936146 -13.157126 -12.617552
 -12.392976 -12.585536 -12.20494  -12.851988 -12.982952 -12.486414
 -12.988578 -12.841664 -12.451382 -12.719922 -12.763074 -12.583854
 -12.954938 -13.218896 -12.34675  -11.798592 -12.428124 -13.087932
 -13.034166 -12.927852 -12.748748 -13.008182 -12.46478  -12.842128
 -13.004006 -12.981966 -12.78378  -12.330916 -12.724794 -12.899084
 -13.077086 -12.924604 -13.041068 -12.76725  -12.65966  -12.885628
 -12.772412 -12.982024 -12.400516 -12.612158 -12.648756 -12.629036
 -12.189396 -12.265782 -11.948638 -12.627992 -12.769686 -12.566048
 -12.60746  -12.721662 -12.74724  -12.91022  -12.3975   -12.6643
 -12.497376 -12.65473  -11.849342 -12.74115  -13.093036 -12.934058
 -12.815564 -12.85889  -12.422382 -12.97054  -12.774674 -12.864516
 -12.836792 -12.593018 -12.576546 -12.451962 -11.96134  -12.203664
 -12.611984 -12.747356 -12.972454 -12.522374 -12.54366  -12.98301
 -11.578598 -12.232142 -12.817188 -12.576082 -12.991826 -12.813012
 -12.679322 -12.840794 -12.650844 -12.681816 -12.619872 -13.032774
 -12.678568 -11.900034 -12.714296 -12.56048  -12.867822 -12.573646
 -12.868402 -12.753504 -12.538614 -11.11048  -12.4294   -12.60398
 -12.273322 -12.626136 -12.791262 -12.771484 -12.704726 -12.79335
 -12.477018 -12.5918   -12.492446 -12.95517  -12.392918 -12.718124
 -12.170372 -12.790798 -13.34812  -13.037588 -12.974252 -12.904072
 -12.837894 -12.522084 -12.903318 -12.610998 -12.611694 -12.402778
 -12.586522 -13.02129  -12.302148 -12.743006 -12.680656 -13.052088
 -12.883134 -12.49929  -12.55236  -12.69417  -12.875594 -12.750778
 -12.716384 -12.730536 -12.952154 -12.560538 -12.801064 -12.49233
 -12.440768 -12.927098 -12.225646 -12.871186 -12.524404 -11.523034
 -11.421708 -12.94328  -12.85599  -12.407128 -12.980284 -12.438448
 -12.795148 -12.607692 -13.048202 -12.121478 -11.158794 -11.660088
 -11.521758 -12.677814 -12.623178 -11.927932 -12.59412  -11.960122
 -12.58919  -12.861906 -12.679206 -12.8992   -12.31746  -12.579736
 -13.034514 -12.220658 -12.851698 -12.621496 -10.480948  -9.114816
 -10.087824  -8.241394  -9.014186  -8.755216 -10.317852  -9.520178
  -9.233948 -10.472654  -9.53085   -9.246244  -8.971382  -8.743964
  -8.415104  -9.838946  -8.008756  -5.898774  -5.016884]"
1008,"[ -8.59067   -8.335586  -8.201084  -7.55914   -7.657276  -6.932276
  -7.689524  -8.287214  -7.58031   -7.481014  -7.669456  -7.834814
  -7.046594  -8.19482   -7.564534  -7.594694  -7.881562  -7.143976
  -7.955222  -8.548736  -8.818958  -6.175956  -5.63267   -5.895932
  -6.622092  -6.619888  -6.506788  -7.243852  -8.018268  -5.83161
  -6.563744  -8.009104  -8.704002  -6.780142  -7.34976   -9.236268
 -10.474336 -10.575546 -10.146114 -10.101106  -9.738722 -10.333454
 -10.17958   -9.551382 -10.62647  -10.61835   -9.433874 -11.580976
 -10.339022 -10.740904 -10.483268  -9.819632 -10.663764 -10.85441
 -10.71985  -11.058802  -9.997402 -10.043512 -10.435244  -8.589974
  -9.512     -9.721148 -10.21148   -8.694606  -9.203846  -9.165972
  -9.453768  -8.826962  -8.236638  -9.31306   -9.182096  -9.573132
  -9.371582  -9.107334  -8.609636  -8.705742  -8.38158   -8.54398
  -8.319404  -7.805582  -7.908184  -8.012236  -7.29147   -6.795628
  -7.225698  -9.097416  -8.78468   -8.044252  -8.534874 -10.248542
  -8.786594  -9.971824  -8.758812  -7.972042  -6.1074    -5.093154]"
1009,"[-10.10447   -9.055192 -10.375852  -9.971418  -9.651722  -9.791618
 -10.475032  -9.54448   -8.404374  -7.838004  -6.900956  -7.581006
  -8.084736 -10.093044  -9.990036 -10.79148  -10.381884 -10.928592
 -11.027772 -10.372604 -10.428168 -10.009524 -10.079588 -10.027852
 -10.14565  -10.56644  -10.006856  -9.615182 -10.09113  -10.55252
 -10.848378 -10.905276 -10.409318 -11.0171   -10.955446 -10.407636
 -10.24802  -11.316148 -10.868562 -10.68331  -11.473966  -9.640296
 -10.272148  -9.689886 -10.18335   -8.732886  -9.627768  -9.847646
  -9.936328  -9.1959    -9.312364  -9.466122  -9.48387   -9.41775
 -10.66272   -9.957556  -9.186504 -10.066944 -10.294304  -9.267994
  -9.534562  -9.978726 -10.365644  -9.912142  -9.242358  -9.975246
  -9.604568  -9.381326  -8.49729  -10.274758  -9.431728  -9.528008
  -9.731182  -8.990522  -9.73095   -9.067662 -10.419236  -9.645284
 -10.171054 -10.284908  -9.123806  -9.558516  -9.888304  -9.203208
 -10.91009  -10.759522 -10.092     -9.970954  -9.47836  -10.380898
  -9.615182  -9.760182  -9.584094 -10.883062  -9.549874 -10.30631
 -10.095306  -9.918812  -9.70253   -8.508426  -9.882736  -8.611666
  -9.685942  -9.258946  -9.084888  -8.631154 -10.344184 -10.341342
 -10.238334  -9.263934  -9.496804  -9.874906  -9.8397    -9.678692
 -10.135848 -10.652396 -10.036436 -10.129874  -9.373496  -9.57348
 -10.452238  -9.213996  -9.456436 -10.069206  -9.825084  -9.981046
  -9.382544  -8.859326  -7.938344  -8.849466  -9.573828  -9.586182
  -9.991486  -9.385734  -9.85855   -9.019812  -8.919704  -9.36468
  -9.13036  -10.282124  -9.35859   -8.115418  -8.509064  -9.28812
  -9.784078  -9.957034 -10.546082 -10.146346 -10.097974 -10.32429
 -10.977834  -9.739012  -8.99493  -10.962696  -9.129722  -7.95673
  -9.277854  -8.404432  -8.588756  -9.075782  -8.07012   -9.573074
  -9.107102  -8.816406  -8.915586  -8.240176  -8.470204  -6.714486
  -8.32735   -9.008386  -8.01879   -8.38767   -9.152574  -9.507012
 -10.095944  -9.616748  -9.520932  -9.798694 -10.808822 -10.635344
  -9.980292 -10.21757   -9.905588 -10.229228  -9.663554 -10.824424
 -10.010104 -10.573516 -10.271684 -10.775124  -9.017144  -9.722482
  -7.378992  -7.90859   -9.958368  -9.806408  -9.530212  -8.578026
  -8.781084  -7.990138  -6.659618  -8.444742  -8.586262  -9.631306
 -10.406998  -9.73211   -9.161042 -10.728434 -10.578098 -10.236536
 -11.347816 -10.081792  -9.527892  -9.991486 -10.280326  -9.967474
  -7.757616  -6.54675 ]"
1010,"[-10.00297   -9.865452 -10.082256  -9.27565  -11.100156 -11.00202
 -10.223892 -10.546546 -10.33415   -9.69499  -10.450208  -9.226292
  -9.543494  -9.71558   -8.622222  -9.435266  -9.24056   -9.375526
  -8.56022   -9.476272  -9.48271   -9.58972   -9.312306  -8.76554
 -10.536222 -10.552752  -9.745624  -9.709548 -10.816942  -9.40615
 -10.521548 -10.749952  -9.217766  -9.027932  -9.168698  -9.82723
  -9.71442  -10.383044  -9.73501   -8.051502  -9.345308 -10.24135
  -9.975942  -9.620692  -6.954374  -7.539942  -7.964618  -6.97682
  -6.92201  -10.273192 -10.609012 -11.021566 -11.219868 -11.196842
 -11.937792 -11.109146 -10.664286 -10.614812 -10.148608 -10.698216
 -11.63567  -11.358546  -8.835488  -8.725172 -11.08119  -10.246338
  -9.134362 -11.03102  -10.330206 -11.282566 -11.016868 -11.085134
 -10.602574 -10.269132 -10.777154 -10.49394  -10.970004  -8.823598
  -9.243808 -10.490924  -8.507614  -7.885448  -7.249942  -7.519874
  -8.03387   -7.58234   -7.864336  -7.846008  -8.131252  -9.174266
  -9.199728  -8.488764  -9.247578  -9.738722  -9.051828  -9.747074
  -9.557704  -9.102288  -9.33684   -9.200598 -10.320752  -9.99572
  -9.329416  -9.609904 -10.2747   -11.853402  -8.979734  -9.779844
 -10.25324  -10.447946  -9.439326  -9.199438  -9.671674  -8.954272
  -9.912084  -9.117542  -9.756064  -9.135058  -9.35482   -8.359134
  -9.503184  -8.941976  -9.557472  -7.634424  -7.221174 -11.040184
 -10.111082 -11.22996   -8.418642  -7.598638  -6.922996  -7.215258
  -7.22883   -7.702574  -7.298198  -5.495036  -6.172824  -7.030818
  -7.231092 -10.857484 -10.774718 -10.397892 -10.072802 -10.364948
 -11.122138 -11.520424 -11.178456 -11.39381  -10.784404 -11.201424
 -10.672    -11.233672 -11.09627  -11.16094  -11.23779  -11.420664
 -10.966408 -10.833008 -11.976014 -11.97758  -11.956468 -11.738272
 -11.196552 -11.238428 -10.980038 -10.46291  -10.26571   -9.77039
  -8.545952  -9.062616  -9.65091   -9.141322  -8.621932  -9.481666
  -8.588756  -9.15791   -7.890088  -9.657522  -6.103514  -6.677888
  -6.4119    -7.3022    -8.73799   -7.7807    -8.642348  -8.918834
  -9.809772  -8.407564  -7.32801   -8.85921   -9.255002  -9.174324
  -8.256416  -8.437434  -8.550012  -9.038314  -9.010938  -8.470842
  -8.505178  -8.673726  -9.230468  -8.679178  -9.062152  -9.074216
  -8.951662  -8.89343   -8.370154  -8.946036  -8.793612  -9.342756
  -8.361744  -8.02952   -8.564918  -9.208776  -9.026192  -8.97144
  -9.421984  -9.321818  -8.462374  -8.353914  -9.09121   -9.230352
  -8.53412   -9.083264  -9.68165   -9.13094   -9.71181   -8.13595
 -10.606054  -7.367856]"
1011,"[ -9.415198  -9.112612  -9.226118 -10.007726  -9.359634  -9.921132
  -9.538796  -9.46908   -8.674364  -8.57211   -8.487372  -8.213496
  -8.379782  -8.288722  -8.290694  -8.536498  -8.69594   -8.47409
  -9.046086 -10.619104  -9.831928 -10.00326  -10.562786  -9.90379
 -10.38084  -11.228916 -10.376316  -8.484472  -8.387264  -9.866554
 -10.657616 -10.932594 -10.91676  -11.14905  -11.126256  -9.902804
  -7.469936]"
1012,"[ -9.178616  -8.360642  -9.175136  -8.393122  -8.326654  -5.366972
  -5.649432  -6.81993   -6.67551   -8.72175  -10.427298  -8.949052
  -8.477918  -7.641094  -8.217614  -8.911236  -9.330866  -9.374598
  -8.392948  -8.842506  -7.893046  -6.532076  -9.451564  -8.872956
  -8.838562  -9.01726   -8.789436  -8.822496  -8.949284  -9.539724
  -8.31865   -8.794424  -8.64374   -7.659828  -7.720844  -9.196654
  -9.420476  -7.777568  -7.918624  -7.221406  -6.617104  -7.652056
  -7.943738  -8.92649   -8.273062  -8.79599   -8.78323   -8.206072
  -9.896366 -10.010336  -9.514204  -9.68716   -9.780714  -9.541812
  -8.71073   -9.438398 -10.087592  -9.790168  -9.854374  -9.76314
  -9.36932   -9.698238  -9.585718  -8.081604  -8.101904  -9.325762
  -9.498312  -9.427784  -9.776422  -9.684202  -9.676546  -9.508752
  -9.092022  -9.114468  -9.265094  -8.722156  -8.79222   -9.747074
 -10.431938  -9.609672  -8.504772  -8.982228  -8.90503   -8.972078
  -8.760378  -9.754556  -7.931442  -7.24942   -6.180944  -6.707004
  -7.800362  -9.355632  -8.609462  -8.06722   -9.120674  -8.291274
  -7.383632  -8.98652   -8.550302  -7.358982  -7.784064  -8.179566
  -7.515292  -7.675952  -8.520084  -8.806546  -8.896736  -7.547192
  -8.765656  -8.643624  -8.68115   -8.18815   -7.47272   -9.300474
  -8.553028  -9.49895   -8.761306  -9.011808  -8.813622  -9.3061
  -9.845674  -9.995778  -9.662568  -9.361374  -9.9093    -9.898628
  -9.350992  -9.901702  -9.83941   -9.761516  -9.958368  -7.138408
  -9.81099   -5.073318]"
1013,"[-11.014664  -8.698144  -7.434846  -6.495594  -8.899404  -9.037386
  -9.041504  -8.156134  -8.274222  -9.015752  -9.024626 -10.494694
 -11.031426 -11.294688  -9.966488  -9.89712  -10.127902  -9.879604
 -11.022204 -10.547822 -10.581868 -10.886716 -10.665736  -9.624752
 -10.550084  -9.737794 -11.106478  -8.503786 -10.475264  -9.414328
  -9.0567    -9.861566 -10.158758 -10.567716 -10.610868 -10.640448
 -10.212118 -10.25034   -9.66251  -10.919544 -10.549388 -10.5299
 -10.93851   -8.613     -6.669362  -8.005276 -10.151218  -9.516002
  -9.667092  -8.660792  -9.178616  -9.263296  -9.083206  -9.052524
 -11.902296  -9.065458  -9.475286  -9.122762  -9.973738 -10.116824
  -9.914288  -9.139118  -9.143352  -9.818588 -10.369066 -10.092638
 -10.177956  -9.557182  -9.105884  -8.736598  -7.285032  -9.920958
  -6.459518  -7.873094  -8.846102  -8.75626   -7.401496  -9.635308
  -9.45139   -9.388924  -9.79939   -9.864002  -9.67324   -9.903094
 -10.175462  -9.650794  -8.214772  -8.744312  -9.265906  -9.569884
 -10.156438 -10.026692  -8.872144  -8.733234  -9.39629   -9.2829
 -10.222036 -10.27209   -9.328604  -9.103158  -9.923626  -9.457074
  -9.6918    -9.878966  -9.867134  -9.76981   -9.373496 -10.021646
  -9.337536  -8.038568  -7.773682  -9.284756  -9.068242  -5.178936]"
1014,[-6.915688]
1015,[-9.429814 -9.269096 -9.75792  -5.268662]
1016,"[-9.502198 -8.678308 -8.192442 -6.069874 -6.130368 -8.02575  -8.561786
 -6.116332 -7.71574  -5.744088 -7.250174]"
1017,"[ -9.636526  -9.374888  -9.119514 -10.006972  -9.767954  -9.982902
  -9.643544  -9.735648 -10.087882 -10.044266  -9.55753   -9.793474
  -9.829724  -9.774508  -9.237892  -9.575858  -9.274258  -9.380978
 -10.104354  -9.617038  -9.003514  -9.612514  -9.962312  -9.84782
  -9.769346  -8.827368  -9.502198 -10.328756  -9.830652  -8.187164
  -9.89219  -10.123378  -9.725092  -9.0219    -9.870672  -9.879836
  -9.659958  -9.589546 -10.008306  -9.687972 -10.005     -9.997982
  -9.813484  -9.816094 -10.010684 -10.00007   -9.0364   -10.388786
  -9.868758  -9.664192  -9.866148  -9.5381    -9.8136   -10.292796
 -10.380202  -9.159998 -10.347722  -9.280696  -9.269734 -10.01602
  -9.463338  -8.978226  -9.32002   -9.84521   -9.388866  -9.09295
  -9.154604  -9.413864 -10.198024 -10.079588  -9.87798   -9.937894
  -9.071722  -9.867946  -9.63148   -9.374308  -9.879372  -9.96295
 -10.05024   -9.57203   -9.630262  -9.059716  -9.611296  -9.472676
  -9.464208  -9.919682  -9.313002  -9.914404  -9.97136   -9.464208
  -9.735764 -10.13028   -9.952104  -9.494658  -9.771724  -9.577946
  -9.737504  -9.508868  -9.644414 -10.168792 -10.13492   -9.995024
 -10.025706  -9.739302  -9.985802  -9.248912  -8.198126  -9.325994
  -9.426276  -9.255292  -7.922626  -8.417076  -9.778104  -8.805618
  -8.883744  -9.257438  -9.300706  -9.408702 -10.406244 -10.337688
 -10.033246 -10.796352  -7.96195   -7.03743   -9.563504  -9.035066
 -10.030404  -8.872434 -10.3153    -9.40122   -7.576946  -7.612558
  -8.142272  -8.969584  -8.78642   -9.812034 -10.665852 -10.534192
 -10.232302 -10.552636 -10.722634  -9.919392 -10.167052 -10.228532
  -8.463012  -6.644132  -8.235304  -6.57836   -5.263616  -5.640674
  -6.249152  -9.119282  -8.123364  -9.34525   -9.075202  -8.686312
  -9.614776  -9.125024  -9.082104  -9.045564  -8.756434  -9.52824
  -9.019     -9.211096  -8.814724  -9.12079   -8.823714  -8.897374
  -9.38672   -9.324718  -8.680164  -8.958854  -7.527298  -8.219006
  -7.62352   -7.948842  -7.827332  -9.076362  -9.351282  -9.167132
  -8.679178  -8.872376  -9.188476  -9.252102  -8.792858  -9.220318
  -9.115512  -9.399654  -9.004036  -9.43283   -8.924286  -8.721576
 -10.268842  -9.711752  -7.558328  -6.86836   -5.65384   -5.290354
  -7.69051   -8.567876  -7.279696  -7.733778  -7.57132   -8.354494
  -8.241046  -9.003282  -7.258642  -6.09493 ]"
1018,"[ -8.343996  -8.936524 -10.559538 -11.385284 -11.381978  -9.413864
  -6.343576  -5.66573   -6.480398  -6.64912   -5.34296   -5.934502
  -8.132238  -7.800768  -9.362998  -8.459764  -9.749974  -9.86812
  -9.430278  -9.479404  -9.118354  -7.813064  -7.67804   -8.86095
  -9.4453   -10.31675  -10.12274   -8.765308  -9.60103   -9.570928
 -10.420628  -9.084888  -9.090804  -8.497     -9.602654  -9.378658
  -9.464382  -9.285568 -10.185264  -9.836336  -9.57406   -9.520642
  -8.706322  -8.630748  -8.32764   -7.347266  -6.97392   -6.396356
  -9.532996  -9.31857  -10.873434 -10.41854  -11.876254  -8.930202
  -8.403098  -7.752744  -7.649388  -9.312016  -9.431264  -8.383494
  -8.263318  -9.113656  -9.611586  -8.83572   -9.997982  -8.396544
  -9.812788  -7.741492  -9.418388  -7.681636  -9.026192  -9.567042
 -10.2979   -10.999004  -9.499066 -10.557508  -9.320426  -9.274896
  -9.436078  -9.325762  -9.42471   -9.414502  -9.563214  -9.331388
  -9.565592  -9.485552  -9.33307   -9.372046  -9.364274  -9.407368
  -9.35018   -8.534004  -8.75307   -9.270894  -9.082394  -9.327734
  -9.3902    -9.369726  -8.773312  -9.417576  -9.727644  -9.359518
  -9.562402  -9.555384  -8.59096   -9.241894  -9.367464  -9.370712
  -9.404584  -9.249376  -9.091616  -9.10281   -9.09266   -9.401974
  -9.404758  -9.50272   -9.227278  -9.53926   -9.173918  -9.503706
  -9.602132  -9.49373   -9.584326  -9.415952  -9.516408  -9.22403
  -9.157446  -9.064066  -9.503532  -9.613906  -9.388576  -9.45748
  -9.23244   -9.252276  -8.848422  -9.403946  -9.223972  -9.349774
  -8.929912  -9.507012  -9.096314  -9.710418  -9.383704  -9.490076
  -8.973876  -9.293456  -9.39484   -9.523194  -9.678228  -9.863886
  -9.48822   -9.572204  -9.403714  -8.88212   -9.207848  -9.393506
  -9.38701   -9.283074  -9.36932   -9.209298  -8.28936   -9.416706
  -9.077     -8.760842  -9.172932  -8.9755    -9.357488  -9.029846
  -9.434512  -9.447446  -9.3438    -9.382312  -9.258308  -9.399422
  -9.599116  -9.51925   -9.177224  -9.49953   -9.312364  -9.39687
  -9.5062    -9.47285   -9.128562  -9.419722  -9.098982  -9.183836
  -9.656362  -9.711114  -9.965676  -9.573364  -9.424478  -9.49199
  -9.48184   -9.602016  -8.959492  -9.651258  -9.168292  -9.16284
  -9.352268  -9.5526    -9.560836  -9.239806  -9.077116  -9.110176
  -9.416184  -9.406382  -9.308246  -9.801362  -9.528124  -9.50301
  -9.234528  -9.449708  -9.444894  -9.426044  -9.42616   -9.477606
  -9.367174  -9.272286  -9.258598  -9.280754  -9.29334   -9.423376
  -9.207674  -8.877422  -9.354762  -9.285104  -9.170438  -9.29334
  -9.46502   -9.351746  -9.311146  -9.223276  -9.442052  -9.485088
  -9.435788  -9.594186  -9.623824  -9.36178   -9.421694  -9.29218
  -9.506722  -9.47517   -9.35772   -9.352152  -9.539434  -9.454116
  -9.33017   -9.145266  -9.231976  -9.412182  -8.922546  -9.06569
  -9.179022  -9.487002  -9.387996  -8.924866  -9.326516  -9.33945
  -9.424478  -9.518728  -9.338406  -9.709838  -9.593316  -9.750844
  -9.577134  -9.10861   -9.274896  -9.239284  -9.20547   -9.555964
  -9.104608  -9.375004  -9.228786  -9.42297   -9.190332  -9.385038
  -9.366594  -9.498602  -9.487234  -9.240908  -9.434744  -9.447214
  -9.45864   -9.341306  -8.980082  -8.838504  -8.817566  -9.101824
  -9.64859   -9.160578  -9.84695   -9.82665   -9.373728  -9.578932
  -9.464846  -9.190448  -9.338058  -9.71413   -9.42703   -9.050668
  -9.15646   -9.371176  -9.317642  -9.444604  -9.136624  -8.960826
  -9.027932  -9.13326   -9.579338  -9.256104  -9.380572  -9.517394
  -9.783556  -9.280406  -9.11122   -9.928788  -9.457016  -9.515422
  -9.306332  -9.354878  -9.390664  -9.589778  -9.097996  -9.407832
  -9.347048  -9.446634  -9.724396  -9.41398   -9.53897   -9.083728
  -8.979966  -9.379006  -9.2626    -9.571682  -9.476794  -9.106754
  -9.317294  -9.476562  -9.489206  -9.279246  -9.47053   -9.432308
  -9.283944  -9.529806  -9.390026  -9.26347   -9.501676  -8.876726
  -9.5758    -9.704096  -9.496514  -9.389098  -8.90909   -9.40644
  -9.575046  -9.167654  -9.263992  -9.57638   -9.456262  -9.82404
  -9.454058  -9.365492  -9.917478  -9.440312  -8.895924  -9.253726
  -9.045854  -9.505272  -9.112148  -9.480158  -9.199786  -9.446808
  -9.491468  -8.479774  -9.07323   -9.359634  -9.463744  -9.319208
  -8.482442  -8.979386  -9.379644  -9.140452  -9.219042  -9.435788
  -9.400872  -9.404352  -9.421288  -9.19329   -9.277506  -9.699688
  -9.342466  -9.518612  -9.29015   -8.851728  -9.1321    -9.384922
  -9.378078  -9.406962  -8.84935   -9.162028]"
1019,"[-10.34256  -10.282994  -9.723468  -9.021088  -9.485378 -10.31008
  -9.276636  -9.884708 -10.62067  -10.481644  -9.551614  -9.35743
  -9.191318  -9.377498  -7.207138]"
1020,"[-10.325856 -10.18538  -10.079182 -10.323768 -10.664054 -10.745022
 -10.497536 -10.65779  -10.248136 -10.595962 -10.479614 -10.614986
 -10.510992 -10.32545  -10.68708  -10.255096 -10.205912 -10.625484
 -10.63459  -10.503394 -10.57978  -10.222616 -10.86311  -10.481876
 -10.142866 -10.913164 -10.32313  -10.709352 -11.05857  -10.909104
 -10.322608 -10.403692 -10.516444 -10.253704 -10.825352 -10.722228
  -9.37889  -10.50438   -9.903906 -10.604546  -9.515422 -10.135906
 -10.17204   -9.960108 -10.678902 -11.162216 -10.41071  -11.039256
 -11.045404 -10.179     -9.972346 -10.469348 -10.547126 -10.833762
 -10.777154 -10.48379   -9.701196  -7.448882  -8.064958 -10.269828
  -8.241742  -7.906908  -7.750366  -8.308384 -10.216294  -9.057802
  -6.154902  -5.637252]"
1021,"[-10.091188  -9.209878  -8.991508  -9.379354  -8.878814  -9.29595
  -9.21069   -7.720728  -9.026656  -7.299938  -8.942498  -9.885056
 -10.392382 -10.681628 -10.011032 -10.807314  -9.936618  -8.863386
  -8.687356  -8.562482  -6.264464  -7.371742  -8.85515   -8.698144
  -8.749184  -8.210828  -8.660038  -8.134384  -7.580948  -7.778786
  -7.336246 -10.568702  -5.594042]"
1022,"[-9.33713  -9.292818 -9.526036 -9.131984 -9.44501  -9.268922 -9.203846
 -9.294384 -9.384052 -9.285104 -9.130592 -9.033674 -9.22171  -9.412646
 -9.101476 -9.254538 -9.104028 -9.116324 -9.305056 -9.249782 -8.944122
 -9.150138 -9.555036 -9.243228 -9.261208 -9.081524 -9.439384 -9.514436
 -9.413748 -9.464962 -9.46966  -8.944354 -9.14283  -9.230874 -8.808344
 -9.10919  -9.407078 -9.421926 -9.342756 -9.36236  -9.346236 -9.246476
 -9.21939  -9.495818 -9.465484 -9.57899  -9.270198 -9.349484 -9.457016
 -9.50475  -9.295022 -8.393354 -9.31799  -9.425986 -9.442168 -9.557414
 -9.473198 -9.267878 -9.298096 -9.379992 -9.496108 -9.20257  -9.225016
 -9.338928 -8.744486 -9.51693  -9.064472 -9.371524 -9.496224 -9.528994
 -9.276462 -9.571798 -8.778358 -9.0277   -9.356966 -9.29508  -9.115976
 -6.82834  -6.372518 -6.107342]"
1023,"[-9.889522 -9.368682 -9.019928 -9.174904 -9.002702 -8.028244 -8.888616
 -8.121856 -8.101208 -8.305774 -9.78721  -9.286728 -9.489322 -9.681824
 -8.793496 -7.751294]"
1024,"[ -9.72283   -9.521338  -9.248274  -8.96825   -9.915564  -9.620692
  -9.617096  -9.927976  -9.593142  -8.458604  -9.163942  -9.20431
 -10.105688  -9.938184  -9.537868  -9.18546   -9.240096  -9.249144
  -9.466296  -9.22403   -8.859442  -9.475518  -9.039358  -9.315438
  -9.775436  -9.475112  -9.536012 -10.128946  -9.078972  -9.549584
  -9.484334  -9.724222  -9.04742   -9.195668  -8.91924   -9.336608
  -9.042084  -9.235514  -9.089702  -9.301518  -9.207848  -8.77192
  -9.963878  -8.791466  -9.439442  -8.998236  -9.33771   -9.29653
  -9.18024   -9.570116  -8.587712  -9.281798  -9.719756  -9.614718
  -9.202512  -9.544364  -8.792684  -9.368218  -9.278782  -9.0016
  -9.006414  -9.178036  -9.395478  -9.236558  -8.945166  -9.296124
  -9.555326  -8.83717   -9.246882  -9.51084   -9.483696  -9.437992
  -9.151356  -9.5526    -8.88995   -9.425406  -8.804168  -9.55753
  -9.461772 -10.076688  -9.044288 -10.106326 -10.006392  -9.974318
  -9.432772  -9.56304   -9.393216  -9.690234  -9.673936  -9.592156
  -9.65874  -10.09693   -9.189694  -9.682462  -9.72283  -10.109748
  -8.874638  -9.700616  -9.723004  -9.863306  -8.742108  -9.480274
  -9.872296  -9.8629    -9.60596   -9.758732  -9.54332   -9.357662
  -9.557646  -8.517358  -9.355168  -8.688632  -9.22577   -9.786514
  -9.216374  -9.491642  -9.048058  -9.453362  -8.974978  -9.023988
 -10.106616  -9.586646  -9.98499   -9.283944  -9.828622  -9.900832
  -9.933892  -9.54332   -9.602248  -9.365666  -9.093298  -9.4221
  -9.852866 -10.150928  -9.984758  -9.838366  -9.45197   -9.978958
  -9.898164  -9.693018  -9.295544  -9.487176 -10.03255   -8.850336
  -9.66483   -9.293166  -9.99601   -9.738258 -10.038988  -9.7295
  -9.296356  -9.578178  -8.236812  -9.242474  -7.193624  -5.2693  ]"
1025,"[ -9.887608  -9.157678  -9.597318  -9.981046 -10.502988  -9.687044
  -9.492512  -7.321514  -9.242648  -8.551636  -9.568144  -9.966256
  -7.614704  -9.427958  -8.799586 -11.023132 -10.122682  -8.552796
  -6.230418  -9.936966  -7.79462   -9.657232  -9.694526 -11.021334
 -10.47393  -10.08301  -10.760392 -10.413668 -10.366224  -9.358706
 -10.522998  -9.37512  -10.712774  -8.347012  -8.73799   -9.316076
  -8.380536  -9.499878  -7.320296  -8.199344  -8.869244  -8.055968
  -9.023118  -8.920284  -9.872702  -9.687856  -9.99688   -7.485248
  -6.36376   -6.786348  -8.808634  -7.889624  -7.259744  -7.925874
  -7.15923   -7.192754  -9.288816  -8.71189   -8.968482  -8.925156
  -8.6275    -9.817312  -9.607874  -9.738258  -9.412472  -8.08694
  -8.125046  -8.636432 -10.492432  -8.490736  -9.558632  -6.993698]"
1026,"[ -9.08193   -9.042142 -10.703146  -9.353254  -9.295428  -9.938532
 -10.74189  -10.115896 -10.053546  -9.333186  -8.84094   -9.463164
  -7.85291   -8.155206  -8.806604  -8.637012  -8.51005   -9.006124
  -9.40209   -8.857818  -8.550302  -9.8774    -7.998142  -8.858746
  -9.045622  -9.015868  -8.9175    -9.7092    -8.754752  -9.936618
  -9.775088  -9.858782  -9.62945   -9.847182  -8.408956  -9.271184
 -10.326842  -8.530002 -10.361352  -7.617082  -7.656522  -7.638136
  -8.837112  -9.917072 -10.623744 -10.18625  -10.17349  -10.089506
 -11.044128  -9.152922  -9.100026 -10.312806  -8.46075   -8.06026
  -6.352276  -7.479564  -6.612406  -6.433476  -6.259186  -7.49389
  -8.003652  -5.16461   -5.483668  -7.140322  -8.967438  -8.508368
  -7.892408  -8.547982  -7.358518  -7.343728  -7.778438  -7.990254
  -7.83     -10.590568  -9.72283  -10.29065  -10.07808  -10.299582
  -9.815456  -9.871484 -10.638708 -10.66968  -10.29877  -10.413552
 -10.368486 -10.339776 -10.495796  -9.958658 -10.324058 -10.204346
 -10.613884 -10.151798 -10.74885  -10.24512  -10.235608 -10.04937
 -10.198256 -10.466274 -10.297552 -10.43449   -9.97252  -10.47393
 -10.246686 -10.118448 -10.67693  -10.508266 -10.474974 -10.313444
  -9.253262  -9.295022 -10.644856 -10.226966  -9.004152 -10.35329
 -10.363324 -10.697752  -8.265174  -8.552854  -8.038452  -8.659632
  -8.701914  -8.84094   -9.670514  -9.036342  -7.738766  -7.879938
  -9.39281   -9.932326  -9.010764  -9.41746   -8.85515   -8.528436
  -9.360098  -8.719256  -8.713456  -9.554456  -9.170148  -8.553318
  -9.166494  -9.906458  -8.88299   -7.985092  -9.4337    -9.717378
  -9.774044  -9.23592   -7.629378  -8.045122 -11.395898  -8.67361
 -10.223834  -9.526384  -9.344264  -8.37955   -8.303048  -6.749286
  -7.201048  -8.306528  -9.905182  -8.725404 -10.395572  -8.87864
  -9.40905   -9.260744  -9.203324  -9.497964  -6.49774   -6.328902
  -7.776756  -9.58218   -9.4308    -8.714616 -10.17958   -9.315322
  -8.600762  -8.45234   -7.963516  -7.650258  -7.378238  -5.876908
  -7.480202  -7.945188  -8.762176  -8.13624   -9.665178  -8.725462
  -9.024916  -8.575184  -9.776654 -10.110096  -7.85523   -8.319346]"
1027,"[ -9.88871  -10.60965  -11.663974 -11.759674 -11.16036  -10.736554
 -11.77922  -10.093276 -10.887064 -10.561162 -10.39099  -10.192978
 -10.541094  -9.804262  -9.288178  -9.220724  -9.326516 -10.779764
 -10.553274  -9.953264 -10.697868 -10.863748 -10.611854 -10.669854
 -10.624498 -11.839134 -11.32798   -9.690756  -8.533888  -8.9726
  -9.189578  -9.967184 -10.003724  -9.253552  -9.401684 -10.383392
 -12.323898 -10.74363  -10.651352 -11.271662 -12.102802 -10.63343
 -10.436694 -10.090086 -11.039952 -11.883852 -11.636714 -11.881996
 -12.034304 -11.871324 -12.206854 -10.979632 -11.580976 -10.33995
  -9.2974   -11.58782  -10.626296 -10.274352 -10.37417  -10.649148
  -9.827056 -10.087302 -10.297088 -11.123704 -11.102824 -11.871382
 -11.838496 -11.852648 -10.563946 -10.351608 -10.507396 -11.029976
 -10.302888 -10.014222  -9.346584  -8.183684  -9.464092  -9.904834
  -9.639426 -10.12506   -9.218346  -8.395732  -6.974326]"
1028,"[ -8.836938  -9.78112  -10.526594 -10.89095  -10.06445  -10.703842
  -9.938532  -9.703864  -9.400698  -8.907756  -9.408818  -9.698876
  -9.855592  -9.394086  -9.73095   -9.458988  -9.144628  -9.392288
  -9.623302  -9.433932 -10.657442 -10.213742 -10.267856  -9.30407
  -9.508462 -10.898026  -9.466934  -7.760516  -9.947638 -10.732146
 -10.166182  -9.938938  -7.898324  -9.010706 -10.852728 -10.319012
  -7.168974]"
1029,"[-10.87906   -9.888072  -9.611354  -9.41427   -8.649656  -8.98855
  -8.906016  -8.459416  -7.956092  -8.097438  -8.437724  -7.338972
  -8.904102  -8.323928  -9.221884  -8.505932  -7.61192   -8.783462
  -8.614914  -5.436108]"
1030,"[-12.120086 -11.85752  -12.048804 -11.83084  -12.157612 -11.167088
  -9.641108 -10.81729  -11.196842  -9.260106  -8.732422  -9.160404
  -7.930456  -7.402424  -7.876342  -8.679584  -6.303498  -7.080582
  -8.954214  -8.984432  -9.086628  -8.411218  -9.852286 -10.89994
  -9.492512  -9.662742  -9.240734  -9.206166  -9.889116  -9.701544
  -9.774392  -9.87218   -8.488126  -9.456726  -8.923416  -9.64772
  -9.973796  -8.890704  -9.027236  -9.78402  -10.304338 -10.61487
  -8.551346  -6.987724  -8.517068  -8.909322  -6.492868]"
1031,"[ -8.571356  -8.138038  -8.642174 -10.581752  -8.745646  -9.010358
  -8.620308 -10.840432 -11.659334 -11.76762  -11.671572 -11.323224
 -11.59942  -11.467296 -11.797838 -11.163028 -10.619684 -10.847392
 -11.441718 -10.448526 -11.177528 -11.15543  -10.97737   -9.82027
 -11.455986 -11.31638  -11.550352 -11.713332 -11.714492 -11.669948
 -11.70266  -11.58985  -11.79691  -11.466078 -10.505598 -11.32392
 -10.69346  -11.291382 -11.091224 -10.665214 -10.609012  -9.521454
  -8.862342 -10.069206 -10.20249  -10.226734 -10.180392  -9.818008
  -9.147354  -9.33684   -8.215874 -10.042816  -7.515176  -6.664316
  -9.902572  -7.139858  -6.389048  -6.593962  -8.799586  -7.389258
  -9.212488 -10.077384  -9.737678 -10.262578  -9.515248  -9.06337
  -9.411602 -10.289142  -9.673182  -8.7493    -8.608592 -10.422426
  -8.739208  -6.789422  -8.143026 -10.780866 -10.480368 -10.832022
 -10.698738 -11.447982 -10.15986  -10.183698 -10.689284 -10.219658
 -11.020464 -11.107928 -10.612202 -10.610172 -10.31994  -10.580128
 -10.58935  -10.28891   -9.783962  -8.939946 -10.004072 -10.292448
  -9.7904   -10.523288 -11.530748 -11.20154  -11.154908 -10.722112
 -10.373706 -10.376896  -9.90814   -7.73372   -7.400916  -9.26086
  -9.362592  -9.848632 -10.97911  -11.380006 -11.393462 -11.059846
 -10.766134 -10.912758 -10.21061  -10.526942 -10.389308 -11.129562
 -11.181472 -10.275338 -10.984272  -8.906306  -9.5091    -8.030506
  -6.576678  -7.203774  -7.522716  -6.470596  -7.280682  -7.605192
  -6.633634  -7.110104  -8.846276  -8.689502  -8.63881   -9.028686
  -8.864778  -9.224494  -8.568224  -8.241278  -9.972752  -8.809504
  -8.83717   -9.257902  -8.607896  -9.725382 -10.051342  -8.702262
  -7.784064  -9.465484  -8.378506  -9.38324   -9.283074  -8.663866
  -9.2191    -6.717154  -5.516612]"
1032,"[ -6.77643   -7.989616  -9.250884  -9.424884  -9.613152  -9.426566
 -10.536222 -10.357002  -9.43718  -10.147216 -10.909858 -10.020834
  -9.154372 -10.833356  -9.05641   -8.41841  -10.406244  -9.086106
 -10.850698  -7.439138  -8.605054  -6.595528]"
1033,"[-10.145128 -10.086374 -10.399864 -10.48031  -10.3704   -10.86688
 -10.933522 -10.204172  -9.749104 -10.381826 -10.018688 -10.358162
  -8.996264 -10.027562  -9.485146  -9.24752   -9.815572 -10.243554
  -9.117658  -8.658646  -9.460438  -9.958832  -8.843666 -10.235724
  -9.775958  -8.299974  -8.52078   -6.647554  -8.281994  -8.11913
  -9.460554  -9.006124  -9.510492 -10.978704 -10.779938  -9.6802
  -9.982032  -9.043302  -8.39173  -10.10969   -7.948204  -7.857782
  -7.304578  -7.548758  -7.703154]"
1034,[ -8.860776 -10.11868  -10.069728 -10.676814]
1035,"[ -9.125314  -9.218462  -8.807764  -9.235282  -9.178732  -9.27101
  -9.425464  -8.370212  -9.640006  -8.22092   -8.441668  -9.663844
 -10.412102  -8.237334  -9.064008  -8.15161   -8.363948  -9.041852
  -7.981728  -9.110872  -7.726412  -8.474496  -9.340958  -8.0098
  -8.896098  -9.538274  -9.055946  -9.27536   -8.838156  -9.507012
  -8.471596  -9.631248  -9.164812  -8.589162  -8.490562  -8.109908
  -9.332084  -8.667636  -9.52244   -8.633706  -9.073114  -8.64026
  -8.668158  -9.38817   -9.635018  -8.453442  -9.470588  -8.368588
  -8.482384  -8.765076  -8.881888  -8.786768  -8.64403   -9.568202
  -8.43552   -9.142888  -8.920342  -8.575648  -9.18778   -8.680454
  -9.41456   -8.53876   -8.667172  -8.920864  -8.584986  -8.811708
  -9.338     -8.093146  -9.163942  -8.751156  -8.91141   -9.256684
  -8.238842  -9.335332  -8.713456  -8.956824  -8.672566  -8.103644
  -8.585392  -9.532242  -8.707018  -9.840048  -8.459996  -9.011402
  -8.959086  -8.874638  -9.238298  -7.979002  -8.928404  -7.98747
  -8.703712  -8.558538  -8.808054  -8.872898  -8.818204  -8.253226
  -9.022248  -9.390316  -7.93179   -9.353544  -8.704118  -9.045332
  -8.648902  -9.543552  -9.048522  -8.329438  -8.750054  -8.15161
  -8.730044  -8.976718  -8.750518  -8.8479    -8.58342   -9.239748
  -8.988782  -8.594382  -8.79976   -9.098402  -8.690314  -8.93432
  -8.916398  -9.593432  -8.740194  -8.578374  -9.714826  -8.280486
  -8.656732  -9.335216  -9.207268  -8.576808  -8.442944  -9.152052
  -8.790886  -8.87371   -9.194914  -8.81223   -8.93577   -9.059832
  -9.236152  -8.31111   -9.089644  -8.140996  -9.619532  -8.432214
  -8.761422  -9.249202  -9.324718 -10.340414 -11.84041  -10.168212
  -8.849292  -9.767606  -9.480332  -9.04568   -8.369574  -9.360446
  -9.09266   -8.787638  -9.558632  -8.985186  -8.982054  -9.247404
  -8.34446   -9.386952  -8.8653    -8.342778  -9.137088  -8.771108
  -9.671732  -8.838678  -8.485284  -8.93606   -8.737932  -8.879626
  -8.554362  -8.86849   -9.1089    -8.897722  -8.625586  -9.298966
  -8.507614  -9.377904  -8.73509   -8.778474  -9.169336  -8.65969
  -8.961638  -8.405244  -9.69905   -8.99174   -8.725172  -9.288642
  -8.809388  -8.746864  -8.769774  -8.868606  -8.900506  -8.696868
  -9.305056  -8.955722  -8.696752  -8.786826 -10.181958  -8.372648
  -8.779808  -9.419838  -8.600182  -9.462642  -8.358612  -8.975384
  -8.829978  -8.648322  -9.116324  -8.505352  -8.607084  -7.439428
  -9.043592  -9.874442  -9.367464  -9.953902 -10.196748  -9.246882
  -9.292934 -10.478686 -10.897678  -9.416126  -9.671848 -10.521084
 -11.080088 -10.884454 -10.091826 -10.314256 -10.017528  -9.940736
 -10.492258 -10.929404 -10.369356 -11.088556 -11.388996 -10.726288
 -11.155256 -11.542058 -10.276092  -9.091906  -9.861334 -10.984272
 -10.12506   -9.469428  -7.550092  -9.52737   -8.069134  -7.253016
  -9.04191  -10.324     -9.20228  -10.48379  -11.298748 -10.358336
 -10.558958 -10.697694 -10.247498 -10.090086 -10.55455  -10.247266
 -10.14507  -10.529494 -10.618582 -10.032202  -8.371024  -5.808294
  -8.44654   -6.643204  -8.14117   -9.114932  -9.787152  -9.957846
 -10.24541  -10.041772  -9.44907  -10.566034  -9.481956  -9.84956
  -9.743188  -9.732806  -9.831928  -9.376338  -9.320774  -8.887746
  -9.654622  -9.67005   -9.13761   -8.67593   -9.920436  -9.228148
  -8.655688  -9.470066  -7.743522  -8.590206  -9.648068  -9.547786
  -9.600682  -9.100606  -9.479114  -9.196132  -8.934262  -9.22084
  -9.770216 -10.018572  -8.66723   -9.020392  -9.528414  -7.88394
  -8.949632 -11.564504 -10.569746 -11.248114 -10.092348  -8.378506
 -10.141706 -10.95185   -8.280312  -7.94716   -8.279732  -9.017144
  -9.386024]"
1036,"[ -9.388402  -7.41994   -8.088448  -8.593628  -6.4525    -8.693562
  -8.145926 -10.392208 -10.05169   -8.426936  -7.781686  -7.084584
  -7.361476  -6.454124  -8.042686  -9.595346  -7.713362  -6.61055
  -8.684514  -8.6739    -9.23186   -8.588872  -6.989174  -8.147492
  -9.978436 -10.122798 -10.491736 -10.709758 -10.111082 -10.675422
 -10.683194 -10.176622 -10.385654 -10.578736 -10.52091  -10.088694
  -9.951872 -10.989608 -10.01921   -9.609092 -10.28253   -9.507882
  -7.851692  -9.923394  -9.391418  -7.033602  -7.108016]"
1037,"[ -7.867816  -9.226814 -10.447598  -9.70978  -10.703494  -9.208196
  -9.514262  -9.898222 -10.769556 -11.161114 -10.079994 -10.05372
 -10.825816  -9.74661  -10.583144 -10.578852 -10.618234 -10.977312
 -10.79351  -10.346388 -10.464186 -10.6662   -10.410884  -9.384864
  -6.157918  -6.856818  -7.85871   -9.136566  -8.53644   -9.526268
  -8.854976  -9.544306  -8.756434 -10.894198 -10.794728 -11.418866
 -10.406824  -9.998852 -11.64495  -11.184546 -11.050392 -10.704132
 -10.408854 -11.645936 -11.15485  -11.37264  -11.871556 -11.5246
 -11.003354  -9.929948  -8.538064  -8.224864  -8.029636  -6.517286
  -7.258816  -7.85146   -8.13885  -10.421266 -10.323072 -10.626412
 -11.161288 -10.76712  -10.929694  -9.926062  -9.252914  -8.651628
  -9.936676  -9.360678 -10.599674 -10.241872 -10.03429  -10.589466
  -9.671384 -10.475728  -9.619764 -10.48901   -9.701428 -10.076514
 -10.635576 -10.853598 -10.477642 -10.389888 -10.618292 -10.206782
 -10.684876 -10.198082 -10.21699   -9.745856 -10.470276  -9.649344
 -10.740672  -9.850662 -10.046122 -10.33357  -10.214264 -10.566904
 -10.70651  -10.832022 -10.03806  -10.232882  -9.007516  -9.134188
  -8.747908 -10.165544  -9.203208  -9.944274  -9.138132  -9.82375
  -9.906226  -9.665526  -9.198858 -10.627282  -8.555986 -10.136138
 -10.032434  -9.080074 -10.206434 -10.261186  -9.648474 -10.257184
 -10.253646 -10.737598  -8.848712 -10.179754  -7.84914   -9.82085
 -10.007436  -9.97339  -10.683426 -10.457632 -10.296392 -10.569398
  -9.836742  -9.340784  -9.861798  -9.646966 -10.16102   -9.952394
  -9.856462 -10.09142   -9.667962 -10.503046  -9.353544 -10.058766
 -10.22946  -10.306426 -10.264782  -9.939228 -10.889036 -11.422404
  -9.868816 -10.410304 -11.21604  -10.87587  -10.197908  -8.874812
  -9.671964  -9.504866  -7.641326 -10.172214  -9.61524  -10.841708
 -10.703204  -9.963878  -9.948218 -11.040358  -9.886448 -10.344416
 -10.328292 -10.067466 -10.411522  -9.782396 -10.56238   -9.954134
  -9.755426 -10.420048 -11.404134 -11.523846 -11.260062 -11.6116
 -11.690016 -10.888224 -11.14325  -10.246918  -9.873862  -9.412298
  -9.298908 -10.559248 -10.03632   -9.19793  -10.096756 -10.113634
 -10.12477   -9.946072 -10.66736  -10.11549   -9.078682 -10.000476
  -9.524006 -10.32632   -9.829492  -9.56652  -10.51047  -10.524216
 -10.678554 -10.35561   -9.728166 -10.164036  -9.766446  -9.102462
 -10.579838  -9.226408 -10.388148  -9.81418   -8.243482 -10.7271
  -9.662916  -9.140162  -9.959528  -9.402206  -8.779054  -8.8218
  -8.486444  -8.234724  -8.183336  -8.163964  -9.197118  -7.16503
  -9.889232  -8.818726 -10.457574  -9.066212 -10.13405   -9.886274
  -8.964422  -9.388228  -9.712564 -10.164674 -10.599906 -10.57398
 -10.408738  -9.871774  -9.734256  -9.43805   -9.611586  -9.33075
  -8.525942  -9.710128  -9.447968 -10.077152  -9.086802  -6.370662
  -5.232876  -6.790814  -8.379492  -9.23911   -8.034624  -9.136276
  -8.045296  -7.344308  -8.29429   -6.540428  -6.473438  -6.78861
  -8.449034  -8.804806  -9.006066  -7.536984  -5.191116  -6.678758
  -6.508818  -8.248818  -7.869034 -10.475322  -9.375062  -9.378194
  -7.867468  -6.892662  -7.120834  -7.807496  -6.961392  -7.043926
  -6.849046  -8.863792 -10.569282  -9.946188  -9.196132 -10.343778
 -10.212698  -9.63728   -9.89422   -9.782918  -9.666048  -9.5294
  -9.575974  -9.399074 -10.530944  -9.880996 -10.133876  -9.009372
  -8.508484  -9.435846  -9.273968  -9.55086   -9.346236  -9.525108
  -8.537716  -7.533388  -9.264166  -9.447678  -7.843166  -7.7198
  -9.545408  -8.841172  -7.874138  -8.044484  -9.03611   -8.036248
  -7.76533   -8.183684  -8.334368  -7.888116  -8.211698  -8.172896
  -7.626652  -7.839164  -9.182386  -8.671522  -8.895576  -9.283596
  -9.983192  -8.964828  -9.03988   -8.454892  -9.802406  -9.084366
  -8.418468  -7.776872  -8.390976  -6.75874   -8.165414  -8.023024
  -7.781512  -7.61047   -8.684166  -8.166864  -8.73364   -9.455566
 -10.943962 -10.455544  -8.559118  -8.77685   -9.905704 -10.235898
  -9.765228  -8.197894  -9.135928  -8.696868  -9.441704  -9.04017
  -7.406948  -6.58822   -6.370894  -6.411378  -9.07932   -7.794446
  -8.17075   -9.577656  -7.101984  -8.037814  -9.23679  -10.62995
 -10.506062  -9.343394  -8.952764  -9.729732  -8.500364  -8.725578
  -8.343648  -8.174056  -9.143758  -9.514668  -8.693968  -8.073832
  -8.631792  -8.90938   -7.247622  -9.086164  -9.40267   -7.471212
  -5.954338  -7.657972  -9.780366  -9.336086  -9.021552 -10.143678
 -10.313038 -10.40955   -9.72747   -9.988122]"
1038,"[ -7.865206  -8.390222 -10.487792  -9.547902  -9.151356  -9.817196
  -9.144454 -10.13695  -10.123958  -9.172352 -10.08678   -9.421752
  -9.432482 -11.18211  -10.593178  -9.288758 -10.302308  -9.235572
  -9.57899   -9.450578  -8.323754 -10.512152  -8.982576  -9.190564
 -10.41999  -10.11375   -9.94381  -10.005406 -10.572878  -9.001948
  -9.147238  -8.437782 -10.038234  -9.56681   -9.250014  -9.103448
  -9.162666 -10.507164 -10.360018  -8.796338  -9.518148  -7.739926
  -7.249768  -7.527472  -7.270474  -6.723418  -8.677554  -8.240524
  -7.504794  -8.45727   -8.555116  -7.920712  -7.336884  -9.847472
  -6.79035   -8.144186  -7.275984  -7.344482  -6.288592]"
1039,"[-10.296856 -10.132716  -9.76691   -8.941802  -9.69702   -9.019
  -9.766678  -9.047072  -8.894358  -8.60604   -9.184242  -7.989152]"
1040,[-7.884172 -8.128178 -8.765482 -8.566948 -9.145614 -8.110256 -5.243258]
1041,"[ -5.017986  -9.542856 -10.312284  -8.035146  -6.571922  -8.341966
  -9.19561   -9.044404  -9.47546   -9.972056 -10.225864 -10.24541
 -10.158584  -9.890334  -9.710998  -7.966648  -6.818944  -6.946834
  -8.132122  -8.143896  -8.773196  -8.808344  -6.992944  -8.740368
 -10.831152 -10.587262 -10.665562 -10.722924 -11.216736 -10.75262
 -11.450186 -11.058106 -11.113786 -10.844202  -9.890102  -9.511478
  -9.26318   -9.583108  -9.276404 -11.005094  -9.91162   -8.68927
  -8.8044    -8.532438  -9.102114  -8.427922  -8.17858   -9.178442
  -8.832356  -9.027642  -8.64548   -9.270604  -8.383436  -8.811592
  -8.935886  -8.540732  -8.439754  -9.122994  -9.03292   -8.718618
  -6.96319   -7.268212  -8.19018   -8.811824  -7.738244  -9.700848
  -8.362324 -10.155394 -10.14884   -8.947196  -8.887862  -9.086164
  -9.395246  -8.474496  -9.30465  -10.16566  -10.062536  -8.930202
  -9.655318 -10.068278 -11.038618  -9.713318  -9.6744    -9.664192
 -10.469    -10.944426 -12.01325  -11.551628 -11.431626  -9.630958
  -9.639136 -11.648372  -9.316018  -9.092718  -8.418294  -9.013896
 -11.304432  -9.801072 -10.333338  -9.76169  -10.029882  -8.308964
  -9.605496 -10.111198 -10.396094  -9.81824   -8.837634  -9.679968
  -9.4163   -10.80337   -8.999048  -8.424094  -8.183104  -7.645966
  -8.65505   -7.955164  -6.228794]"
1042,"[ -7.70588   -7.251276  -8.107356  -8.924982  -8.05272   -7.704836
  -7.057498  -8.585508  -8.568688  -8.328046  -8.272134  -7.8938
  -8.830732  -8.017688  -8.480876  -8.677148  -6.523028  -8.577098
  -7.744798  -8.183858  -7.184518  -7.887826  -7.535012  -6.442466
  -6.691228  -6.444554  -7.513378  -9.266834  -7.590808  -6.637578
  -7.486872  -8.490272  -8.19482   -9.572958  -8.887862  -9.432482
  -8.916514  -8.74901   -8.762234  -8.989884  -8.892328  -8.537484
  -9.677706  -9.77097   -9.310102  -9.379064  -8.980256  -9.046956
  -9.437296  -8.273816  -9.348904  -8.068902  -7.826114  -7.726006
  -5.40821   -5.095822  -6.547504  -8.294116  -6.960986  -6.83994
  -6.668028 -10.234332  -6.71814 ]"
1043,"[ -8.815188  -8.683644  -9.028048  -8.24093   -9.054148  -8.69333
  -8.683238  -8.471886  -9.269734  -8.380478  -9.346004 -10.024604
  -7.96804   -7.241532  -8.381464  -8.0736    -9.124038  -9.913882
  -9.547844  -9.353486  -8.775052  -9.090456  -8.897838  -7.777278
  -8.453674  -8.40391   -7.922626  -7.068518  -6.908322  -7.339958
  -9.878154  -6.023938  -6.757522  -8.028302  -8.03503   -9.149442
 -10.00471   -9.796664 -10.09838   -9.895786  -9.03089   -9.923162
  -9.253436  -8.503032  -9.972056 -11.12701  -10.144258  -8.829456
  -6.798586  -8.451586  -7.748162 -10.06503   -9.886448  -7.641848
  -5.170004  -5.078306  -5.893902  -8.545604  -9.505504 -10.408448
 -11.408948  -9.926236 -11.18588  -11.056772 -11.003412 -10.521954
 -10.030172 -10.612434 -10.34894  -10.619568  -9.564548 -10.813462
  -8.932348  -9.921538  -9.807568 -11.14905   -9.992994  -8.7783
  -8.674712  -8.331468  -8.654992  -8.31111   -9.379122  -8.007364
  -8.860718  -8.01212   -8.085838  -7.634018  -8.25311   -8.714094
  -8.425138  -8.457734  -9.68194   -8.847436 -10.294478  -9.117774
  -9.773812  -8.90271   -9.660306 -10.398994 -10.289664 -10.134862
 -10.40462  -10.432344 -10.216874  -9.800898 -10.102672  -9.561242
  -9.997924 -10.071932 -10.46929   -9.175716  -9.08686   -9.103738
  -9.557704  -9.570348  -9.881286  -9.599058  -9.999722  -9.84666
  -9.197814  -9.393332  -8.761132  -8.530118  -9.049682 -10.238218
 -10.13492   -9.346932 -10.167226 -10.211538  -9.704618  -9.486074
 -10.18886   -9.895902  -6.688328  -7.609716 -10.81526  -10.05459
 -10.593004 -10.790204  -9.82752  -10.99709  -10.455312 -10.961826
 -11.48168  -11.393172 -11.71252  -10.673856 -13.003368 -12.113996
 -12.917238 -13.06856  -11.501284 -11.165174 -11.401234 -11.476228
 -11.044998  -8.182118  -6.818016  -8.771224  -9.404584  -9.354356
  -9.86      -9.664714  -9.820676 -10.133006  -9.205934  -8.590728
  -7.892234  -7.592664 -10.06416   -8.49729   -9.6019    -8.46568 ]"
1044,"[ -9.39861   -9.72225   -9.60132   -6.902812  -7.51506   -6.634794
  -8.236464  -7.822054  -8.90445   -7.805466  -8.943542  -8.748314
  -8.491954  -8.557146  -9.286322  -8.993712  -9.180414  -8.080502
  -8.459358  -7.907894  -7.626768  -7.659422  -8.307456  -9.159534
  -7.615864  -7.727514  -6.736468  -6.946196 -10.158236  -7.223146
  -7.141772  -7.76765   -9.346642  -9.089992 -10.498116  -8.667288
  -9.486132  -8.713572  -8.278688  -9.25506   -9.773638  -9.063776
  -9.542682  -9.718538  -8.448686  -9.023292  -9.14979   -8.421078
  -8.151088  -7.220942  -8.87313  -10.897504  -7.929934 -10.163282
  -9.660016 -10.455544 -10.353232 -11.632654 -10.98201   -9.07526
  -8.658646  -7.83928  -10.274062 -10.293434  -9.856056  -9.933486
  -9.59552  -10.221282 -10.480716 -10.27615  -10.620902 -10.76393
  -9.66715  -10.683368  -9.359634  -9.493556  -9.349658  -9.908894
 -10.287982  -9.49373   -9.005544  -9.358358  -9.766272  -9.97948
  -9.817776  -9.612224 -10.357524 -10.198314 -10.322434  -9.59871
  -9.438282  -9.822648  -9.048116  -8.324798  -9.899556  -8.359598
 -10.27499  -10.138168 -11.63799  -10.561278  -9.82085   -8.147608
  -8.809562  -9.986614  -9.363404 -10.486226  -9.747306  -9.769636
 -10.099424  -8.997772 -10.283168  -9.843586 -11.6464   -10.362802
 -10.618408 -11.152994 -10.448294 -10.862704  -8.800688 -10.087476
  -9.499588  -8.434302  -8.170518  -8.301134  -9.880474  -8.609462
  -8.35519   -9.81824  -12.166892 -10.19408   -7.777162  -7.94716
 -10.496608  -9.979132 -10.42434  -10.071642  -9.737272  -9.213648
  -8.73712   -8.880264  -8.52368  -10.037654  -9.739534  -9.042606
  -9.337014  -9.487872  -9.997054 -10.546604 -10.88834  -10.527348
 -10.78684  -10.775066 -10.974876 -11.3042   -11.406454 -10.696766
 -10.730522 -11.484812 -10.431242 -10.924416  -9.802522  -9.425464
 -10.849538 -11.305244 -10.648858  -9.84724   -9.965154  -8.046804
  -6.273512  -6.355002  -6.687516  -7.467848  -9.046028  -8.606562
  -8.081488  -8.77192  -10.210726 -10.212292  -8.712586  -8.22991
  -9.829202  -9.544248  -9.201758  -8.432968  -9.250304  -9.770854
  -8.233042  -8.479716  -7.041954  -7.402018  -7.661684  -7.490758
  -8.33344   -8.877364  -8.093378  -8.082532  -8.746922  -6.927172
  -8.55384   -8.815652  -8.472292  -8.810084  -9.591344  -9.410616
  -9.459394  -9.332258  -9.521918  -9.670398  -8.771282  -6.989696
  -8.297654  -5.668804  -6.590424  -9.78489  -10.290418 -10.023038
  -9.000556  -6.659676  -7.527762  -6.892836]"
1045,"[ -9.482072  -9.592678  -9.330808  -8.890646  -8.368472  -7.847284
  -7.027512  -9.359402 -11.898758 -10.12013   -9.497326  -5.958224]"
1046,"[-10.41825  -10.007204  -9.635366 -10.312516 -10.51018  -10.19872
 -10.51975   -9.569362 -10.22627  -10.324174 -10.345518 -10.026576
 -10.60298  -10.676466  -9.454696 -11.292136 -11.3071   -11.193768
 -12.309224 -11.850734 -11.935704 -10.725128 -10.174766 -10.466158
  -8.455588  -8.288896  -8.725114  -8.18061   -6.697666  -6.665708
  -6.35332   -7.245302  -8.904334  -7.320354  -8.38129   -8.740426
  -6.338762]"
1047,"[-9.186562 -9.252276 -9.741564 -9.231802 -9.66309  -9.132042 -9.017434
 -9.244736 -9.167248 -9.387532 -8.843898 -9.000962 -9.619822 -7.07281 ]"
1048,"[ -8.899288  -9.205876  -8.466724  -9.126706 -10.283284 -11.053292
 -10.327306  -9.90205  -10.169256  -9.765982  -9.533228  -9.661524
 -10.260664  -7.90714 ]"
1049,"[-11.469384 -11.176542 -11.567056  -9.981974  -8.245164  -8.04895
  -9.319498  -8.5898    -7.900006  -6.582188  -6.578128  -6.748706
  -7.606526  -6.39044   -6.854034  -6.988652  -7.776698  -7.470226
  -8.169242  -8.246962  -7.568942  -7.634076  -7.67833   -7.179472
  -9.767142  -8.77279   -9.550686  -9.980698  -9.30262   -9.496108
  -8.677844  -9.49808   -9.418272  -7.969606  -7.631872  -8.978574
  -7.90105   -8.367602  -8.22904   -9.53868   -9.246418  -9.163188
  -9.89683   -9.210574 -10.161716  -9.842774  -9.468674 -10.294768
 -10.566208  -9.71935   -9.910518 -10.12651   -9.527428  -9.476098
  -8.37636   -7.279986  -5.477984  -5.966228  -7.090558  -8.40536
  -6.93883   -9.145498  -7.7575    -8.736598  -7.652114  -9.195262
  -7.790734  -8.649366  -8.375026  -8.68289   -8.330134  -8.08085
  -9.351514  -8.603314  -8.168372  -7.249768  -7.474924  -7.175934
  -7.390476  -7.382008  -8.870404  -9.558574  -9.129432  -9.012736
  -9.204948  -8.472118  -8.779228  -9.3148    -9.391128  -8.939714
  -8.750634  -9.096952  -9.91887   -9.12717   -9.43225   -9.228322
  -8.86211   -8.818726  -9.857564  -8.509006  -7.264558  -8.98768
  -8.722098  -8.673668  -9.2626    -8.536846  -7.89293   -7.95035
  -6.545242  -7.645154  -9.800434  -9.906864  -9.351282 -10.749836
 -10.86949  -10.202084  -8.072382  -8.556624  -8.837924 -10.577634
 -10.504206  -9.245896 -10.859862 -11.295906 -11.334244 -11.125154
 -11.20966  -11.282334 -10.716428 -11.38656  -11.249274 -10.447656
 -10.04995  -11.140176  -9.929426  -9.458814 -10.107486 -11.236978
  -8.28762  -11.254842  -9.183256 -10.759232 -10.607736 -10.49336
 -10.234506  -8.741528  -8.565904 -11.26447   -8.333324  -8.382334
  -6.551912  -5.662366  -7.676996  -7.06614   -5.131318]"
1050,"[ -7.630828  -7.760342  -8.04924   -7.943042  -7.36803   -6.937612
  -7.915956  -8.848132  -8.729812  -7.875008  -8.179914  -9.184764
  -9.181342 -10.300568 -10.35358   -9.724686  -9.714478 -10.663532
 -10.15232  -10.702334  -9.896714  -9.81882  -10.203012  -9.396928
  -9.739418 -10.73493  -10.955214 -10.074774  -9.910402 -10.120942
 -10.41477  -10.392266  -8.86414  -10.10302  -10.9765   -10.971976
  -9.616864  -9.14312   -9.344032 -10.472654 -10.248194  -9.760414
  -9.408296 -10.332758 -10.664808  -9.922292 -10.718574  -9.99775
 -10.170996 -10.3762    -8.14262   -9.607236  -8.927882 -11.561778
  -9.02103   -9.669992  -8.126786]"
1051,[-8.0649   -9.09324  -9.635888 -9.446518 -8.237334 -8.343068 -7.005414]
1052,[-9.441124 -8.473394 -8.335412 -9.199206 -8.03706 ]
1053,"[ -7.569116 -10.08098   -9.70804  -10.222268 -10.616494 -10.808358
 -10.676466  -9.489322 -10.073382  -7.270532  -7.91845   -8.033
  -7.56378   -8.235014  -7.584602  -8.062348  -7.728152  -7.666614
  -8.577736  -7.762256  -6.509166  -7.11486   -7.838468  -7.922684
  -7.703212  -8.030506  -8.252182  -7.35237   -8.97637   -8.347302
  -8.700116  -8.442654  -9.039416  -8.244932  -7.456596  -7.176166
  -6.38725   -8.456748  -6.903392  -8.62547   -7.90888   -8.650062
  -8.5318    -7.786442  -8.29226   -7.845602  -8.426588  -8.042802
  -8.332106  -7.643124  -8.36244   -9.53781  -10.261302 -10.137182
  -8.610564  -9.704038  -8.817334  -8.690894  -9.627362  -9.02625
  -8.399386  -7.978364  -8.652962  -8.98826   -8.296262  -8.118724
  -8.026736  -9.480158 -10.660342 -10.169952 -11.898758 -10.81265
 -10.506874 -10.486168 -10.138806 -12.034768 -11.17254  -10.10215
  -9.561416  -8.90503   -9.238008 -10.035624  -9.001774  -8.965408
  -8.595484  -9.74748   -8.498508  -8.647916  -9.096604  -8.570602
  -9.216258  -8.392658 -11.034094 -10.125988 -10.122624  -9.48445
  -9.457538  -9.382312 -10.178362  -9.93221   -9.997576  -8.860022
  -8.34823   -6.463346  -5.859218  -6.27154   -6.77875 ]"
1054,"[ -9.29914   -7.272272  -7.06324   -7.37615   -7.977494  -8.200736
  -8.060202  -7.504214  -8.290346  -8.343358  -7.275288  -7.615806
  -8.490446  -7.51796   -6.868534  -8.499146  -9.01001   -9.932848
  -8.326132  -7.993618 -11.312726  -9.148456  -8.647452  -8.592642
  -8.06809   -7.378238  -8.605866 -10.553448 -10.930506  -9.651084
  -9.744174 -10.365934  -9.811744 -10.153074  -9.418156  -9.610252
 -10.160556  -9.685884  -8.401242  -9.546974 -10.405722  -9.953148
 -11.15833  -11.454188 -10.80743  -11.51184  -10.920878 -11.157692
 -10.971048 -10.646886 -11.297008 -11.330938 -10.661966 -10.534946
  -9.974666 -10.682382 -11.077536 -10.85441  -10.907886 -10.833414
 -10.86224  -11.310464  -9.826302  -9.341306 -11.15804  -10.985142
 -11.084438 -11.251246 -11.068024 -10.894604 -10.873608 -10.939032
 -10.402416 -10.198314 -11.451578  -9.778742 -11.03682  -10.862356
 -11.303794 -10.732204 -10.614116 -10.697462 -10.864038 -11.44717
 -10.771876 -10.652628 -11.115526 -11.350832 -10.820016 -10.69027
 -11.97613  -11.70643  -11.226364 -11.27375  -10.709178 -10.306484
 -10.003202 -10.54527  -10.653672 -11.407788  -8.411972  -6.457836
  -7.197104  -7.63193   -9.813948  -9.95657  -10.952778 -11.664496
 -10.905566 -10.852032 -11.902064 -11.34103  -10.70071  -12.092536
 -11.082118  -8.388598  -8.539746  -7.626362  -7.712202  -8.645132
  -9.722656  -9.521802  -9.659552 -10.521838  -9.79272  -10.52758
 -10.351666  -8.214018  -8.818842 -11.100678 -11.817848 -10.335948
  -9.077174 -11.523614 -11.179152 -10.724896 -11.462192 -10.131498
 -10.514762 -10.494752 -11.49415  -10.755926 -10.755462 -10.59486
 -11.239182 -10.10099  -11.209544 -10.669854  -9.667788  -9.008386
  -9.37338   -9.06656   -9.823692  -9.258192  -8.626862  -8.34736
  -9.162434  -9.763256  -9.761342  -9.530618  -5.887   ]"
1055,"[ -7.924308  -8.190934  -7.388388  -5.793736  -6.903682  -8.769774
  -8.997946  -8.688864  -9.272808  -8.970918  -9.097532  -7.825824
  -9.42413   -9.006994  -7.888522  -7.446272  -7.76939   -8.546474
  -8.911874  -8.86066   -8.883222  -8.381986  -8.68347   -8.868664
  -8.215178  -8.164022  -5.15098   -5.280784  -5.573916  -7.579324
  -8.02488   -6.893706  -6.831646  -8.173302  -7.40631   -5.503968
  -6.119754  -9.429988  -8.11478   -9.296588  -8.657602  -6.832052
  -5.65587   -7.369654  -9.269386  -8.034914 -11.058686  -9.117484
  -8.913904  -8.482732 -10.031796  -8.906074  -9.546394  -9.299198
  -9.306854 -10.211016  -9.493034 -11.513464 -11.267022  -8.733814
  -8.206768  -9.430742  -9.996996  -9.296182  -9.900948 -10.69201
 -11.42484  -11.119354  -9.397044  -9.653346 -10.195878 -12.02195
 -12.047064 -11.479824 -11.583992 -11.09482  -11.533068 -10.808648
 -11.056308 -11.05219  -11.188142 -10.070192 -11.313828 -10.211538
  -9.996938 -10.035682  -9.567564  -9.730834  -9.089354  -9.762386
 -10.915368 -10.159628 -11.529878 -11.207572 -11.353616 -11.242604
 -11.395376 -11.44572  -11.326646 -11.720408 -11.724526 -11.301648
 -11.31145  -11.329024 -11.735894 -11.436672 -10.995698 -11.29434
 -10.716196 -10.828136 -11.243358  -9.180414 -11.600638 -10.894894
 -10.866126 -11.68091  -11.30652  -10.969946 -11.365332  -9.99601
  -8.401822  -9.71935   -8.41087   -8.429024  -8.465158  -7.214156
  -5.398234]"
1056,"[-8.810954 -8.039612 -8.159266 -8.572516 -8.646756 -9.415836 -8.885252
 -9.289802 -8.70638  -9.299546 -9.018942 -9.207732 -8.836358 -8.858862
 -9.398088 -9.3496   -8.875798 -9.376338 -8.199054 -8.910076 -8.550302
 -8.601284 -8.028476 -9.154198 -8.535628 -8.593802 -8.316736 -8.81281
 -8.311052 -8.874174 -8.435462 -8.623266 -8.478498 -8.057882 -8.907814
 -8.679178 -8.854396 -8.837692 -8.351942 -8.14001  -9.362882 -9.449418
 -8.804864 -7.422492 -8.925736 -8.92243  -8.523564 -9.23766  -8.503612
 -8.950908 -8.620134 -8.79947  -9.003514 -8.763626 -9.07062  -8.310994
 -7.4762   -8.166284 -9.320774 -9.33858  -7.825418 -9.096836 -8.897954
 -9.002006 -8.995858 -8.73973  -9.223044 -8.92533  -8.626514 -8.681092
 -8.89778  -8.05852  -8.475656 -9.37193  -8.193602 -8.638752 -8.735148
 -8.57878  -8.4013   -8.74959  -8.460228 -8.702494 -8.93867  -8.935016
 -9.007748 -9.454348 -8.543458 -8.885426 -9.35134  -8.888964 -9.25738
 -9.027816 -9.181748 -8.768614 -9.348788 -8.99435  -9.311668 -9.092196
 -9.541406 -9.011228 -9.437412 -8.398342 -8.60517  -8.863502 -8.808518
 -8.449556 -8.067742 -8.962102 -8.098134 -8.863328 -8.536498 -8.6507
 -7.744566 -8.499204 -8.626398 -8.569326 -8.776038 -8.572574 -8.639506
 -8.823076 -8.548968 -8.761074 -8.637766 -8.400372 -8.507788 -8.208508
 -8.977124 -8.553492 -8.452572 -8.57704  -8.776966 -8.543458 -8.452746
 -8.551752 -8.577272 -8.334832 -8.761248 -8.257112 -8.640666 -8.26819
 -8.97347  -8.189774 -8.293942 -8.4448   -8.555986 -8.658124 -8.6188
 -8.505062 -8.891574 -9.269212 -8.470784 -8.24992  -8.968076 -8.548388
 -8.555232 -8.434186 -8.614914 -8.504134 -8.498972 -8.407216 -8.833284
 -8.96332  -9.275476 -8.24934  -8.412958 -8.790074 -9.273852 -8.648844
 -8.735206 -8.149174 -9.310392 -9.105246 -7.961486 -7.963864 -8.601922
 -7.934342 -6.979952 -7.92077  -8.854164 -8.451412 -8.50976  -8.632604
 -8.78323  -5.700762]"
1057,"[ -8.016528  -8.92446   -8.695012  -8.476642  -8.599718  -7.854418
  -9.33626   -8.095698  -8.912222  -8.936872  -8.238262  -9.060006
  -8.560916  -8.672508  -8.494216  -7.878372  -9.684608  -9.435092
  -7.594288  -6.846088  -7.708432  -8.069772  -9.567622  -9.051944
  -8.416438  -8.550998  -9.670862  -6.892314  -7.528168  -5.650012
  -7.757036  -9.527312  -9.381442 -10.424108 -10.230678 -10.87935
 -10.024778 -10.30602   -8.454834  -8.107936  -9.384226  -8.703538
 -10.320636 -10.180972  -9.780714  -8.365282  -8.41493   -9.649228
  -9.858898  -9.439326  -8.244584  -8.490388  -8.70957   -8.014904
  -8.8769    -8.814608  -8.535164  -9.887492  -7.672414  -9.335042
  -9.423782  -9.51548   -8.549838  -8.329438  -7.944202  -7.823968
  -9.225364  -8.238146  -8.213612  -8.363716  -9.133492  -9.544596
  -8.100338  -7.64904   -8.049762  -7.056222  -6.942948  -8.684862
  -9.663496  -9.104956  -9.228264  -9.891668  -9.764474 -10.157018
  -8.168894  -8.566542  -8.02894   -8.914078  -8.004696  -8.219586
  -9.80983   -9.12572   -9.517162  -8.864256  -9.040112  -8.927708
  -9.662104  -8.787116  -8.140532  -7.687784  -8.806256  -5.195118]"
1058,[-8.06693  -7.707504]
1059,"[ -9.570058  -8.097786  -9.555964  -9.247056 -10.115142  -9.938532
  -8.842158  -9.143526  -9.497964  -9.636526 -10.032492  -9.546046
  -9.801884 -10.428342  -9.206746  -9.346352  -9.469486  -9.544596
  -9.04974   -8.996264  -9.52128   -9.819864  -9.044346  -8.840186
  -9.165972  -8.940352  -9.614892  -8.93867   -9.134884  -9.099968
  -8.886122  -9.328488  -9.259178  -9.279594  -8.858804  -9.503532
  -8.594382  -8.919008  -9.215388  -9.478418  -9.221826  -8.610448
  -9.901702  -9.092486  -9.14196   -9.203614  -9.531256  -9.123516
  -9.036632  -9.18836   -9.263122  -9.468326  -9.266254  -8.820988
  -9.311146  -9.53607   -9.285394  -8.891632  -9.602132  -9.212314
  -9.84463   -8.89546   -9.636004  -9.290498  -9.18981   -9.11325
  -9.362534  -9.121196  -9.891088  -9.086744  -9.491236  -9.366188
  -9.28638   -9.183024  -9.14979   -9.06337   -8.897664  -9.317874
  -9.425058  -8.863502  -8.354726  -9.63264   -8.87429   -9.547728
  -9.326168  -9.549642  -8.932    -10.068974  -9.873282  -8.891864
  -9.272054  -9.18836   -9.326342  -9.619938  -9.46386   -9.223914
  -8.901492  -9.360678  -9.227916  -9.106696  -9.315206  -9.408586
  -9.306912  -9.371176  -9.566984  -9.092022  -9.10861   -9.642616
  -8.620772  -9.4395    -9.286264  -9.297922  -9.05641   -9.3815
  -9.18053   -9.403018  -8.94969   -8.87342   -9.163536  -9.081466
  -8.95114   -9.176702  -9.521222  -9.340494  -9.555094  -9.048986
  -9.280116  -8.841172  -9.375642  -9.341538  -9.007052 -10.052386
  -9.163304  -9.646328  -9.33249   -9.283828  -8.936698  -8.628486
  -8.97347   -9.717552  -6.283546]"
1060,"[ -9.002064  -9.253784  -9.157388  -9.164928  -8.51237   -8.986346
  -9.491816  -9.500922  -9.00392   -9.433236  -9.211966  -9.278956
  -9.24143   -9.28203   -9.277622  -9.284118  -9.739766  -9.092486
  -9.658856  -9.064646  -9.128736  -9.432366  -9.451332  -8.53035
  -8.426704  -9.251812  -8.297654  -8.580056  -9.693366  -9.588792
  -8.331004  -9.88117   -8.831138  -7.651882  -6.217078  -6.96783
  -7.873558 -10.127322  -9.412414]"
1061,"[-12.629442 -12.72259  -12.829078 -12.809184 -13.114554 -13.052726
 -12.576198 -12.496042 -12.949602 -13.093268 -12.62979  -12.092942
 -12.88963  -12.903086 -12.694228 -12.431894 -12.126292 -12.86527
 -12.564076 -12.293854 -12.230112 -12.613492 -12.722358 -12.435432
 -12.680656 -12.602994 -12.594526 -12.398544 -11.764372 -12.340138
 -12.337934 -12.7745   -12.649684 -12.76029  -12.876812 -12.832036
 -12.535772 -12.830818 -12.872926 -12.94357  -12.680018 -12.193572
 -12.484674 -13.246504 -13.060788 -12.663952 -12.699796 -12.46362
 -12.432764 -12.584144 -12.496912 -12.33747  -12.891486 -12.675552
 -12.951052 -13.072098 -12.184118 -12.613086 -12.88238  -12.284052
 -12.956446 -12.877566 -12.756114 -12.850074 -13.14106  -12.485776
 -12.450744 -12.984286 -13.00302  -12.816028 -12.227734 -12.424702
 -12.400806 -12.910162 -12.832268 -12.76261  -12.64864  -11.57941
 -12.08546  -11.897424 -13.365578 -11.677082 -13.02941  -12.55323
 -12.587044 -12.64835  -12.410724 -12.900824 -12.369138 -12.828092
 -12.534902 -12.784534 -12.939626 -12.880872 -12.63443  -12.686688
 -12.574168 -12.88731  -13.0993   -12.800542 -12.845434 -12.76203
 -12.860978 -12.521214 -12.841084 -13.016534 -12.231098 -12.587276
 -13.166696 -11.762052 -12.707626 -12.867126 -12.759304 -12.40649
 -12.974368 -12.561524 -12.763016 -12.357074 -12.252616 -12.952444
 -12.991768 -13.059222 -12.65444  -12.73564  -12.885628 -12.999018
 -12.858542 -12.191716 -12.735756 -12.329524 -12.676886 -12.869678
 -11.686594 -11.803406 -12.158308 -12.809938 -12.79828  -12.536874
 -12.734422 -12.688428 -12.374706 -12.821248 -12.741266 -12.578576
 -12.222514 -12.70751  -12.485254 -12.310732 -13.004702 -12.59441
 -11.840178 -12.834994 -12.697128 -12.54888  -12.93777  -12.697708
 -12.861964 -12.932724 -12.79335  -12.870084 -12.789754 -12.447148
 -12.211784 -12.448714 -12.76058  -12.568078 -12.963464 -12.836444
 -12.123566 -12.8006   -12.714934 -12.259054 -12.266826 -12.415248
 -12.837488 -12.845956 -12.890384 -11.704284 -12.761102 -13.149064
 -12.796714 -12.751938 -12.70403  -12.9456   -12.968336 -12.746138
 -13.045186 -12.937944 -12.591974 -12.553926 -12.715572 -12.912366
 -11.982568 -12.54163  -12.91921  -13.115772 -12.46884  -11.817616
 -12.335788 -12.451092 -13.055394 -12.53525  -12.60514  -12.772354
 -12.97402  -12.970714 -12.761334 -13.107768 -12.781982 -13.006616
 -12.48218  -12.327146 -12.496796 -12.674044 -12.49929  -12.471392
 -12.260504 -12.438854 -12.894212 -12.362468 -12.908828 -12.917876
 -12.81655  -13.098082 -12.527478 -12.745848 -12.523012 -12.851118
 -12.028678 -12.534728 -12.292172 -12.652178 -12.888528 -12.741324
 -11.408426 -11.684796 -12.938814 -12.926808 -11.399204 -12.233128
 -12.665286 -12.72607  -12.516516 -12.065218 -13.029178 -12.309456
 -12.550272 -12.892066 -12.846362 -12.824148 -12.591916 -12.953198
 -12.344488 -12.530494 -12.505322 -12.543834 -12.682628 -12.698694
 -12.945716 -12.883598 -12.778618 -12.415364 -12.777342 -12.666272
 -13.060846 -12.876464 -12.75188  -12.517212 -12.788536 -13.11467
 -13.04565  -13.017404 -12.836328 -12.597078 -12.677988 -12.864052
 -12.896648 -12.43694  -12.586696 -12.738946 -11.796156  -8.536556
  -7.773682  -8.786536  -7.399292  -9.396986  -8.793612  -9.03408
 -11.298226 -11.225958 -12.73042   -9.18401   -9.03553   -8.729058
  -8.409536  -8.21802   -9.098112  -9.52737   -9.15472   -8.02778
  -8.806082  -7.943448  -7.791314  -9.970026  -9.172062  -9.052176
 -10.061782  -9.241952 -11.124516 -10.224588 -10.319708  -9.676894
  -9.707228 -10.691778 -13.22777  -11.994864 -12.60079  -13.043736
 -12.495346 -12.983822 -13.10452  -13.182008 -13.33797  -13.149528
 -12.456718 -12.532756 -13.518814 -13.5662   -12.73709  -13.28403
 -13.407686 -12.653222 -12.320882 -11.208732 -11.808394 -10.191702
 -11.03392   -9.620576 -11.96163  -12.459618 -12.849784 -13.166522
 -11.909894 -11.734386 -13.44063  -12.76174  -11.016114 -10.765322
 -10.526362 -12.163644 -12.50393  -12.438158 -13.049652 -12.819914
 -12.652236 -13.00215  -12.801644 -12.826874 -13.073316 -13.109682
 -12.958766 -12.696954 -12.973266 -11.691176 -12.732334 -13.374974
 -13.586326 -12.054662 -13.087062 -13.067168 -12.787898 -12.366644
 -12.916136 -13.422302 -12.633444 -12.528522 -10.50757  -11.956642
 -13.45136  -13.457508 -13.395506 -13.374742 -13.232004 -12.435838
 -12.346982 -13.284204 -13.054118 -12.350926 -12.46391  -12.861152
 -13.547118 -12.689646 -11.814542 -12.887658 -12.428994 -11.060426
 -12.661516 -10.592018 -11.330706 -10.325218]"
1062,"[-10.048326  -9.077406  -8.871216 -10.282762  -9.455972  -9.846544
  -9.689654 -10.494752 -10.19234   -9.762908  -9.033616 -10.366108
  -8.857006  -9.576264 -10.131846  -9.683854  -9.906806  -8.835662
  -9.086338  -9.549236 -10.054242  -9.483638  -9.502198  -7.361882
  -8.687936  -6.020806  -7.472662  -7.178486  -8.376418  -8.42769
  -7.69718   -8.196502  -8.19018   -7.83551   -7.697992  -8.857122
  -8.98217   -9.358648  -9.517394  -9.341944  -8.425486  -9.091616
  -8.920748  -9.249086  -8.74118   -9.896482  -9.801478 -10.591206
 -10.443132  -9.999374 -10.018398  -9.252392 -10.125002 -10.355784
  -9.433178  -9.657232  -9.092196  -9.68948   -9.997112  -8.745704
 -11.15514  -11.023422 -11.137102 -10.962812 -10.014802  -9.335042
 -10.665214  -9.683912  -9.107334 -10.055402 -10.595904 -10.022632
  -9.630088  -9.48735   -9.744232  -8.211466  -9.448548  -9.452492
 -10.42956  -10.262114 -10.121464 -10.525318 -10.060332  -9.39832
 -10.29094   -9.93598   -9.704676  -9.462352  -8.190702  -8.78642
 -10.084518  -9.651838  -8.27631   -7.825012  -8.786304  -7.58205
  -6.940628  -8.944702  -9.122008  -8.061478  -8.510572  -8.92881
  -9.39252   -9.04771   -8.950676  -9.443212  -8.859036  -8.3694
  -5.254858]"
1063,"[ -7.921466  -7.98225   -9.905472  -8.799296 -10.38606   -9.596796
  -9.522962 -10.317852 -11.244054 -11.22155  -11.631668 -11.691814
 -11.643558  -9.693888  -9.37976  -10.897214 -10.289548 -11.015186
 -10.971048 -10.796932 -10.236362 -10.98462  -10.808184 -10.557914
  -9.247288 -10.460822  -8.024938  -8.713108  -9.562924  -9.680026
  -8.789958  -9.508114  -8.081372 -10.108762  -9.056642  -9.879894
  -9.80287  -10.072338 -10.353058 -10.437622  -9.800434 -10.084402
  -9.22461   -9.608396  -9.875486  -8.426182  -8.415974  -9.135174
  -8.356408  -9.25158   -8.49381   -9.069054  -7.881446  -8.2969
  -8.812926  -9.102694  -9.475634  -9.092254  -9.726774  -9.380224
  -9.075956  -9.603002  -9.731008  -8.50918   -8.134964  -7.496906
  -8.215236 -10.706568  -9.012852  -8.305136  -8.699362  -9.73588
 -11.127764 -11.732878 -11.366144 -10.19901  -11.007124 -10.864444
  -8.801732 -11.005964 -11.205368 -10.924184  -9.42442  -10.979342
 -10.978762  -9.899266 -10.741832 -11.271082  -9.4975    -7.276622
  -7.95412   -6.783738  -7.102912  -5.918958  -6.885412  -5.908402
  -8.490388  -7.059992  -9.856462  -8.6884    -7.032326  -9.436716
  -8.915296  -8.226372  -9.326284  -8.904972  -7.902732  -8.472466
  -8.12203   -8.547344  -8.732364  -8.811476  -8.461968  -8.645596
  -7.886724  -6.734844]"
1064,"[ -8.417888  -9.265268  -9.211328  -9.234528  -8.77743   -9.230874
  -9.403308  -9.855998  -8.92098   -9.728224  -9.337942  -9.385386
  -8.919936  -9.15588   -9.055134  -9.18111   -9.349542  -9.458408
  -9.2162    -9.264282  -9.07787   -9.331968  -8.96013   -9.104898
  -9.316076  -8.992146  -9.902572  -9.026482  -9.93134   -9.518322
  -8.88038   -9.687218  -9.076652  -9.784948  -9.054612  -9.289222
  -9.080248  -9.779438 -10.33734  -10.578562  -9.779786  -8.611666
  -9.509912  -9.407832  -8.561032  -9.448258  -8.674654  -9.099098
  -9.878212  -8.871506  -9.29885   -9.664482  -9.025554  -9.553238
  -8.743152  -9.269328  -9.786688  -9.087788  -9.316598  -8.952706
  -8.87603   -8.611724  -8.37346   -6.798064  -6.6758    -8.071222
  -8.987622  -8.197836  -7.310262  -8.569036  -7.169322  -8.213786
  -9.988702  -8.311574  -8.826614  -8.80063   -7.471966  -8.787058
  -9.54245   -9.180298  -9.655376  -9.682404  -9.500052  -9.959412
 -10.045716  -9.72428  -10.06967   -9.94758   -9.974144  -9.977798
  -9.930006  -9.891436  -9.498022  -9.684782  -9.63351   -9.55724
  -9.890508  -9.221536  -9.360794  -9.688958  -9.801884  -9.651258
  -9.674806  -8.336456  -9.467978  -9.439674  -9.738316  -9.718828
 -10.056504  -9.777234  -9.064124  -9.701718  -9.985976 -10.015614
  -9.62916   -9.682172  -9.96411   -8.572574  -8.410464  -7.710346
  -8.749242  -9.361432  -7.186664  -9.534678  -8.562714  -8.874348
  -9.96498  -10.018688  -9.72341   -9.839642  -9.793938  -9.602074
  -9.64714   -9.272054  -9.634206  -9.711172  -8.644262  -9.47633
  -9.535896  -9.181342  -9.594244  -9.535316  -9.444198  -8.701798
  -9.889     -9.420418  -8.886934  -9.169452  -9.052408  -8.452978
  -8.04692   -7.75895   -6.195444  -8.570254  -9.190448  -9.103216
  -9.020682  -7.82304   -7.471502  -8.62257  -10.743514  -9.100142
  -9.159882  -8.822032  -8.011482  -7.47794   -6.477208  -5.792228]"
1065,"[-10.239146 -10.377476 -10.479382 -10.321854 -10.136486 -10.241408
  -9.531778  -9.301054 -10.252486 -10.39708  -10.519402 -10.363208
 -10.558436 -10.484544 -10.16131   -9.873978  -9.412588  -8.553376
  -5.550716]"
1066,"[ -9.939808  -9.717726  -9.767606  -9.754266  -9.622838  -9.41485
  -9.750496  -9.540884  -9.028106  -9.05177   -9.087788  -8.996264
  -8.46974   -8.701508  -9.644704  -7.543364  -7.993444  -8.618452
  -8.787464  -9.924148  -9.810874  -9.272112  -8.827368 -10.447076
  -9.283712  -7.491686  -9.498486  -8.787232  -7.902964  -8.066524
  -7.450854  -7.791024  -8.782766  -7.682506  -7.595564  -9.0886
  -8.025692 -10.583434 -10.076688  -9.73298  -11.100736 -10.84687
 -10.840316 -10.768802 -11.175614 -11.120456 -11.32943   -8.758638
  -8.00719   -9.136856  -8.214656  -7.967518  -8.714558  -9.314394
  -8.425544  -8.80266   -8.191398  -7.959108  -9.723062  -6.085244
  -5.909562  -8.304904  -8.31227   -8.320564  -8.467652  -8.334716
  -8.231766  -8.884266  -8.167444  -8.11536   -9.297806  -9.933892
  -9.235224  -7.941998  -9.138306  -9.930238  -9.438224  -9.580672
  -9.918522  -9.910982 -10.124944  -9.621562  -9.17183   -7.224248
  -8.233506  -8.812404  -7.632452  -6.787682  -8.923358  -8.722388
  -7.742362  -9.959412 -11.39149   -9.72225  -11.223174 -10.394006
 -10.340356 -10.03226   -9.791676  -8.260592  -8.899462 -10.38432
 -10.372314  -9.97513   -9.60161   -9.913766 -10.494056  -9.535896
  -9.355052  -9.5468    -9.49547   -9.147412  -8.636026  -9.494136
  -8.929912  -9.804262  -9.6164    -9.885578 -10.066538  -9.807626
 -10.947094 -11.24475  -11.186518 -11.120688 -10.453572 -10.329916
 -10.36083  -11.16732  -10.143794 -10.759754 -10.535584  -9.802638
 -10.729768 -10.543356  -9.248564  -7.754948  -6.46874   -6.681426
  -8.442248  -9.287482  -9.144338  -7.679722  -6.599878  -9.63177
  -7.085686  -7.636396 -10.023096  -9.27768   -7.931268  -7.953946
  -7.850242  -9.922118  -7.90366   -7.478404  -7.604438  -7.109872
  -7.79636   -6.68856   -7.008546 -10.0369    -8.886296  -9.911098
 -10.06909   -8.809098  -9.145962  -9.141902  -9.411138  -8.08317
  -8.28472   -8.646698  -8.340574  -8.78468   -9.656594  -9.169742
  -8.592816 -10.0978   -11.192202 -11.27172  -11.23402  -11.11686
 -11.147832 -10.70013  -10.041714 -10.523172 -10.77959  -11.451288
  -9.94729  -10.783824 -10.424166 -11.223696 -11.13368   -9.226756
  -8.899868  -7.138118]"
1067,"[ -9.467688  -8.15277   -6.021618  -6.651904  -6.670406  -8.220108
  -6.466536  -8.35867   -8.165124  -8.840882  -9.39397   -9.293688
 -10.117404  -9.683216  -6.686182 -10.170184  -8.642464 -10.01776
  -9.97513   -9.848574  -9.32988  -10.190774  -9.836974  -9.205934
  -9.47807   -9.669122  -9.988064  -9.652418  -9.974956  -9.493846
  -9.385038  -9.441008  -9.773754  -9.30262  -10.024546 -10.614638
 -10.14855   -9.532126  -9.961036 -10.548808 -10.428342  -9.577888
  -9.638034  -9.994792  -9.608454  -9.714536  -9.878676  -9.631422
  -9.63902   -9.969562 -10.04154  -10.140662  -9.507708  -9.581542
  -9.23592   -9.688784  -9.348846  -9.755948 -10.064972  -9.78315
  -9.15356  -10.142402 -10.035914  -9.4395   -10.181146  -9.684666
  -9.58218   -9.275302  -9.548482  -9.575568  -9.409978 -10.01747
  -8.60633   -8.566658  -8.929796 -11.073766  -9.781352 -10.061724
 -10.103136  -9.21562   -9.813948 -10.847508 -10.728144 -11.126488
 -10.898432 -11.140988 -10.657964 -11.586776 -10.959564  -8.77801
  -8.119072  -8.85979   -8.723258  -7.986194  -8.426994  -8.707772
  -6.630038  -8.395442  -8.37984   -5.644154]"
1068,"[ -9.797766 -10.614928 -10.373938 -10.425268 -10.291752 -10.177898
 -10.48379  -10.175984 -10.565918 -10.590684 -10.79148  -11.03305
 -10.673276 -10.597412  -9.570522  -9.9093   -10.70564  -10.832486
 -10.469174 -10.510586 -10.54904  -10.415234 -11.20589  -10.778082
 -10.788    -10.56528  -10.45131  -10.15145  -10.472944  -9.937952
 -10.736032 -10.983402  -8.943774 -10.872796 -10.127612 -10.253878
  -9.345366 -10.225922 -10.412972 -10.98317  -10.3414   -10.449976
 -10.230794 -10.798962 -10.786492 -10.163572 -10.5038   -10.898316
 -10.163688 -10.458792 -10.9794   -11.024988  -9.705836 -10.622178
 -10.525144 -10.430894 -10.712484 -10.64706  -10.633082 -10.89095
 -10.06706  -10.451658 -10.307876 -11.0838   -10.34227  -10.084518
 -10.756622 -10.310892 -10.322724  -8.557552  -9.01726   -7.920886
  -7.973318  -9.086164  -8.727202  -9.197118 -11.135478 -10.08707
 -11.154212 -11.023422 -10.145824 -10.12593   -8.228344  -8.849582
  -6.824686  -9.032688 -10.621366  -9.829724 -11.01043  -10.088288
 -10.298654 -10.519344 -10.745544 -10.456414  -9.18807   -9.133202
  -9.700326 -10.803254 -11.881822 -10.611506 -10.062246 -11.20879
 -10.689748  -9.4656    -7.644168  -5.855332  -5.638876  -5.29047 ]"
1069,"[-9.097474 -9.29479  -9.393506 -9.455508 -9.314858 -9.301982 -9.402612
 -9.087324 -9.481898 -9.326458 -9.36845  -9.351398 -9.502662 -9.11209
 -9.359054 -9.589894 -9.205818 -9.051886 -9.53955  -9.543204 -9.018768
 -9.428074 -9.214518 -9.426334 -9.381152 -9.503938 -9.770506 -9.47111
 -9.457132 -9.46386  -9.259004 -9.426682 -9.32147  -9.756586 -9.363462
 -9.33771  -9.337594 -9.41166  -9.447388 -9.007864 -9.225654 -8.978226
 -9.47169  -9.362186 -9.60973  -9.52389  -9.105188 -9.379818 -8.909264
 -9.216606 -9.266834 -9.290092 -9.627478 -9.518554 -9.445648 -9.7324
 -9.412414 -9.355284 -9.435672 -9.299198 -9.42442  -9.421926 -9.537868
 -9.490598 -8.940062 -9.291252 -9.43399  -9.417634 -9.599928 -8.973412
 -9.273968 -9.49054  -9.42732  -9.33684  -9.268284 -9.499298 -8.486154
 -9.207674 -9.560314 -9.240908 -9.427204 -9.182038 -9.504054 -9.125604
 -9.484334 -9.26231  -9.444198 -9.327444 -9.456784 -9.411312 -9.733966
 -8.998932 -9.30407  -9.314104 -9.185228 -8.643392 -9.377556 -9.576438
 -9.289106 -9.671036 -9.532068 -9.02016  -9.302388 -9.408586 -9.26579
 -9.183314 -9.296182 -9.478882 -9.526732 -9.384864 -9.528472 -9.404004
 -9.093878 -8.925098 -9.251    -9.38556  -9.675792 -9.439558 -9.514668
 -8.97927  -9.404004 -9.260454 -9.024278 -9.016158 -9.13964  -9.718828
 -9.39774  -9.29885  -9.440486 -9.415198 -9.572958 -9.548366 -9.144396
 -9.540942 -9.305114 -9.57029  -9.262658 -9.21446  -9.385966 -9.053104
 -9.59784  -9.541058 -9.20982  -9.267124 -9.375526 -9.425696 -9.19822
 -9.214866 -9.00073  -9.7614   -8.835952 -9.181516 -9.360562 -8.871738
 -9.406788 -9.532996 -9.450114 -9.594592 -9.287366 -9.636468 -9.199902
 -9.138364 -8.701856 -9.2945   -9.419722 -9.536418 -9.471864 -9.437238
 -9.096604 -9.211154 -9.126358 -9.485552 -9.278492 -9.262832 -9.844688
 -9.561416 -9.606366 -9.01204  -9.281044 -9.61959  -8.620946 -9.742956
 -8.403504 -9.888884 -8.722388 -9.159592 -8.739382 -6.701958]"
1070,"[ -9.672892  -8.524202  -9.536998 -10.358278 -10.429502  -9.897758
  -9.814122 -10.16914  -10.27441   -9.102694  -9.105478  -8.80179
  -9.883432  -8.872898 -10.03516   -9.618198 -10.181958 -10.163862
 -10.124712  -9.61785   -9.786398  -8.618162  -9.685362  -9.720046
 -10.223892  -8.518402  -8.226198  -8.838272 -10.375794  -9.851242
 -10.337282  -8.558248  -9.55608   -7.927962  -9.074622  -9.989804
  -8.563874  -8.080502  -8.018848  -8.191978  -8.728536  -8.696694
 -10.1413   -10.292448  -9.293166  -9.831232 -10.232418 -10.240074
  -9.957034  -9.803508 -10.427646 -10.15551  -10.58036   -9.849618
  -8.856542  -7.498994  -9.115338  -8.003304  -9.077406  -9.159766
  -9.73124   -8.77076   -7.908822 -10.077326  -9.006472  -9.462874
 -10.255908  -9.447156  -7.403178  -6.100672  -8.090188  -6.597094]"
1071,"[-12.65038  -12.573066 -12.363106 -11.987382 -11.486668 -11.376874
 -12.881336 -12.70084  -11.468514 -12.801296 -12.064174 -12.780938
 -13.084742 -12.780938 -13.155328 -13.121746 -12.99374  -12.977442
 -13.004876 -12.980922 -12.81539  -12.478294 -12.37401  -12.183654
 -12.917934 -13.200394 -12.944846 -11.527674 -13.104346 -13.399276
 -13.121224 -12.972222 -13.3661   -13.095356 -13.005572 -12.843114
 -12.984112 -12.566686 -12.862892 -12.023516 -12.513326 -13.073722
 -12.966248 -13.018216 -13.054466 -13.032658 -13.270922 -12.781344
 -12.703972 -12.959172 -13.199002 -11.565026 -10.642304 -10.704248
  -9.817428  -9.112496  -8.083228  -9.061224 -10.809808  -9.107624
  -9.212024  -8.718908 -10.429792  -7.921582  -8.145752  -9.486886
  -8.299278 -10.433852 -10.690618 -12.655136 -12.502828 -13.31506
 -12.42099   -9.922524  -5.76868 ]"
1072,"[-10.456936 -11.077942 -10.32806  -10.060622 -10.280732  -9.84057
 -10.231258  -8.534004 -10.291984  -8.86501   -8.13102   -8.830732
  -9.75502  -10.398182 -10.268436 -10.506526 -10.107486 -10.88747
 -10.506004 -10.515342 -10.370516  -9.542334 -10.26426   -9.671442
  -9.952278  -9.988122  -7.941244  -7.383632  -8.714268  -9.99137
  -9.64714   -8.95491   -9.560198  -9.813774  -9.690234  -8.572922
  -6.849684  -6.460388  -6.257446  -5.159564  -7.677112  -8.23252
  -6.295378  -5.55263   -7.579034  -5.90701   -7.326502  -7.923844
  -5.584878]"
1073,"[ -9.541348  -9.350644  -9.222638  -9.079436  -9.54854   -9.504634
  -8.893778  -9.719756  -9.444894  -9.233948  -9.09962   -9.471632
  -8.556508  -9.419258  -9.076362  -9.397218  -8.93171   -9.021726
  -9.600914  -9.82723   -9.439964  -9.341538  -9.256046  -9.084946
  -9.79098   -9.579686  -9.350818  -9.107392  -8.988318  -9.371698
  -8.944528  -9.231338  -9.34612   -9.534504 -10.366746 -10.096466
  -9.20721   -9.343858  -9.323558  -9.06888   -9.322108  -8.17597
  -6.687342]"
1074,"[ -9.694642  -9.038604  -9.419548  -9.760182  -9.21388   -9.31451
  -9.549642  -8.436854  -9.122008  -8.736192  -8.431344  -8.431808
  -9.239342  -9.164754  -9.58508   -9.580382  -9.119746  -9.913824
  -9.708968  -9.265558  -9.21678   -9.103796  -9.444952  -9.096836
  -8.266276  -7.771884  -8.704582  -8.88444   -9.036574  -9.3264
  -9.034196  -9.264108  -9.18749   -9.39745   -8.786014  -9.533634
  -8.67912   -8.11507   -9.394608  -8.849872  -9.775842  -9.334694
  -9.930528  -9.713434  -9.393332  -9.716392  -9.289338  -9.752004
  -8.750228  -9.370016  -9.765112  -8.922372  -9.840744 -10.413146
  -9.782048  -9.299604  -9.72718   -9.812962  -9.818704  -9.381268
  -9.186562  -8.261868  -7.816602  -8.543458 -10.088984 -10.081676
  -9.447388  -8.368704  -9.393506  -9.198974  -9.508926  -9.304012
  -9.597086  -9.235398  -9.859304  -9.28406   -9.691858  -9.661814
  -8.930376  -8.047616]"
1075,"[ -9.95686   -9.93859  -10.288852 -10.826686 -10.4574   -10.638244
 -10.607446 -10.625658 -10.596832 -10.61342  -10.417206  -8.514632
  -8.447236  -7.424638  -9.86551   -9.14747   -9.070852 -10.05691
  -9.884128  -9.341828  -9.362708  -9.525282  -8.429488  -8.412494
 -10.048036  -8.690024  -9.541928 -10.182828  -8.734568 -10.103136
  -8.543458  -7.62961   -9.491642  -7.945072  -9.15385   -9.124792
  -9.471748  -8.215062  -8.626398  -8.836532  -8.906074  -8.283444
  -8.97115   -9.19561   -9.57087  -10.262926 -10.1674    -9.992008
  -9.4453    -9.701602  -9.411602 -10.103136  -9.39658  -10.089564
  -9.694236  -9.20895  -10.385712  -7.863988  -9.593084  -8.857818
  -8.866866]"
1076,"[-10.362512 -10.945064 -11.504648 -10.90893  -11.177934 -10.1326
  -9.84695   -9.114758  -7.681752  -8.911642  -9.114816  -8.601632
  -8.619902  -7.717132  -8.783288  -9.008328  -8.582434  -8.706264
  -8.21976   -7.664874  -9.52418   -7.902384 -10.02327   -8.934146
  -6.096496  -6.52471   -8.719894  -7.701356  -9.718306  -9.227336
 -10.47016   -9.952162  -9.12166  -10.608896  -9.16922   -8.762988
  -8.2128   -10.34401  -10.706336 -11.051494 -11.170916 -10.720082
 -11.843426 -11.312262 -10.018978 -10.350796  -9.926352  -9.944448
  -9.901064 -10.010626 -10.10592   -9.823518  -9.771666  -6.415496]"
1077,"[-10.493592 -10.0514   -10.56325   -9.909416  -9.970548 -10.2022
 -10.324058 -10.339138 -10.76306  -10.047108  -9.059194  -9.033152
  -8.83601   -9.81679   -7.616212  -8.813216  -9.92902  -10.785564
  -9.844746 -11.016114 -11.10207  -11.687754 -11.26331  -10.45392
 -10.640216 -12.002926 -10.607388  -9.747654 -11.711882  -9.00073
 -10.746704 -11.329256 -11.892204 -12.046484 -11.578946 -11.260526
 -11.672964 -11.338884 -11.59188  -10.270524 -10.669448 -10.70303
 -10.985026  -9.900368  -9.757282  -9.129374 -10.832022 -11.17254
 -10.69143  -10.406128  -9.784426 -10.417612 -10.619104 -11.33842
  -9.90118  -11.250144 -11.814252  -8.405824  -9.142656  -9.141902
  -8.632082  -9.308188 -10.726056 -10.833124 -10.02936  -10.952024
 -11.03827  -11.91552  -11.170104 -11.592692 -11.319628 -11.546466
 -11.271314 -11.293934 -11.53736  -10.813346 -11.00028   -9.860116
  -9.918696  -9.342582 -10.183234  -9.713028 -11.466194  -9.89393
 -10.312342  -9.528588  -9.91017   -9.461366 -10.206492 -11.502792
 -11.404946 -11.571348 -10.519518 -10.118912  -9.927976 -10.68389
  -9.852344 -10.56064  -10.549562 -10.820248 -10.428342 -10.758478
 -10.659878 -10.463142 -10.206202 -11.439282 -10.341168 -11.058396
 -10.829934 -11.236862 -11.516132 -12.018702 -11.036646 -11.49038
 -11.744826 -11.835654 -12.018876 -11.049232 -11.652316 -11.21952
 -11.121152 -11.714144 -11.24678  -11.636888 -11.7885   -10.855628
  -9.774102  -9.6367   -11.86709  -10.19379   -9.496166 -10.24657
 -11.480462  -9.679272  -8.090304  -8.768614 -10.587378  -9.696556
 -10.14623   -8.33373   -8.972136  -9.509506  -9.162956  -7.983584
  -9.37744   -8.762582  -8.680512  -9.346584  -9.409804  -9.013954
  -7.991414  -8.707772  -9.244562  -8.353624  -8.99493  -11.105666
  -9.909416  -9.94091  -10.29819  -10.451194 -10.657964 -10.099656
  -9.230642  -7.51651   -6.585146  -6.45627   -5.730516  -7.496616
  -8.78091   -8.808518  -9.184474  -8.325784  -9.077464  -8.064784
  -8.521244  -9.381268  -9.816964  -8.139082  -8.057824  -8.621178
  -7.04758   -8.496478  -8.032652  -8.059332  -8.099294  -7.954294
  -9.160694  -6.799108  -7.188636  -6.522738  -7.701588  -7.623984
  -7.330852  -9.457364  -8.844768]"
1078,"[-11.059556 -10.987984 -11.556964 -10.308108  -9.900542  -9.243112
  -9.072128  -9.292122  -9.797882 -10.754418 -11.096734 -11.139654
  -9.800028  -9.463222 -10.207246 -10.681106 -10.918152 -10.959854
  -9.859246 -10.345692 -10.91038  -11.134144  -9.895844 -10.93155
 -11.008168 -10.781968 -11.08902  -10.798904 -10.005232 -10.341168
 -10.494462  -9.988818 -10.782664  -9.599174  -9.400234  -9.34351
  -9.326052  -8.452978 -11.009038 -10.869838  -9.501038  -8.658356
  -9.165624 -10.358394 -10.206434  -9.775378 -10.412566 -10.358742
 -10.68824  -10.353232 -10.513486 -10.173954  -9.62423   -9.246418
  -9.491526 -10.034116  -9.92757  -10.301612 -11.245272  -9.0335
  -7.757152  -8.386162  -8.87255   -8.838272  -7.691496  -8.438188
  -9.113366  -8.86327   -8.615726  -9.726078 -10.76741   -9.10542
 -10.356886  -8.293246  -9.618314  -9.445996  -8.656036  -7.463498
  -6.83617 ]"
1079,"[-10.786318  -9.449534  -8.151668  -7.941476  -7.492672  -6.503192
  -7.123792  -5.456988  -5.57873   -7.20563  -10.839794  -8.80034
 -11.176136  -9.499124 -10.822626 -11.442704 -10.72565  -10.492316
  -9.46647   -8.348984  -8.395674  -8.461968  -7.355908  -7.527588
  -8.499552  -7.206674  -6.865286  -8.322072 -10.317272  -9.70427
 -10.245526  -9.656246 -10.034754 -10.051864  -9.879024  -9.724802
  -9.419084  -9.825026 -10.597238  -6.620178  -7.4327    -6.552202
  -7.040388  -9.514088  -9.575452  -7.557922  -7.714348 -10.649496
  -9.498486 -10.808532  -9.772942  -9.953728  -9.110176  -8.917442
  -9.700674  -7.812832  -5.348412  -5.311466  -8.6246    -9.26753
  -7.533446  -7.213112]"
1080,"[ -9.76372   -8.222138 -10.24338   -9.89799  -11.419098  -9.868758
 -11.805204 -11.535098 -12.07589  -11.007994 -10.460068 -10.739628
 -10.432054 -11.295094  -9.111568 -10.998772 -10.770368  -9.345308
 -11.465846 -11.465788 -11.111814 -11.991384 -11.446358 -11.123182
 -11.116744 -11.436788 -11.65887  -11.93495  -11.50198  -11.686304
 -12.053676 -11.400712 -11.216852 -11.745174 -11.718436 -10.836198
 -12.511064 -11.084554 -11.446126 -10.692822 -11.8001   -10.849828
 -10.502234 -11.827186  -9.60277  -11.007182 -10.712078  -9.687508
 -10.254864 -10.464882 -10.437854 -10.00906   -9.79881  -11.942838
 -11.062224 -10.87616  -11.41237  -10.543472 -11.048594 -11.667686
 -12.094102 -12.103846 -11.386154 -11.133738 -11.811352 -11.801492
 -11.175962 -11.184256 -10.656862 -11.427276 -11.069532 -10.8547
 -10.764626 -10.847102 -11.145686 -11.140756  -9.261846 -10.955852
 -10.72159  -10.558378 -10.951734  -9.88436  -11.041808 -11.227234
 -11.493802 -11.197074 -11.657536 -11.13542  -11.997532 -11.321252
 -10.799426 -11.102592  -9.86754  -10.595382 -10.865836 -10.427994
 -10.445104 -10.240422 -10.704944 -10.362338 -10.66533  -10.38403
 -10.089506  -8.619496  -9.506954 -10.035914  -8.61445   -8.93925
  -9.871252  -8.24789   -8.557668  -7.623172  -7.048044]"
1081,"[ -8.453964  -7.573234  -7.617082  -9.717088 -10.196516  -9.574756
  -8.875102  -8.526812  -8.10492   -9.252218  -9.266776  -8.760088
  -8.023836  -8.776966  -7.269778  -8.091116  -8.58429   -9.396986
  -9.517104  -8.43726   -8.208856  -8.974514  -6.931174 -10.233926
  -8.380594  -8.591076  -8.93606   -9.144512  -8.47293   -9.008908
  -7.792996  -7.68877   -8.5898    -8.446482  -8.622338  -8.821568
  -9.07845   -8.678772  -7.247738]"
1082,"[-10.491968 -10.703552  -9.022016  -7.489424  -7.095198  -7.897976
  -8.371198  -8.673842  -9.529284  -8.915064  -8.867852  -9.35714
  -9.85217   -9.77184   -9.795504 -10.21757   -6.930072  -7.622128
  -7.08586 ]"
1083,"[-10.486922 -10.660052  -9.77416  -10.831964 -10.38751  -11.160186
 -10.437158  -9.953844 -10.049892  -8.74843   -9.463628  -9.831812
  -9.923858 -11.197712  -9.81969  -10.38693   -9.111394  -9.73588
 -11.100156 -10.960898 -10.420396 -10.288562 -10.211422  -8.812404
  -7.68674   -8.518054  -9.658856  -9.09498   -9.152748  -9.434512
  -7.904762  -8.935306  -9.389504  -8.39231   -9.592214 -10.56441
  -8.638752  -9.174672  -8.682426  -8.994814  -9.221536  -9.374946
  -8.817102  -7.619112  -5.502634  -5.401772  -5.99546   -8.515792
  -9.761806  -8.796222  -7.27117   -7.157258  -7.239154  -9.2655
  -8.852598  -7.617372  -8.660096  -7.8155    -9.393912  -8.666882
  -9.534446  -9.54187   -9.080886  -8.491374  -9.173744  -6.900956
  -5.535752  -6.164878  -6.782404  -9.320774  -7.87756 ]"
1084,"[ -9.191028  -8.461098  -8.384712  -8.86327   -9.383994 -10.316054
  -7.93469   -9.759196  -7.61598 ]"
1085,"[ -8.907988  -8.280428  -9.077522  -8.680222  -8.587248  -8.21715
  -8.585218  -9.265442  -8.362962  -9.4337    -8.692518  -9.049276
  -8.273584  -9.308536  -9.431496  -8.168198  -9.09179   -8.656442
  -8.10753   -7.97674   -9.004384  -9.150428  -8.516488  -9.013258
  -9.008328  -8.482616  -9.028338  -8.904276  -9.360446  -9.214576
  -8.918486  -8.8595    -8.745066  -9.271706  -8.849118  -8.844478
  -9.035008  -8.67187   -8.693388  -8.151494  -8.700928  -9.00131
  -9.190738  -8.945688 -10.451368  -8.87922  -10.128192 -10.127786
  -8.887688 -10.52613   -8.837692  -9.67962   -9.218694  -9.116614
  -8.859384  -8.8305   -10.222732  -8.51759   -9.546916  -8.716124
  -8.980662  -9.8919   -10.133412  -8.803762  -9.977798  -9.126706
  -9.531662  -9.433642  -9.252218  -9.528414  -9.395304  -8.603198
 -10.074136  -8.8624    -9.900542  -9.54738   -9.501154  -9.33684
  -9.408006  -9.202164  -8.925736  -9.382718  -9.242706  -9.188708
  -9.540246  -9.859304  -8.785666  -9.802522  -9.419606  -8.814492
  -9.15646   -8.340342  -8.617002 -10.044324  -8.787058  -9.732574
  -8.784506  -8.94592   -9.853504  -9.434164  -9.529806  -9.57029
 -10.11433  -10.062188  -7.49737   -7.738186  -8.774008  -8.792742
  -6.861052  -8.640144  -9.496572  -8.73799  -10.203476  -8.86704
  -9.381326  -8.561786  -9.395768  -8.532206  -9.985164  -9.070504
  -8.719836  -9.587922  -8.633126  -9.673066  -9.345134  -9.128794
  -9.51026   -9.490424  -9.069866  -8.893082  -9.5555    -9.457074
  -9.689828  -9.1031    -9.416474  -8.68666   -9.750206 -10.193326
 -10.551418 -10.039278  -7.714928  -8.262506  -6.169112  -5.645372
  -6.297176  -8.886238 -10.774544  -9.754556  -9.527834  -9.856578
 -10.054938  -9.372858  -8.755448  -9.306448  -8.946442 -10.417612
 -10.282182  -8.645944 -10.063986 -11.29695   -7.486002  -9.047072
  -8.844014  -8.3317    -9.558458 -10.639636 -10.311994 -10.915716
  -9.941084 -11.119238  -8.760204  -9.415836 -10.673044 -10.64039
  -8.834444  -9.806814 -10.180856  -9.763082 -10.08707  -10.260722
 -10.478048  -9.868816 -11.745116 -11.349556 -11.147542 -11.55679
 -10.693576 -10.607736 -11.169118 -10.7387   -11.43963  -11.10758
 -11.378846 -11.390504 -11.267022 -11.695584 -11.526862 -11.052132
 -10.374576  -9.898802 -10.372952 -10.115258  -9.4453    -9.988992
 -10.420686 -11.248056 -10.646538 -10.976848 -10.364368 -11.31174
 -11.095922  -9.642906  -8.996612  -9.38092  -10.373648 -11.264876
 -11.487886 -11.981466 -11.272764 -11.861696 -11.99991  -11.82388
 -11.906878 -11.877008 -11.305244 -11.744942 -11.334476 -11.292774
 -11.091862 -11.872078 -10.506178 -11.815122 -11.677372 -11.98802
 -11.600348 -11.676792 -10.857078 -11.420084 -10.948312 -11.633524
 -10.944948 -11.987034 -11.128692 -11.521236 -11.041692 -11.281232
 -11.789602 -11.809206 -11.0287   -10.735336 -10.956316 -11.351412
 -11.228916 -10.977428 -11.026554 -11.83519  -11.70701  -11.780496
 -11.810482 -12.015802 -11.557602 -11.449606 -11.401988 -11.429132
 -11.80126  -11.864422 -11.505634 -11.393984 -10.562844 -10.886252
 -10.899766 -10.671014 -10.721996 -10.429908  -9.996126  -9.550918
 -10.17726  -10.068626  -9.957846 -10.729652 -11.006196 -10.664808
 -11.072142 -10.89095  -11.28506  -11.058164 -10.531872 -10.794206
 -11.822488 -11.279434 -11.700978 -11.825156 -11.947942 -11.828926
 -11.671166 -11.587646 -10.883932 -11.079798 -11.317714 -11.181762
 -11.602146 -12.029026 -12.05327  -12.011104 -11.43151  -11.154502
 -11.266558 -11.56027  -10.62096  -11.928164 -11.737866 -12.088244
 -12.001534 -11.261454 -11.6464   -10.94054  -11.977174 -10.688182
 -11.896554 -11.183212 -11.393346 -10.684006 -10.589698 -11.523498
 -10.320346  -8.950618  -9.874616  -9.438804  -8.966916 -10.654252
 -10.930158  -9.083554  -9.316656 -10.153132  -7.394478  -5.723208
  -5.044724]"
1086,"[ -8.059796  -9.056584  -7.983526  -6.183206  -7.422376  -7.539362
  -8.941048  -7.634076  -7.338218  -7.693758  -6.035828  -8.418062
  -8.917442  -8.039438  -8.023778  -7.382356 -10.347084 -11.386154
  -8.194356 -10.625658 -10.530016  -9.849618  -9.648996  -9.305462
  -9.671268  -9.211618  -9.800782  -9.614428  -9.476678  -9.768592
  -8.275382  -9.967706  -9.33075   -9.949262  -8.816    -10.883874
  -8.35229   -7.403236 -10.65634   -9.462468 -10.141532  -9.465194
  -9.376106 -10.228068  -9.392926 -10.048732  -9.077232  -9.528588
  -9.813832  -8.418932  -8.590032  -9.658682  -9.246128  -9.47169
  -9.121428  -9.797418  -9.486248 -10.619046 -11.231062  -9.438456
  -9.529458  -8.995336  -8.28182   -8.751678  -8.6797    -7.061268
  -8.10144   -6.08043   -7.950582  -8.784216  -7.557052  -9.661292
  -8.412494 -10.321042  -7.60177   -8.49903   -7.4878    -8.471074
  -8.846392  -9.687102  -9.392578  -8.137516  -7.12066   -7.639122
  -5.443068]"
1087,"[ -7.868106  -7.881098  -7.05918   -8.949806  -8.86849   -7.703096
  -7.661568  -8.412146  -9.201468 -10.217106  -9.987948 -10.725476
 -10.781504  -9.319266  -9.413574  -8.752084  -9.362766  -8.715486
  -7.271402  -9.32118   -7.618648  -7.171062  -8.94853   -7.663308
  -8.622338  -8.486502  -8.395036  -8.961174  -7.94629   -7.890668
  -8.787058  -8.941512  -8.934262  -9.758674  -7.818052  -7.619982
  -9.020798  -7.037314  -8.533714  -7.423884  -9.278086  -8.45843
  -8.616016  -8.503844  -7.873326  -9.058382  -8.356872  -7.761386
  -8.892328  -8.157758  -7.97587   -8.39579   -8.607432  -8.222022
  -7.863756  -7.760226  -8.332454  -7.401264  -8.222486  -7.120602
  -7.259918  -8.36679   -9.591924 -10.382986  -9.550338  -8.97579
  -9.428944 -10.296914  -8.90764  -10.329568  -8.932522  -9.593084
  -8.535454  -9.313176  -9.155648  -9.270372  -8.73828   -9.379934
 -10.270988 -10.018862  -9.17502   -9.651142  -9.087498  -9.31654
  -8.515966  -9.173338  -9.377324  -8.815188  -9.35018   -9.25071
 -10.16247  -10.110908 -11.546814 -10.8402   -10.850292 -11.126256
 -10.476598 -11.144236 -11.405874 -11.358662 -10.787304 -10.116302
 -10.541906 -10.515806 -10.655296 -10.999236 -10.74218  -10.798962
  -9.598072  -9.35076   -8.849002  -8.300032  -8.858514  -9.13877
  -9.087092  -9.08135   -8.587596  -8.548794  -9.443792  -6.930304
  -8.286924  -7.63483   -6.091914  -6.99712   -8.385524  -8.295102
  -7.949886  -7.61134   -8.563004  -9.015868  -9.02451   -8.102542
  -9.275824  -9.227626  -8.727666  -8.185714  -7.749612  -7.48664
  -8.283502  -9.477838  -9.260686  -9.566868 -10.07895  -10.83237
  -9.568086  -9.285452  -8.643682 -10.155684 -10.03342   -9.516582
  -7.759588  -8.886528  -8.218368  -8.607838 -10.162992 -10.053372
 -10.147274 -10.391454 -10.154698 -10.088114  -9.369436  -9.918116
  -9.128098  -8.124988  -8.71392  -10.096466 -10.326204  -9.619068
 -10.091826  -8.923764  -9.470298  -9.923336  -9.400118  -9.616516
  -9.614486  -9.382486  -8.869998  -8.79918   -8.592236 -10.296798
 -10.247498 -10.317098  -9.583398  -9.611644 -11.704168 -10.225226
 -11.622736 -11.168538 -10.202838 -10.731566 -10.899998  -8.447294
 -11.706314  -9.616864  -9.93975   -9.611296  -9.203556  -9.348092
  -9.236558  -8.168662  -8.642812  -9.005312  -9.276694  -9.903442
 -10.932304 -12.811272 -12.665402 -11.744594 -11.529762 -11.176658
 -12.482122 -10.975572 -12.56947  -11.529066 -12.451266  -9.871078
  -9.940736 -10.74624  -11.664322 -12.296232 -12.84584  -12.524462
 -12.279586 -12.10605  -12.133542 -11.608352 -11.318062 -11.732356
 -12.139922 -12.674798 -12.726824 -11.247302  -9.937256 -11.811816
  -8.62837   -7.900702  -7.370872  -5.50333   -6.671508  -6.591178
  -9.220376  -9.303664  -9.054438  -9.243576  -9.618024  -7.418954
  -7.188404  -7.533736  -6.69175 ]"
1088,[-10.751866  -6.24515 ]
1089,"[ -6.824976  -7.18098   -9.590938  -9.308652 -10.159338  -8.957056
  -9.976986 -10.117462  -9.504228  -9.70572   -9.438456  -9.459974
  -9.827752 -10.079936  -9.367406 -10.141474  -9.940504 -10.085214
  -9.850082  -9.898918 -10.023328 -10.19785  -10.204984  -9.55811
  -8.418526  -7.866946  -8.365398  -9.718596  -8.202476  -8.920168
  -8.578838 -10.144084  -9.261962  -9.88233  -10.045426  -9.227394
 -10.35938  -10.065088  -9.896076  -9.097706  -7.86538   -8.283502
  -6.75874   -6.163602  -8.02285   -9.804436  -9.218578 -10.042758
 -10.056678 -10.489938  -9.532416  -9.737562  -9.931166 -10.047282
 -10.364252 -10.294188 -10.080226  -9.367986 -10.007668 -10.007784
  -8.530002 -10.413262  -9.325298  -9.543552  -9.362476 -10.340994
  -9.68107  -10.077442  -9.76285  -10.294362 -10.438086  -9.594186
 -10.115026  -9.643544  -9.66483   -9.16864  -10.209044  -9.8426
 -10.68099   -9.64656   -9.579048  -9.13616   -9.80983   -9.346062
  -9.596564  -8.42856   -8.76873   -8.330018  -8.989188  -9.578178
 -10.433852  -9.569826  -9.273968  -9.71123   -9.880474  -8.847958
  -8.840998  -8.39057   -8.284604  -8.045122  -9.626898 -10.313386
  -9.81592   -9.68571   -9.88697  -10.178188  -9.262832 -10.192746
  -9.79736   -9.424362  -9.811048  -9.944332 -10.467144 -10.056852
  -9.929368  -9.588212  -9.80403  -10.02327   -9.496166 -10.05459
  -9.308884  -9.303954 -10.100178 -10.365876 -10.015614  -9.964458
  -8.777372  -9.104028  -9.200366  -9.782686  -9.531546  -9.24346
 -10.095828 -10.282878 -10.396848  -9.87624   -8.978574  -8.639158
  -8.685674  -8.212162  -7.64324 ]"
1090,"[-11.657072 -10.8315   -11.547916 -11.416778 -10.970468 -12.022124
 -12.18493  -11.816572 -10.848668 -11.08351  -11.651214 -11.400944
 -10.858296 -10.6662   -12.237768 -10.489358 -11.290918 -12.469536
 -12.570804 -11.74007  -10.904638 -12.525564 -11.91726  -11.612876
 -11.492642  -9.934994 -11.096096 -10.535758 -12.408114 -12.71853
 -12.259866 -11.335926 -13.161476 -11.434816 -12.887832 -12.177622
 -12.415016 -10.976558 -12.605836 -11.3883    -8.477396  -9.193464
  -6.272178]"
1091,"[ -9.421868 -10.324754  -9.91539   -9.769288  -8.421194  -9.710998
  -9.212836  -8.569036  -9.945608  -9.398958  -9.695106  -7.493658
  -9.21185   -6.042092]"
1092,"[ -7.740912  -7.855926  -9.180588 -10.710396 -10.47944  -10.055054
  -9.378484 -10.274468  -9.970606 -10.695084 -10.287808 -10.618466
 -10.416104 -10.246744  -9.914868 -10.42753   -9.969794 -10.449744
 -10.41245  -10.350042 -10.863574 -10.702914  -9.219854 -10.308456
 -10.566962 -11.566302 -11.23605  -10.425094  -9.500516  -9.345018
 -10.11201  -10.487444 -10.26339  -10.387568 -10.351782 -10.768338
  -9.367348  -9.476736  -9.81882   -9.013432  -9.383704  -9.65236
  -8.806836  -9.48503  -10.49423   -9.467514 -10.555478  -9.623302
  -9.701254  -9.356734  -9.943984 -10.354218  -9.769752  -9.329706
 -10.034754 -10.030984 -10.173664 -10.069612 -10.046064 -10.455544
  -9.54361  -10.203708  -8.217034  -9.765808  -9.315554 -10.408564
 -10.443306 -10.354044  -8.8914   -10.446032 -10.400212 -10.424804
 -10.621772 -10.33328  -10.23584  -10.175694  -9.439384 -10.383566
 -10.251036  -9.88407  -10.148608 -11.612354 -11.807002 -10.126046
 -10.581636  -9.815108 -10.828078 -10.565512 -10.102498 -10.045542
  -9.825606  -9.83303  -10.46175   -9.899556 -10.212176 -11.951654
 -10.06793   -8.942266  -9.754614  -9.35279   -9.189114  -9.77735
 -10.491968 -10.656456  -9.720858  -8.869418  -8.57008  -10.252196
 -10.87819  -11.299038 -10.3588    -9.275244 -10.643464  -9.773348
 -10.216874  -9.318222  -9.422796  -9.501618  -9.277564 -10.265362
 -10.402242  -9.86174  -10.429154 -10.277484  -9.318512 -11.910358
  -8.763626 -11.730848  -9.39368   -9.997228  -9.693366 -10.165776
 -12.11794  -10.432112 -11.400828  -9.697368 -10.734698 -10.79525
 -10.215134 -11.11483   -9.680606 -10.982764 -11.97468  -11.445314
 -11.71832  -10.539238 -10.418888 -10.264724 -10.679366 -10.715268
 -10.829354 -10.110096 -10.017238 -10.158062 -10.052502 -10.408622
 -10.133702 -10.159918 -10.41303  -11.659972 -10.7416   -10.514762
 -10.52758  -11.014722 -10.365818  -9.800434 -11.237732 -10.173548
 -10.407926 -10.57137  -10.270292 -10.926156 -10.074658  -9.997286
 -10.197096 -10.539528 -10.42492  -10.15087   -9.587922  -8.919414
  -9.759254 -10.409144  -8.439174  -9.606308  -9.412298 -10.584014
  -8.420556 -10.29558  -10.346156  -9.266428  -9.210922  -8.91721
  -7.90018   -8.789958  -9.38701   -9.496456  -9.45864  -12.02456
  -9.761458 -10.261534 -10.328408 -10.519866 -10.489532 -10.898432
  -9.442864  -9.697136 -10.343952 -10.399864  -9.332258  -8.85747
  -9.439964 -10.74682  -10.606576  -9.715812 -10.404098  -9.919798
 -10.498928 -10.4893    -9.700326  -9.59175   -9.294964 -10.366224
  -9.337826 -10.740672 -10.079182  -9.962544 -10.491678 -10.457574
 -10.442088 -10.531176 -10.40752  -10.33386  -10.075296 -10.252892
 -10.536744 -10.114852 -10.556    -10.684876 -10.358336  -9.20547
  -9.953728  -9.03959  -10.715094  -9.940272  -9.646792  -8.361222
  -8.649482  -9.273562 -10.342966 -10.025184 -10.3994   -10.683658
 -10.151392 -10.688008 -10.594048 -10.285836  -9.668832  -9.527254
  -9.541116  -8.975906  -8.236754 -10.381652  -8.02198   -7.494818
  -9.630552  -7.976972  -7.5632    -7.92889  -10.18596  -10.374054
 -10.233172 -10.387162  -9.325066 -10.515574 -10.749024 -10.417728
 -10.43594  -10.278586 -10.49336   -9.482594  -9.827404  -9.685942
 -10.209972 -10.0079    -9.88407  -10.61168   -9.975884  -9.764126
 -10.127728 -10.33502   -9.861218 -10.734698 -10.661154 -10.122566
 -10.281428 -10.126858 -10.336354 -10.301496  -9.919334 -10.582274
 -10.126336 -10.30138   -9.943056  -9.530386 -10.86369  -10.698332
  -9.868236  -9.533112 -10.04995  -10.60733  -10.461286 -10.579838
 -10.53657  -10.10447  -10.103658  -9.481956  -9.702182 -10.175752
  -9.489554 -10.300858 -10.095886 -10.10389  -10.0833   -10.229808
 -11.599826 -11.818312 -10.91937  -11.673602 -10.006218  -9.800202
 -11.141452 -11.140176 -12.027112  -9.515422 -10.032028  -9.854258
  -8.843434 -10.509658  -9.851068  -9.757978 -10.49249  -10.48408
 -10.81874  -10.253762 -10.28282  -10.39824   -9.964284 -10.131614
  -9.805712  -9.976232  -9.468094  -8.741412  -9.83854  -10.310892
 -10.480484  -9.497268 -10.59051  -10.36953  -10.39012   -9.693482
  -9.79301  -10.5966   -10.47973   -9.971766 -10.615856 -10.270582
 -10.526594 -10.048964 -10.410536 -10.734814 -10.452644  -9.61234
  -9.762734 -10.837938 -10.057664 -11.738446 -11.592286 -10.58558
 -10.04705   -9.907676  -6.949908  -6.558408  -8.597688  -8.133166
  -7.946058  -8.654702  -8.248644  -8.674886  -9.223392  -7.974072
  -7.443778]"
1093,"[-10.311414  -9.934646  -9.595114 -10.18393  -10.524448  -9.237196
  -8.918196  -8.898302 -10.323768  -9.393448  -8.949516 -10.322144
  -9.734836  -8.186468  -8.951314 -10.529262  -9.846022  -9.482884
  -9.634438  -9.815514 -10.223486 -10.486168 -10.033246  -9.67121
  -9.577192  -9.715464  -8.761596  -7.893336  -7.852504  -7.4704
  -7.080176  -9.670746  -6.719648  -6.204782  -8.26152   -9.426044
  -9.556544  -8.132818  -7.628044]"
1094,"[ -9.238936  -9.336898  -9.299662  -9.090804  -8.685384  -8.665548
  -9.40528   -9.687972  -9.034486  -9.633452  -9.144686  -9.330344
  -9.032746  -9.410964  -9.293688  -9.727122  -9.515712  -9.228496
 -10.025764  -8.594324  -8.449266  -8.56167   -9.103448  -9.39948
  -8.094364  -8.296436  -8.281646  -7.104652  -7.98225   -6.79528
  -7.19258   -8.255314  -6.983664  -7.278072  -7.283582  -7.05976
  -7.05831   -8.068438  -8.523622  -7.314554  -7.389664  -7.223088
  -8.62518   -9.38382   -8.303918  -9.019     -8.290636  -7.939272
  -8.596876  -8.743268 -10.401314 -11.129562 -11.203628  -9.57725
 -10.975108 -11.095052  -9.454406  -9.172816  -5.41053 ]"
1095,"[ -9.601552  -9.011576  -8.450948  -8.366384  -8.522752  -8.761944
  -7.694512  -6.052474  -5.723324  -8.517416  -9.742086 -10.201098
  -9.976638  -9.660248 -10.842868  -8.00313   -8.363948  -9.03321
  -7.977146  -8.697854  -7.608788  -7.594984  -7.350166  -9.948102
 -10.015614  -9.863654  -9.025554  -9.484972 -10.63024   -6.793308
  -7.682564  -7.940896  -7.133768  -5.97458   -7.165088 -10.248078
  -9.28435  -10.078544 -10.232186  -9.87914  -10.085678 -10.349636
  -8.925098  -9.27594   -9.692264  -9.71442  -10.132832  -9.860754
  -9.754672 -10.035508  -9.320078  -8.053358  -7.798448  -8.107994
  -7.80564  -10.615914 -10.852612 -11.03769   -9.765112 -11.270502
 -10.956084 -10.907074 -11.006138 -11.143366 -10.617944 -10.97418
 -10.944252 -10.590278 -10.261534 -10.0775    -9.804842  -9.483754
 -10.321564 -10.482514 -11.27201  -11.046216 -10.925576 -11.059904
 -10.951444 -10.79902  -11.119586 -10.862762 -11.17283  -10.777444
 -10.461344 -10.1877   -10.348186 -10.452818 -11.24765  -11.057294
 -11.15485  -10.266348 -10.602052 -11.279492 -10.38635  -10.308746
  -9.81998  -10.19205  -10.083474 -10.792582  -8.84645  -10.165254
  -9.245896  -8.711252  -9.143816  -7.439312  -9.24288   -9.646734
  -9.447852  -9.142018  -9.61089   -9.547728  -9.398088  -9.705314
  -9.00015   -8.79193   -9.205296  -9.698412  -8.969004  -9.087498
  -9.281914  -8.39057   -9.574988  -9.531836  -9.665178  -9.383994
  -9.093008  -8.578954  -9.679794  -9.48561   -9.32089   -9.381616
  -9.546684  -9.225364  -9.469718  -9.645052  -9.380514  -9.559676
  -8.954504  -9.30523   -9.563794  -9.637396  -9.513972  -9.02973
  -9.475402  -9.481144  -8.291448  -8.835546 -10.914208  -8.645074
  -8.482848  -9.044926  -8.922198  -8.844362  -8.955026  -9.330982
  -9.912432  -9.853214  -7.674502  -7.891074  -7.562562  -7.494528
  -7.642892  -6.538804  -8.754984  -7.707504  -7.497544  -9.17125
  -6.587814  -8.374678  -8.583652  -7.80332   -9.301286 -10.22714
  -6.89098   -5.636846]"
1096,"[ -5.723208  -7.37122  -10.30196   -8.778184  -9.660596  -8.840244
  -9.822706  -9.022654  -8.95404   -7.651766  -8.054808  -7.876458
  -9.03234   -7.487974  -7.10297   -6.817146  -5.337566  -5.271678
  -6.670812  -7.345178  -6.355234  -9.687218  -8.48598   -7.887478
  -6.042846  -7.73372   -9.026888  -9.492918  -8.988666  -9.602712
 -10.11752   -9.597144  -9.287424  -9.561416  -9.676952  -9.374656
  -9.01958   -8.51846   -9.920668  -9.758848 -10.566672 -10.423064
  -9.596854  -9.53491   -9.219796  -7.72328   -8.107646  -8.113156
  -7.799202  -8.418874  -8.750982  -8.631676  -8.934262  -7.018928
  -6.455168  -7.509434  -9.079146  -9.562344  -8.91576   -9.488452
  -8.9523    -8.937626  -8.963494  -8.57704   -9.859536  -9.38585
  -8.75887   -9.70978   -7.194494  -8.949922  -8.687646 -10.281022
  -9.561242  -8.259374  -8.443408  -9.18082   -8.30096   -9.207268
  -8.343416  -9.850024 -10.090608  -9.064356  -9.486422  -9.950016
  -9.139756  -8.313778  -8.508484  -9.498486  -9.353718  -9.31422
  -7.777568  -7.221638  -6.950198  -8.435694  -9.544248 -10.159744
  -9.609092  -9.277738  -8.832472  -7.635874  -6.182742  -7.31699
  -9.70775   -7.674502  -9.0219    -9.974492  -7.81202   -6.79383
  -6.385336  -8.0156    -8.087926  -6.259766  -7.040504  -7.022698
  -7.196756  -9.975826  -9.408644 -10.944368 -10.46465   -9.664946
 -10.703726  -9.391766  -9.369204  -9.44849   -9.605728  -8.586726
  -6.518098  -7.538724  -9.58856  -10.835734 -10.056388  -8.950154
  -8.304614  -7.520628  -5.876618  -7.31583  -10.14159   -8.105036
  -9.652882 -10.323536 -10.459314 -10.266348  -9.54941  -10.203476
  -6.949792]"
1097,"[ -8.01966   -9.366826  -9.45313   -9.332026  -9.05815   -9.320194
  -9.13761  -10.037248  -9.88436   -9.939402  -9.947406  -9.608918
  -9.163478  -9.394318  -8.469914  -9.19416   -8.70899   -9.829724
  -8.963958  -8.384364  -9.515306  -9.950944  -9.649924  -8.86588
  -8.467594  -8.72987   -7.648228  -8.493926  -8.026852  -7.571668
  -8.30531   -9.334752  -8.78526   -9.050436  -8.647046  -8.953054
  -9.993342  -9.481086  -9.720162  -7.739578  -7.060978  -7.237704
  -8.018674  -9.35917   -8.995394  -8.642232  -7.693758  -7.457814
  -7.888174  -7.935328  -8.837576  -9.089122  -9.214344  -8.544502
  -9.115802  -8.936756  -8.954446  -9.468384  -9.353486  -9.238878
  -8.714558  -8.983098  -8.179624  -8.86617   -9.17096   -9.490598
  -8.605402  -9.069054  -8.795932  -9.48793   -9.325298  -9.067256
  -8.636432  -8.96158   -8.320738  -8.935944  -8.676278  -8.985012
  -7.708432  -9.497732 -10.319128  -6.879902  -6.643784  -8.58719
  -7.826868  -6.819176]"
1098,"[-10.39186   -9.56623  -10.760682 -10.561742 -10.485356  -9.488278
  -9.909068  -9.64337  -10.598572  -9.218288 -10.344996 -10.848204
 -10.190832 -10.042874  -9.580904  -8.941918  -5.823026]"
1099,"[-10.208638 -10.1384   -12.592206 -11.196842 -10.409028 -10.376026
  -9.654216 -10.168908 -10.199706 -11.049638 -10.225632 -11.522338
 -12.05385  -10.246106 -11.255596 -11.162448 -10.856208 -11.101374
 -10.606866 -11.403844 -11.115816  -9.88088  -10.733712 -10.54759
 -10.368486 -11.84331  -10.76712  -11.472458 -10.323478 -11.370088
 -11.301764 -11.741056 -11.786064 -11.81373  -11.8726   -11.542754
 -11.365332 -11.159084 -11.580744 -10.987114 -11.433888 -11.829854
 -10.603154  -9.857622  -9.521802 -10.117752 -10.5937    -9.730138
 -10.017006 -10.356828 -10.093798  -9.409282  -9.56797  -10.070018
  -9.583978  -8.815072  -9.96266  -10.406882  -9.627478 -10.24831
  -9.819168  -9.50069   -9.54071   -8.970222  -8.779634  -9.702994
  -9.8571   -10.053894 -10.756506 -10.695432 -11.409412 -10.83788
 -11.188664 -10.317968  -9.037618 -10.720024 -11.645298 -10.650946
 -10.543356 -11.230714 -10.016774  -9.305694 -11.436034 -10.169836
 -11.652606 -11.208152 -11.59681  -11.463236 -10.887006 -10.34111
 -10.36779   -9.648706 -10.805632 -10.962986 -12.024386 -10.965422
 -11.28332  -11.690712 -10.527696 -11.431742 -10.577402 -10.445104
 -10.335774 -11.546814  -9.148572  -8.719082  -9.372394  -6.345896]"
1100,"[-10.061782 -11.092616  -8.480122  -9.988876  -8.916978  -8.636026
 -10.81004  -11.140002 -10.549098  -9.493034  -9.856288  -7.848502
  -9.944448  -9.557008 -10.089738  -9.93221   -9.279362 -10.247788
  -6.319332]"
1101,"[ -8.624774  -8.499088  -8.576808  -7.805408  -7.296284  -8.560394
  -9.30842   -9.275592  -9.016622  -9.129026  -8.207058  -9.011518
  -8.402692  -9.085468  -9.171076  -9.23911   -9.070214  -9.148746
  -8.53905   -8.329728  -8.801848  -8.566484  -9.09527   -9.363114
  -8.986346  -9.107856  -9.178674  -9.16458   -8.89111   -9.126648
  -9.191666  -9.202454  -9.05351   -8.69188   -9.022306  -8.340632
  -8.609404  -8.417714  -8.479774  -9.013954  -8.612826  -9.077464
  -8.322536  -9.261034  -8.641652  -8.402286  -8.96796   -8.738396
  -8.863908  -8.506396  -8.713398  -9.01639   -8.413596  -8.660618
  -8.399908  -8.650642  -8.310182  -8.613058  -9.59088   -8.4593
  -9.230874  -8.102078  -8.723954  -8.031318  -8.163268  -8.79425
  -8.009742  -8.909902  -8.388424  -8.769368  -9.04684   -8.62953
  -8.237276  -8.62779   -9.335448  -8.621526  -8.303802  -8.772674
  -8.31517   -8.22382   -8.644726  -7.64846   -9.249434  -8.991914
  -8.887282  -8.836648  -9.114874  -8.484588  -8.875102  -6.90954
  -8.332686  -9.766678  -7.659654  -8.695476  -8.507324  -8.503032
  -8.356292  -9.05438   -8.264478  -8.647452  -8.76148   -8.476932
  -7.847806  -9.187026  -8.733698  -8.857412  -8.947486  -8.959782
  -9.152922  -8.533888  -9.300648  -8.94012   -9.463918  -8.526696
  -8.81397   -9.225422  -8.849234  -8.792394  -8.613754  -9.3206
  -9.197002  -9.233078  -8.777604  -8.444162  -9.203498  -9.464672
  -9.012098  -9.485842  -9.165566  -8.794076  -8.596876  -9.155532
  -8.389816  -8.792046  -8.267204  -9.003688  -9.143642  -8.955722
  -8.491316  -8.772268  -8.773776  -8.724244  -8.96158   -9.155068
  -9.189984  -8.589104  -8.845174  -9.500748  -9.180704  -8.855208
  -9.309     -9.008734  -9.295138  -9.158954  -8.497696  -8.860254
  -9.39774   -8.92301   -9.033848  -8.294     -8.986114  -8.779112
  -9.345482  -8.942846  -8.162862  -8.11913   -8.703074  -8.752896
  -9.202918  -7.969896  -8.531162  -9.42239   -9.327908  -8.569848
  -8.964886  -7.819386  -9.608628  -8.02923   -7.691496  -8.185772
  -9.449418  -8.42711   -8.75307   -7.874544  -8.501756  -9.429582
  -8.005972  -8.352232  -8.515966  -8.630922  -8.437028  -8.278108
  -8.518344  -8.464578  -8.614566  -8.162688  -8.817682  -8.615378
  -9.091268  -7.945014  -8.326596  -8.714558  -8.457328  -8.584638
  -8.166864  -9.230758  -8.276948  -8.235652  -8.409942  -8.940758
  -8.206942  -8.704698  -9.02277   -8.991624  -8.791466  -7.719104
  -9.217882  -8.324044  -9.118818  -8.371778  -8.587132  -8.229214
  -8.365688  -8.717748  -8.561206  -8.769194  -8.576286  -8.318186
  -8.505758  -8.66027   -8.218658  -8.841752  -7.810918  -8.756724
  -8.209088  -8.86907   -8.43755   -9.175484  -9.141728  -9.017608
  -9.250652  -8.885484  -8.975848  -8.91199   -9.18575   -8.43001
  -9.656942  -9.229192  -8.305948 -10.355204 -10.210088  -9.387126
 -10.19872  -10.254922 -10.381884 -11.34248  -10.198662 -10.28108
 -10.895764 -10.31675   -9.88987  -10.77582   -9.510434  -9.724744
 -10.350216  -9.975594 -10.147042 -10.06706   -9.980002 -10.08156
  -7.887594  -5.559938  -5.773436  -7.814572 -10.10853  -10.275802
  -9.545176 -10.169778 -10.236594  -9.944216 -10.549098 -10.34662
  -8.95752  -10.205912  -9.982786  -9.72602   -9.61466   -8.94389
 -10.350042 -10.192572  -9.070214  -9.82172   -9.802058 -10.164036
 -10.566962 -10.160498  -9.892828 -10.341516 -10.443074 -10.193964
  -9.91945   -9.856172  -9.91104  -10.003956  -9.85681   -9.182444
 -10.254052  -9.787906  -8.438942  -9.180646 -10.37765   -8.659226
  -9.489032 -10.040902  -9.685942 -10.107834  -9.561242  -9.936734
  -8.654992 -10.622584 -10.000012  -9.291484  -9.56246   -9.869222
 -10.412392 -11.209834 -10.318258 -10.5444   -10.652048 -10.351376
  -9.72457  -10.392672 -10.558204 -10.232998 -11.015998 -10.723388
 -10.320114 -10.077848 -11.774348  -8.940758  -8.171794  -8.862342
  -7.058194  -6.463404  -9.178384 -10.496028 -10.722634  -8.944296
  -9.84927  -11.31174   -9.972694 -11.084264  -9.37802  -10.286126
  -9.252334 -10.592482 -10.208986  -9.561764 -10.692996 -10.2573
  -9.366014 -10.909626  -9.659494  -8.945282 -10.372082  -8.872202
  -9.43863   -9.584268  -8.364876 -10.204752  -9.227452  -9.379992
 -10.805284 -10.861254 -11.112394 -11.306288 -11.379426 -11.13716
 -11.801202 -11.049116 -10.39911  -10.37852   -9.975478 -11.72876
  -9.437818  -9.414966  -7.802624  -8.2389    -8.85457   -9.256336
  -9.070852  -9.058498  -9.077058  -9.563736  -8.083982  -8.653426
  -8.126322  -9.038488  -8.250616  -8.509702]"
1102,"[-10.252892  -6.454298  -7.87698   -8.027026  -9.607468  -8.777314
  -9.999548 -10.360018 -10.159338  -9.187432 -10.635982  -9.850894
 -10.595614 -10.667708 -11.105608 -10.672986 -11.051436 -10.29877
 -10.649612 -10.316286 -11.067502  -9.9818    -9.051016  -9.228032
  -9.863074  -9.934472 -10.424746 -11.118774 -11.079392 -10.797628
 -10.65083   -9.617966 -11.305998  -9.809076 -10.221514  -9.510608
  -8.82789   -9.67585   -9.176528  -8.08404   -9.998852  -8.55848
  -8.988724  -9.37802   -9.040924  -9.165682  -8.61358   -9.538332
  -9.88697   -8.663112  -6.795396  -7.439196  -8.800108 -10.189614
  -9.339914  -6.758334  -6.616292  -7.379978]"
1103,[-7.46199]
1104,"[ -9.323152  -9.279188 -10.25701   -9.912722 -10.146462 -10.152552
 -10.44725  -10.206318 -10.010568 -10.326958 -10.373358 -10.035218
  -9.819922  -9.981858  -8.588814  -7.330156  -8.44393   -9.687508
 -10.176854  -9.82346   -9.354878 -10.389076 -10.389888 -10.17987
  -9.972636 -10.596832  -9.671848 -10.370284 -10.691256 -10.532916
  -8.574546  -8.507208  -7.914796  -6.123002  -7.336246 -10.003028
  -7.95209   -8.311052  -9.457712  -9.796084  -9.301982 -10.22859
  -9.232208  -8.50396   -5.002442]"
1105,"[ -9.462294  -9.046724  -9.294036  -8.833922  -9.98876   -9.77358
  -9.157272  -9.550222  -9.575394 -10.650424  -9.931108 -10.446032
 -10.007378 -10.633662  -9.920784  -7.468776]"
1106,"[-12.755476 -12.525332 -12.938408 -12.617262 -12.693068 -12.67271
 -12.63762  -12.55352  -12.501088 -12.403532 -12.72375  -12.79219
 -12.417452 -12.949428 -11.68323  -12.63617  -12.294202 -12.604618
 -12.457762 -12.951864 -12.879248 -12.789058 -12.81307  -12.59528
 -12.071134 -12.765394 -12.89108  -12.827686 -12.627992 -13.031498
 -12.882786 -12.588436 -12.674856 -12.835342 -12.90123  -12.895198
 -12.747182 -12.567846 -12.812954 -12.692662 -12.862834 -12.817362
 -12.741904 -13.092978 -12.718124 -12.924604 -12.903376 -12.595918
 -12.586174 -12.305686 -12.622134 -12.337528 -12.585478 -12.895894
 -12.492214 -12.920428 -12.764872 -12.751358 -12.735002 -12.71592
 -12.782098 -12.870084 -12.941598 -12.9717   -12.472436 -12.650322
 -12.875304 -12.881104 -12.563554 -12.346866 -12.745906 -12.74492
 -12.796192 -12.848682 -12.352202 -13.05522  -11.940344 -12.194036
 -12.653628 -12.880292 -12.56222  -12.296696 -12.348084 -12.62979
 -13.01375  -12.933884 -12.404692 -12.449932 -12.566744 -12.813244
 -12.937016 -13.012822 -13.068908 -12.992928 -12.68025  -12.866082
 -12.47377  -12.635996 -12.667954 -13.08161  -12.693706 -12.479338
 -12.558972 -12.741208 -12.344546 -12.651424 -12.432532 -11.85172
 -12.33254  -12.586928 -12.783722 -12.62167  -12.831166 -12.854656
 -12.003042 -11.939996 -12.385552 -12.157438 -12.748748 -12.49494
 -12.450048 -12.54511  -12.926924 -12.408462 -12.837604 -12.603632
 -12.50509  -12.305628 -12.506598 -12.785056 -12.60485  -12.54772
 -13.172264 -12.382478 -13.38263  -13.199988 -12.687326 -12.600036
 -12.825598 -12.466114 -12.943454 -13.09292  -12.706814 -12.822118
 -12.94531  -12.809242 -11.916216 -12.49407  -12.507526 -13.036312
 -13.035558 -12.280282 -12.31282  -12.607286 -12.932898 -12.846942
 -12.67648  -12.882728 -12.653802 -12.146766 -12.3627   -11.779394
 -11.676212 -12.345126 -12.62399  -12.462054 -12.862254 -12.983126
 -12.76145  -12.833428 -12.392744 -12.948268 -12.698868 -12.176404
 -12.727694 -12.837488 -12.706408 -12.862544 -12.388568 -12.81133
 -12.081052 -12.090158 -12.693938 -12.788014 -12.888876 -12.524172
 -12.685586 -11.800042 -12.192818 -12.460314 -12.609432 -12.961898
 -12.948558 -12.734538 -13.01665  -12.691444 -13.083524 -12.540992
 -12.991246 -12.895778 -12.719922 -12.93864  -12.91109  -12.898968
 -12.35951  -12.638142 -12.816724 -12.127394 -12.415074 -12.59586
 -12.750198 -12.980574 -12.661864 -13.067806 -13.123602 -12.813766
 -12.789058 -12.638316 -13.027206 -12.774152 -13.084568 -12.967814
 -12.686746 -12.637388 -12.668708 -12.720792 -12.936668 -12.413624
 -10.769672 -11.34625  -12.67387  -12.167936 -11.93408  -12.322042
 -12.730652 -13.109508 -12.849552 -12.573124 -12.569934 -12.410434
 -12.47609  -12.619234 -12.747878 -12.587914 -12.68373  -12.818638
 -12.858194 -12.106862 -12.158714 -12.585594 -12.49378  -12.605604
 -12.833602 -12.557812 -12.710468 -12.952734 -12.277324 -12.637098
 -12.574168 -12.231504 -12.326508 -12.588668 -12.938698 -12.521156
 -12.747588 -12.91486  -12.816666 -12.426268 -12.39982  -12.831804
 -12.307832 -12.697766 -12.570862 -12.758376 -13.067632 -12.472088
 -12.693996 -12.539774 -12.497318 -12.641912 -12.637098 -12.73506
 -12.83801  -12.7455   -12.608562 -12.217584 -12.71447  -12.741208
 -12.695446 -12.792944 -12.64516  -12.684136 -12.885686 -12.85077
 -11.653592 -12.334686 -12.63414  -12.660182 -12.3163   -12.886846
 -12.833254 -12.799614 -12.714006 -11.876892 -12.366644 -12.689414
 -12.618596 -12.330974 -12.635996 -12.020848 -11.80213  -12.466288
 -12.322042 -11.434816 -12.620916 -12.486878 -12.629732 -11.915288
 -12.413276 -12.574226 -12.369022 -12.696258 -12.308876 -12.089636
 -12.274192 -12.09619  -12.470464 -12.508106 -12.593888 -12.825134
 -12.68779  -12.555144 -12.632168 -12.356958 -12.244148 -12.755824
 -12.800078 -12.14056  -12.169212 -12.371342 -12.806052 -12.860456
 -12.805182 -12.777226 -12.033202 -12.072758 -12.19102  -12.749502
 -12.420526 -12.847522 -12.70722  -12.799498 -12.569006 -12.863762
 -12.746834 -12.552882 -12.84149  -12.565758 -12.42679  -12.897054
 -11.691524 -12.146824 -11.981872 -12.324652 -12.790392 -12.954706
 -13.266746 -12.752112 -12.868866 -12.86266  -12.970424 -12.98156
 -12.700028 -12.625382 -12.261026 -11.51822  -11.114192  -9.697832
  -9.917594  -9.981742  -9.822706  -9.837148 -10.187236  -8.374678
  -9.373844  -9.689074  -9.61901   -9.380514  -9.104202  -7.933994
  -9.581832 -10.627398 -11.80764   -7.67688 ]"
1107,"[ -8.798368  -9.660712  -9.05409   -9.959934  -9.195436  -9.845384
  -9.409746 -11.058686 -11.184198 -10.753838  -9.969968  -9.674284
 -10.837822 -11.201308  -9.099852  -9.389098  -9.426972  -9.324138
 -11.10323   -7.850184  -8.44045   -8.620308  -8.536556  -8.41406
  -8.78526   -8.183046  -8.126322  -8.758522  -7.043404  -8.236116
  -9.073984  -8.367312  -8.90213   -8.381522  -8.246846  -8.396776
  -9.264514  -8.091116  -8.376998  -8.758174  -8.274918  -8.257982
  -8.032188  -8.866054  -8.03155   -8.748604  -7.860276  -8.503206
  -7.984976  -8.449846  -8.52687   -8.146506  -8.603024  -8.756782
  -7.764518  -7.498472]"
1108,[-8.31169  -9.272866 -9.341364 -7.925062]
1109,"[ -9.027932  -9.236268  -7.65745   -8.5376    -8.797846 -10.327944
  -9.222754 -10.172504 -10.507048  -9.958252  -9.772536  -9.30378
  -9.566346 -10.06184   -9.657348 -10.113518  -9.14312   -8.292376
  -9.619764  -9.142308 -10.743746  -8.921502  -8.001158  -8.487546
 -10.105282 -10.187932  -9.462526  -8.700348  -8.391614  -9.518844
 -10.103136  -9.734256 -10.844666 -10.144664  -9.690524  -9.287714
 -10.224066  -9.014476  -9.590648  -9.511594  -9.752352  -9.104318
  -9.667556 -10.978878  -9.002354  -9.601378 -10.514124  -9.47343
  -9.859536  -8.578432  -9.695744 -10.726752  -9.55579   -9.04394
  -8.667288  -8.33431  -11.376352  -9.299256  -9.30697   -9.127344
  -8.182872  -6.213888  -5.205094]"
1110,"[-10.311414  -8.780504 -10.796874 -10.650192  -9.232962  -8.360236
 -10.077964 -10.091826  -9.7991    -6.999614  -6.298162  -5.595376
  -5.592128  -8.934146  -8.799876  -8.42595   -9.76894  -10.170126
  -9.95541   -9.24462  -10.199242  -9.64192   -9.975536  -9.989746
  -9.383936  -9.049798  -8.53557   -8.385814  -9.525746  -8.762756
  -9.049044  -9.634032 -10.278354  -9.703226  -9.263934  -9.981742
  -8.551462  -7.996866  -9.282378 -10.45856  -10.694388 -10.232534
 -10.293666 -10.12477   -9.629508  -9.325182 -10.092638  -9.877922
  -8.794192  -9.547844  -8.008408  -7.491338  -8.464172]"
1111,"[ -8.909322  -9.585428  -9.199554  -9.272112 -10.365238 -11.058106
 -11.13774  -11.508244  -9.52302   -8.599138  -8.647684 -10.854816
 -10.831964 -10.630066 -10.443538  -8.914832 -11.070982  -7.936256
  -7.695208  -7.604902  -8.046224  -7.492266  -7.936082  -8.079284
  -8.359192  -9.211154  -8.861762  -9.225248  -8.310414  -7.807496
  -7.187012  -6.911744  -7.147166  -6.475352  -7.518134  -7.451898
  -6.262492  -7.563548  -8.658704  -8.891922  -9.044926  -8.788566
  -7.300576  -7.691844  -8.158976  -7.850532  -7.53536   -7.64875
  -8.614972  -9.327966  -8.449382  -9.454522  -8.248122  -9.628058
  -8.997018  -6.816682  -7.457582  -7.14879   -7.931558  -7.580252
  -8.469218  -7.546902  -8.39202  -10.670086 -10.788406  -9.931108
  -8.372706  -9.857274  -8.776096  -9.436658  -8.71479   -8.390512
  -6.816914  -9.481144  -6.645872  -6.364862  -7.620562  -8.94853
  -9.184358  -8.952358  -7.917058  -9.253668  -7.119674  -7.000542
  -9.510318  -7.74619   -9.424478  -8.968946 -10.11085   -9.788022
  -9.607468  -8.701624  -9.14602   -9.338754  -9.594592 -11.088382
 -10.268552  -9.123226  -5.876908]"
1112,[-10.786434  -9.580788  -9.287714  -9.822416  -5.936184]
1113,"[ -9.860522  -9.594244  -8.586204  -7.753324  -8.868722  -9.886448
  -9.234702  -8.373286  -7.871702  -7.22709   -9.516466  -9.85449
 -10.254574 -11.109494 -10.086664 -11.112336 -10.862008 -10.842056
 -10.749662 -10.262288 -11.537418 -10.572356 -10.465868 -10.721068
 -10.92923  -10.837764  -8.39666   -7.848908  -8.7145    -8.9755
  -8.298408  -8.803994  -9.696324  -8.949864  -8.952474  -8.73364
  -9.032572  -8.832994  -8.76757   -9.309986  -8.419802  -8.893372
  -8.576866  -8.625818  -8.386974  -8.0765    -8.566948  -8.284836
  -7.661394  -8.819712  -9.483348  -8.228054  -8.46916   -9.139582
  -8.928752  -8.491548  -8.3259    -8.787754  -8.42914   -8.999454
  -9.356154  -9.144802  -8.528378  -8.447642  -8.296668  -8.236174
  -8.682832  -8.25775   -9.343336  -8.921038  -8.348404  -8.765772
  -8.292898  -9.012794  -8.995568  -9.010532  -8.044832  -8.643914
  -8.423804  -8.474438  -8.22498   -8.723432  -8.081836  -8.558828
  -8.741876  -8.54369   -8.391904  -8.576924  -8.394688  -8.04373
  -8.13885   -9.534156  -9.334868  -8.824874  -9.438398 -10.16943
  -9.845326  -9.945144 -10.197676 -10.22134   -9.143526  -9.89422
  -9.55405   -9.255466  -9.049508 -10.0485    -9.495586  -8.789494
  -9.94526   -8.726738  -9.504866  -9.650678  -9.21127  -10.313386
  -8.974108  -9.478012  -9.018478  -9.30929   -9.83564   -9.334172
  -9.716334  -9.641804  -9.865742  -9.721612  -9.553644 -10.063232
  -9.242996  -9.985338 -10.211712  -9.557762  -9.147818  -9.67121
  -9.720974  -9.324776 -10.03226   -9.430394  -9.758442  -9.471864
 -10.030172  -9.90611  -10.2341    -9.745972 -10.318026  -9.259816
  -9.521396  -9.779728  -9.96121   -9.330344 -10.405258  -9.998968
 -10.15841  -10.154698  -9.912432  -9.95309   -9.615588 -10.063754
  -9.488278  -9.686464  -9.555616 -10.336644  -9.846544  -9.942882
  -9.976174 -10.208812  -9.424826 -10.468072  -9.14486   -9.877458
  -9.183836  -9.92409   -9.603234  -9.659784  -9.540826  -9.659436
 -10.105282  -9.648358  -9.831638  -9.396058  -9.865916  -9.879314
  -9.10832  -10.081038 -10.600428 -10.293956  -9.65932  -10.000186
  -9.750148  -9.799854  -9.977508  -9.977856 -10.07837  -10.03313
  -9.574582  -9.713144  -9.907618  -9.432366  -9.65004   -9.637802
  -9.659552 -10.085678  -9.429118  -9.532126 -10.076224  -9.401452
  -9.266544  -9.52418   -8.989536  -9.497674  -9.807974  -9.6222
  -9.940388 -10.226908  -9.506548  -9.764126  -9.698586 -10.170706
 -10.020254  -9.261962  -9.569072  -9.707634  -9.856404  -9.926294
  -9.58624   -9.888942  -9.67759  -10.132136  -9.92496   -9.321528
  -9.781294 -10.291114  -9.38411   -8.705046  -9.157678  -6.52442
  -8.15567   -6.254488]"
1114,"[ -9.163246  -8.773022 -10.104412  -9.580266  -9.945376  -9.156228
  -9.663728  -9.10687   -8.650816  -9.390838  -9.587864  -9.707228
  -8.6652    -8.810954  -6.487822]"
1115,"[-10.022052  -9.801014 -10.33676   -9.416184 -11.264934  -8.868722
 -10.413726  -9.649866 -10.330554 -10.933232 -10.466564 -10.814506
 -10.898084 -10.597238 -10.21931  -10.726114 -10.729478 -10.67867
 -10.722982 -10.918384 -10.677046  -9.970896 -10.113866 -10.151218
 -10.296566 -10.72188  -10.438202 -10.157656 -10.705582  -9.308942
  -7.803378  -5.133116]"
1116,"[-10.13057   -9.545872  -9.899034 -10.345808  -9.123748  -9.125894
  -9.888536  -7.8938    -7.585646  -8.215526  -8.329438  -8.87023
  -8.349738  -9.283016  -8.689386  -8.76061   -9.777582  -8.922604
  -9.467456  -9.843934  -8.856948  -9.108494  -9.026946  -8.976428
  -9.660828  -9.90321   -9.318744  -9.356328  -8.787638  -9.086396
  -9.565186  -7.89757   -7.989848  -9.494484  -8.869882  -8.783404
  -9.309754  -8.927012  -9.865336 -10.195762 -10.060158 -10.035856
 -10.027098  -9.710534 -10.047514  -8.835546  -8.705916  -8.792916
  -9.91568   -8.497696  -8.877132  -8.498392  -8.294522  -9.142018
 -10.021472  -9.602654  -9.275882  -7.54812   -7.908242  -8.32822
  -8.955432 -10.39563  -10.955562 -10.900346 -10.743398 -10.380434
 -10.346794 -10.680584 -10.856382 -10.654484 -10.1674    -9.145208
  -9.790748  -9.309058  -8.862458  -8.561786  -8.503786  -9.304186
  -9.486596 -10.153364  -9.753744  -7.998838  -8.1461    -9.204252
  -8.29168   -8.25369   -9.990616  -9.378948  -9.455276  -9.389214
  -9.03727   -8.688806  -8.525768  -8.59618   -8.887862  -8.861646
  -8.758     -7.809352  -9.071432  -8.994582  -8.713456  -9.720452
  -8.318534  -5.660162]"
1117,"[-10.52555  -11.129214 -10.243206  -9.668426  -9.519308  -9.687102
 -10.20887   -8.932058  -9.209936  -8.68782  -10.15783  -10.159918
  -9.476504  -8.479078  -9.567216  -8.975558  -7.370002]"
1118,"[-9.460844 -9.507824 -9.358764 -9.082858 -9.22722  -9.518612 -9.320658
 -9.290846 -9.600218 -9.37715  -9.378832 -9.648532 -9.358358 -9.42674
 -9.396754 -9.089528 -9.343046 -9.357894 -9.613036 -9.0799   -9.393042
 -9.516872 -9.131752 -9.569478 -9.405802 -9.386372 -9.254828 -8.730914
 -8.980024 -9.254306 -9.193058 -9.623186 -9.367406 -9.505156 -9.136972
 -9.190796 -9.163478 -9.218694 -9.606424 -9.446982 -9.360562 -9.386662
 -9.576206 -9.590822 -9.102636 -9.605264 -9.10774  -9.192362 -9.320774
 -9.375642 -9.294616 -9.419142 -9.160578 -9.5352   -9.368972 -9.597782
 -9.375932 -9.012446 -9.232556 -9.235572 -9.645864 -9.30958  -9.458118
 -9.543378 -9.216374 -9.124792 -9.53491  -9.113482 -9.610136 -9.597434
 -9.210284 -8.937974 -9.555442 -9.299604 -9.320426 -9.044056 -9.669064
 -9.403656 -9.93134  -9.607468 -9.04945  -9.034892 -9.280464 -9.40383
 -9.53491  -9.401046 -9.779844 -9.199148 -9.171598 -9.452782 -8.982286
 -9.256626 -9.39397  -9.381848 -9.052176 -9.40673  -9.790052 -9.65932
 -9.340784 -9.60973  -9.157736 -9.066328 -9.336898 -9.20808  -9.690466
 -9.883838 -9.305694 -9.146426 -9.475808 -9.420998 -9.195262 -9.172816
 -9.213996 -9.472676 -9.091964 -9.534562 -9.437412 -9.092196 -8.810316
 -8.704466 -9.446228 -9.111394 -8.867794 -9.040228 -9.394086 -9.756702
 -9.443386 -9.597956 -9.021668 -9.228786 -9.470124 -9.204426 -9.394492
 -7.752396 -8.66375  -9.572494 -9.3989   -9.242532 -9.40122  -9.231048
 -9.473952 -9.130012 -9.21649  -9.216606 -9.191376 -9.4134   -9.890334
 -9.441414 -9.079204 -9.522498 -9.271184 -9.206282 -9.315728 -9.203266
 -9.098634 -9.4801   -8.802718 -9.258134 -9.556776 -9.307492 -9.251232
 -9.06801  -9.332316 -9.147818 -8.960304 -9.3119   -9.609846 -9.460206
 -9.207906 -9.471458 -9.521744 -9.464092 -9.198742 -9.576554 -9.283364
 -9.394434 -9.427378 -9.602828 -9.391244 -9.585834 -9.306042 -9.522498
 -9.575626 -9.135348 -9.406788 -9.564258 -9.42471  -9.391998 -9.233252
 -9.632524 -9.239458 -9.148978 -9.463918 -9.310044 -9.35627  -9.635714
 -9.174092 -9.386198 -9.7324   -9.205992 -9.46154  -9.303432 -9.334868
 -9.28522  -9.176064 -9.179486 -9.18082  -9.053858 -8.754694 -9.23853
 -9.414328 -9.211096 -9.475808 -9.078102 -9.07178  -8.97869  -9.38005
 -9.383472 -9.20895  -9.49547  -9.250246 -9.526094 -9.542044 -9.470356
 -9.380514 -9.656188 -9.082104 -9.25216  -9.66657  -9.55289  -9.449128
 -9.453362 -9.409166 -9.61611  -9.25738  -9.424014 -9.40267  -9.395536
 -9.281508 -9.002064 -9.197756 -9.128678 -9.454522 -9.389794 -9.239516
 -9.61234  -9.556486 -9.404816 -9.09266  -9.443502 -9.290672 -9.51461
 -9.501038 -9.254074 -8.83717  -9.276404 -9.108378 -9.341886 -9.58624
 -9.413226 -8.981416 -9.298618 -9.634786 -9.424304 -9.255002 -9.65526
 -9.49112  -9.313408 -9.468616 -9.338986 -9.632176 -9.214286 -9.581426
 -9.665178 -9.52157  -9.38179  -9.478766 -9.329416 -9.019174 -9.382544
 -9.270314 -9.406208 -9.315032 -9.374888 -9.283016 -9.284408 -9.403714
 -9.30842  -9.4714   -9.070794 -9.02161  -9.276752 -9.403482 -9.319382
 -8.815826 -9.083206 -9.21156  -9.054786 -9.059948 -9.503416 -9.694526
 -9.62249  -9.231918 -9.344206 -9.25361  -9.39571  -9.363404 -9.222348
 -9.470298 -9.20779  -9.398552 -9.301576 -9.222986 -9.298154 -9.353776
 -9.635366 -9.69876  -9.12369  -9.618488 -9.23708  -9.316946 -9.19996
 -9.247114 -9.38933  -9.51925  -9.121718 -9.62626  -9.344902 -9.467514
 -9.061282 -9.446228 -9.330344 -9.282842 -9.650562 -9.285568 -8.642986
 -9.20112  -9.587748 -9.495702 -9.166262 -9.36497  -9.431554 -9.421752
 -9.218114 -9.507534 -9.027816 -8.489286 -9.318802 -9.321876 -9.480274
 -9.415198 -9.26753  -9.198104 -9.70949  -9.718886 -8.790422 -9.213706
 -9.110698 -9.062848 -8.89894  -9.29827  -9.000208 -9.570232 -9.268922
 -9.705082 -9.630146 -9.381384 -9.130708 -9.312248 -9.226118 -9.02074
 -9.267704 -9.558864 -8.826788 -9.361548 -9.558458 -9.550454 -9.47778
 -9.625564 -9.573886 -9.448548 -9.588734 -9.34641  -9.443676 -9.428944
 -9.52737  -9.152226 -9.363056 -8.91402  -9.256046 -9.66425  -8.469044
 -9.46125  -9.258192 -9.562924 -9.21417  -9.536128 -8.937568 -9.32698
 -9.179718]"
1119,[-8.253864 -8.186642 -8.322362 -7.91323  -6.344446 -6.862038 -5.050814]
1120,"[-11.603654 -13.774362 -13.776218 -12.684716 -12.48972  -13.672398
 -13.510114 -13.492888 -13.17383  -13.281942 -13.687246 -13.262338
 -13.213096 -12.363628 -12.566454 -12.392454 -12.814694 -13.77877
 -11.830956 -12.400168 -11.34132  -12.916136 -13.037008 -13.268602
 -12.971526 -13.087526 -13.603262 -12.479512 -12.551432 -13.00708
 -12.961318 -13.205498 -12.622366 -13.234498 -12.25105  -10.67577
  -8.012294  -9.570812  -7.459554  -6.990798  -5.879344  -7.50433
  -7.7401    -8.651976  -8.432446  -9.863944  -9.30146   -8.738338
  -8.22324   -8.97608   -7.967576  -7.512798  -9.386314  -7.329634
  -8.213612  -8.700928  -8.661024  -7.421506 -10.042294  -9.223566
  -8.26471   -8.744312  -7.954062  -9.12369   -9.910808 -11.294282
 -11.09917  -11.661654 -12.59876  -12.21451  -11.988542 -12.34733
 -12.73419  -12.476148 -12.494534 -12.73071  -13.298182 -12.564482
 -12.45637  -12.599572 -12.256386 -13.102606 -13.23125  -12.76667
 -12.192586 -12.691154 -13.044722 -12.94502  -12.919732 -12.260446
 -12.00513  -12.780706 -12.70838  -13.388604 -11.85694  -13.691132
 -13.508896 -11.830028 -12.484152 -13.11206  -12.932898 -12.882844
 -10.78017  -11.335172 -12.36212  -11.78009  -10.70622   -9.330924
  -9.296008  -9.49779   -7.890552  -6.318114  -6.764772  -6.699
  -6.581202  -6.93883   -6.897998 -10.293144  -9.365492  -9.62597
  -9.819284 -10.87471  -10.515516  -9.814354 -10.866822 -10.323652
 -11.255712 -10.15667   -9.35047  -11.342654  -9.24926  -11.144526
 -10.863632 -10.102498 -10.546372 -10.914846 -10.996568 -11.388822
 -10.739512 -10.88312  -11.241734 -11.268472 -10.35561  -10.142982
 -10.307586 -10.506004 -10.749604 -10.998656 -11.101026 -11.5449
 -11.245504 -10.966234 -10.112706 -11.016114 -10.401778  -9.822648
 -11.04117  -11.57448  -10.99709  -11.666468 -11.302982 -11.310754
 -11.36916  -10.923082 -11.169582 -10.366224  -9.718538 -10.11926
 -10.134108 -10.966408  -9.879778 -10.802848 -10.007842  -9.140568
  -9.919798 -11.464918 -10.350738 -10.140372 -10.841534 -10.723852
 -11.31464  -10.987346 -11.216852 -11.328154 -11.380122 -10.864676
 -10.117404  -9.450056  -9.260744  -8.270568  -7.464948  -6.228214
  -6.621338  -7.431192  -6.085302  -6.786522  -7.166538  -8.425718
 -10.128772 -10.303584 -10.144258  -9.700848  -9.436658  -9.358532
  -8.826382  -7.981554  -8.977414  -8.686834  -9.898048  -9.96556
  -9.95019  -10.468072  -9.361664  -7.786906  -8.87139  -10.38055
  -9.700732  -9.321354 -10.307296 -10.017006  -9.509564  -9.942128
  -9.445532 -10.093914 -10.373648  -8.741644  -9.057454  -9.14486
  -8.179044  -7.880808  -6.4641    -7.133942  -7.788414  -8.883512
  -7.958064  -8.380884  -9.401162 -10.440812 -11.089542  -8.389468
 -10.450266  -9.330982  -8.969642 -10.23526   -9.3786    -9.605206
  -8.530002  -8.645886  -9.368972  -9.704908  -7.883302  -9.559502
  -9.87218   -9.92293   -9.716624  -8.532554  -8.59125   -9.258656
  -9.532764  -9.231106  -9.266486  -9.288758  -9.392868  -9.656536
  -9.591808  -9.083612  -8.91866   -8.512254  -9.107914  -8.16118
  -7.994836  -9.621098  -9.234818  -8.881018  -9.2133    -7.864104
 -10.209566  -7.314902  -9.843122  -8.847436  -7.526602  -7.892872
  -9.96904   -7.74271   -9.32263   -7.95934  -10.139502  -8.043556
  -8.3404    -9.17473   -9.44472  -10.218556  -8.878292  -8.937684
  -7.752106  -9.982264  -8.938902  -9.199786  -8.234724  -9.734198
  -9.472502  -8.309544  -8.489692  -8.292144  -9.669006  -6.384988]"
1121,"[-10.972962 -11.938836  -9.55492   -9.262136  -8.88908   -8.86472
  -9.417344  -9.898396  -8.892038  -9.542508  -6.613914  -6.568732
  -6.642972  -9.510028  -8.005102  -7.465006  -7.843514 -10.031854
  -9.95396   -9.997924 -10.25701   -9.892248  -9.832798 -10.688472
 -10.233404 -10.200344 -10.16856   -9.284756 -11.361156 -11.82098
 -12.656702 -13.04478  -13.024306 -13.256596 -13.349048 -13.730456
 -11.123704 -12.325116 -11.210646 -12.911322 -12.902912 -12.417974
 -13.632204 -12.29165  -12.954126 -13.447358 -12.092942 -13.29157
 -12.66633  -12.533858 -11.744246 -12.836734 -13.077202 -13.425492
 -12.87948  -13.029062 -13.302242 -12.822872 -13.1573   -12.249368
 -12.47116  -12.32297  -12.809416 -12.680424 -12.4816   -13.325442
 -13.26547  -13.167276 -12.747472 -12.265318 -12.306382 -13.633596
 -12.74782  -12.668592 -10.002564  -7.769158  -9.297574  -8.855962
  -7.550846  -6.641928]"
1122,"[-10.631458  -6.992828 -10.19321  -10.098206  -9.324254  -9.460786
  -8.75945   -9.80664   -8.286054  -9.488974  -9.700558  -8.553376
  -8.01183   -8.716704  -9.499182  -8.781432  -9.681882  -9.88378
 -10.107602  -9.679446 -10.015788  -9.011634  -9.004326  -8.168198
  -8.685906  -9.490192  -9.738026  -9.221188  -9.587226  -8.93258
  -8.515734  -9.485204  -9.293514  -7.148326  -8.75539   -8.668158
  -9.280754  -9.604684  -9.722888  -8.12522   -8.774008  -9.74081
  -8.423398  -8.498218 -10.021646  -8.276948  -9.215156  -9.39803
  -8.789726  -5.996156  -7.282712  -5.287222]"
1123,[-7.295646 -7.44401 ]
1124,"[ -9.674806  -8.654412  -9.60451   -9.263876  -9.150196  -9.582934
  -8.796106  -9.592156  -9.43109   -9.65729   -9.004732  -9.578874
  -9.979654 -10.960144  -9.471864  -9.612862 -10.549098  -8.543458
  -9.382138  -9.508752  -9.637744  -8.892444  -8.07128   -8.60981
  -8.046514  -8.610564  -8.493636  -8.734336  -8.92446   -8.781722
  -8.35171   -7.807148  -8.709048  -8.64113   -8.093668  -9.44472
  -9.108262  -9.16081   -8.89836   -8.796048  -8.768382  -8.553144
  -8.678192  -8.170692  -8.664562  -9.561416  -9.570638 -10.083416
  -9.993748  -9.952974  -9.924496  -9.339508  -9.640992  -9.672776
  -9.402728  -9.537056  -9.489322  -9.345018  -9.131636  -9.412588
  -9.550628  -9.016332  -9.468442  -9.363114  -9.443038  -9.367
 -10.699028 -10.183002  -9.417112  -9.485494  -8.687124  -9.454464
  -9.200424  -9.231802  -9.407774  -9.459568  -9.713144  -9.518322
  -9.293108  -9.334114  -9.42848   -9.289802  -8.844594  -9.359344
  -9.316018  -9.018304  -9.37918   -9.14834   -9.151704  -9.568086
  -8.701276  -9.540014  -9.910402  -9.83506   -8.800108  -9.517046
  -8.818088  -8.68144   -7.617952  -8.71044 ]"
1125,"[ -9.394434  -9.344322  -8.638172  -9.54042   -9.692438  -9.453652
  -9.855534  -9.814702  -9.408064  -9.532648  -9.753918  -9.772826
 -10.189556  -9.819284  -9.650156  -9.577888  -9.61176   -9.379934
  -9.652708  -9.506722  -9.294732  -9.592794 -10.257184  -9.36555
  -9.94004   -9.451332  -9.126184  -8.813912  -9.200656  -9.006588
  -9.77648   -9.203614 -10.266812  -9.171424  -8.963958  -8.219238
  -7.248956 -10.558784 -10.109284  -9.87769   -9.437238  -9.929426
  -9.742608  -8.43871   -8.649482  -9.092718  -8.875392  -8.296552
  -9.141612  -9.408238  -8.967206  -9.072186  -8.887862  -8.646234
  -7.996112  -6.124858]"
1126,"[-11.391316 -11.18762  -10.07025  -10.769266 -11.102824 -10.822742
 -12.202156 -11.625868 -11.438586 -11.856128 -11.922364 -11.661654
 -10.995176 -11.761994 -11.576742 -11.433598 -11.663974 -11.378788
 -11.251246 -11.273054 -10.799426 -10.947616 -11.823648 -11.397116
  -8.43987   -9.962718  -9.78489   -8.658762  -9.595114  -9.521628
 -10.199184  -9.734894  -9.85507   -9.715812 -10.359032  -8.369922
  -7.131912  -6.97914   -7.718408  -7.566854  -8.237102  -9.017318
  -7.570972  -8.925678  -8.955954  -8.914658  -8.789842  -8.441552
  -7.97674   -9.715928  -9.174382  -8.150624 -10.16305   -7.758138
  -7.912592  -7.898266  -8.097728  -9.22142   -7.643182 -10.078138
 -10.307122  -8.353102 -10.87703   -9.87827  -10.564932 -10.259446
  -8.419976  -7.767302  -8.555174 -11.390968 -10.90081   -9.660654
  -9.540884  -8.563236 -10.635576 -11.061586  -9.768766 -10.23091
  -8.096162 -10.078254  -9.901934  -9.755252 -10.963856 -10.315068
 -10.97099  -10.777038 -10.895938 -10.801282 -10.753026 -10.68128
 -11.136406 -11.391084  -9.28232   -9.078508  -9.384052 -10.087708
 -11.098532 -10.393658 -10.068452  -9.851764 -10.13782   -9.069576
 -10.156844 -10.493418 -10.724896 -10.945122 -10.452702  -8.684862
 -10.985954  -9.047884 -11.182168  -9.473372 -11.019478 -10.183988
 -10.652918 -10.84252  -10.44058  -10.491214  -9.92496   -9.718712
 -10.705234  -9.638672  -9.179718  -9.527138  -8.650236  -9.125314
 -10.701232 -10.593178  -8.422238  -5.68371   -5.267792  -8.157816
  -9.20489   -9.490946  -9.777814  -8.439     -9.051886  -7.10819
  -8.764032  -6.351522  -5.580992  -8.240234  -7.147514  -5.9015  ]"
1127,"[ -9.745566  -9.15907   -7.695208  -7.649098  -6.892546  -7.948436
  -8.352     -6.56473   -7.22564   -9.593606  -9.88494  -10.240886
 -11.31203  -10.329916  -9.66193  -10.173896 -10.916934 -10.501074
  -9.948682 -10.939148  -8.922778  -8.695128  -9.622664  -8.215352
  -7.992342  -6.849104]"
1128,"[ -8.943136  -9.458234  -7.738302  -8.339762 -10.784172 -11.794938
  -7.548584  -9.847878  -8.21077   -8.257286  -9.04191   -8.900796
  -7.640572  -9.088484  -9.368392  -8.764322  -9.030078  -8.503902
  -9.320426  -8.326654  -9.083148  -9.312422  -8.998294  -8.806198
  -7.89148   -8.299452 -10.62821  -11.203744 -10.099946 -10.341806
  -9.58624  -11.597912 -10.352652  -9.59639   -9.596042  -8.137458
  -6.73293   -6.881004  -8.320216  -8.75597   -8.7522    -9.758906
  -9.024684  -9.586936 -10.07286  -10.36054   -9.803276  -9.838308
  -8.824294  -9.679156 -10.107138  -9.897642  -9.790806  -7.957252
  -5.593578  -7.602118  -7.499632 -10.965538 -11.474488 -10.731856
 -10.06793   -8.773718  -9.242068  -9.194566  -9.096662  -8.925446
  -9.12659   -9.898106  -8.905378  -9.32118   -9.533344  -9.201816
  -9.290208  -9.51432   -7.664468  -6.811114  -8.21918   -8.111996
  -8.774472  -7.782498  -5.831726  -7.851982  -7.787196  -8.830036
  -8.108864  -7.683956  -7.384386  -8.574836  -8.652904  -8.051154
  -8.438478  -8.916398  -9.175426  -9.833262  -9.643776  -7.882142
  -7.736736  -7.873152  -6.675858  -9.013026  -8.88299   -9.441008
  -8.027722  -6.9977    -8.274512  -6.10073   -7.73604   -7.47301
  -8.078298  -8.402518  -7.351558  -7.21056   -8.710846  -7.797926
  -8.02778   -7.73749   -7.746364  -8.409768  -8.737526  -8.115534
  -7.315366  -7.039576  -9.375874 -12.22785   -8.924924  -8.902072
  -9.457828  -9.983482 -10.427762  -8.496826  -9.559618 -11.279724
 -10.624672 -11.366376 -11.045288 -11.198292 -11.476634 -12.294724
 -11.119934 -11.9828   -11.435918 -12.116954  -9.305114  -8.401358
  -8.5782    -6.925606  -6.079618  -5.024888]"
1129,"[ -9.73849  -10.078486 -10.048906  -8.730276  -9.149732  -9.12978
  -8.641246  -8.67013   -7.57161   -7.714638  -7.793576  -9.28377
  -9.655956  -6.400474  -6.815    -10.33792   -9.68716   -8.581564
  -8.94476  -10.377998  -8.378216  -6.009728  -6.000042  -8.990058
  -8.500132  -8.099178  -8.421716  -8.671406  -9.67382  -10.160962
  -9.686406  -8.237682 -10.319302  -9.783788  -8.958622  -9.550976
  -9.525514  -9.53172  -10.048616  -9.81969  -10.02878   -9.854142
  -9.666628 -10.273018  -8.991044 -10.095886  -9.24404  -10.143678
  -8.330424  -8.685384  -8.99116   -8.630052  -8.395848  -8.384132
  -7.921176  -7.494412  -7.6879    -7.459032  -8.075746  -8.296262
  -7.918334  -7.45561   -8.723142  -9.38121   -7.283524  -7.447142
  -8.375142  -9.234006  -8.575938  -5.951902  -7.101984  -7.412284
  -7.77983   -6.16917 ]"
1130,"[ -7.837772  -8.822322  -7.472604  -8.107414  -8.641826  -9.737562
  -9.239168  -9.33191   -8.932116  -8.554014  -8.79628   -9.615646
 -10.355784  -9.615066  -9.893814  -9.80229   -7.416982  -9.083554
  -8.78758   -9.824736  -8.757826  -8.853178  -5.205616]"
1131,"[ -9.142888  -8.38419   -8.818436  -8.332628  -8.846624  -9.602828
  -9.157098  -8.925852  -9.197814  -8.854454  -8.906712  -8.481688
  -7.529908  -8.173302  -7.4385    -8.41261   -8.986752  -8.763974
  -8.836358  -8.219064  -7.902268  -5.980148  -7.87118   -5.925106
  -7.884694  -8.004638  -7.060804  -8.106138  -9.116556  -9.237196
  -9.676488  -9.965154 -10.290244  -8.277122  -8.649772  -8.754984
 -10.860964 -10.342618 -10.717414  -5.888218]"
1132,"[ -9.3148    -8.86617   -7.83406   -7.77084   -7.69457   -7.366348
  -7.938054  -7.967228  -6.98929   -7.841426 -10.988622  -9.156692
  -9.78083   -9.340494  -9.002296  -8.113678  -9.886622  -6.839882
  -8.27312   -9.20895   -8.697216  -8.701276  -9.748002  -9.322166
  -9.342524  -8.777372  -8.843608  -8.75017   -9.204948  -8.576866
  -9.19851   -9.76198   -8.512428  -6.92578   -8.197314  -7.371568
  -8.120522  -8.53325   -8.79889   -7.612732  -8.083518  -8.27573
  -6.969106  -9.794344  -8.186642  -8.26268   -7.763358  -7.427248
  -7.043462  -8.798658  -9.36468   -6.649642  -7.57016   -7.931848
  -8.380768]"
1133,"[ -9.905066  -9.692902  -9.37628   -9.772536  -9.79446   -9.644704
  -9.70746   -9.780714  -9.720858  -9.711984  -9.505678  -9.748002
 -10.006624  -9.342002  -9.291658 -10.24251   -9.903384  -9.247114
  -9.546684  -9.693946 -10.000824  -9.585312  -9.462816  -8.930608
  -9.755716  -9.826708  -9.39513   -9.889986  -9.240386  -9.373554
  -9.966488  -9.326226  -9.298444  -9.324544  -9.452318  -9.995778
  -9.527718  -9.299778  -9.538796  -9.436716  -9.665642  -9.896656
  -9.66454   -9.55347   -9.11876   -9.258772  -9.519598  -9.667092
  -9.755484  -9.152226  -9.6106    -9.299372  -9.694178  -9.744464
  -9.55289   -9.36526   -9.17763  -10.17639   -9.522498  -9.506896
  -9.667498  -9.879778  -9.431264  -9.397972  -8.939366  -9.000962
  -9.71558   -9.33017   -9.377498  -9.876066  -9.766736  -9.105768
  -8.571878  -9.550686  -9.671906  -9.872064  -9.730544  -9.888362
  -9.6483    -9.95512   -9.537984  -9.14486   -9.655202  -9.373612
  -8.915818  -9.985744  -9.556022  -9.404816  -9.57522  -10.216874
  -9.36178   -9.30233   -9.582006  -9.253842  -9.68136   -9.562808
  -9.48619   -9.55057   -9.65729   -9.044984  -9.395884  -9.770912
  -9.679156  -9.369146  -9.530154  -9.294442  -9.278086  -9.084134
  -9.869454  -9.529168  -9.57058   -9.873166 -10.031506  -9.768882
  -9.330112  -9.696672  -9.645748  -9.44791  -10.051226  -9.53839
  -9.268516  -9.231918  -9.638092  -9.360272  -9.794634  -9.159766
  -9.557008  -9.625158  -8.60604   -9.546162  -9.319904  -9.39252
  -9.280986  -9.037734  -9.675096 -10.149594 -10.003144  -9.42732
  -9.725846  -9.938358  -9.4975    -9.362476  -9.439558  -9.560836
  -9.532706  -9.414676  -9.5091    -9.674574  -9.59842   -9.555616
  -9.790922  -9.360678  -9.576032  -9.289744  -9.520584  -9.705778
  -9.673936  -9.265558  -9.339856  -9.934762  -9.587864  -9.436078
  -9.332722  -9.41746   -9.24723   -9.346642  -9.23012   -9.052118
  -9.495644  -9.896482  -9.553064  -9.538042  -9.499066  -9.787616
  -9.835872  -9.400698  -9.539318  -9.074332  -9.854374  -9.649692
  -9.313234  -9.299604  -9.485262  -9.495934  -9.361896  -9.603872
  -9.402496  -9.5004    -9.596042  -9.47778   -9.23012   -9.41166
  -9.48561   -9.625564 -10.1065    -9.778394  -9.123864  -9.822706
  -9.642268  -8.957346  -9.45371   -9.446518  -9.482246  -9.475634
  -8.89285   -9.396638  -9.901876  -9.380572  -8.686196  -9.63351
  -9.305056  -9.381964  -9.548018  -9.193464  -9.99949   -9.550048
  -9.279246  -9.923974  -9.218288  -9.352268  -9.433294  -9.56913
  -9.447156  -9.741912  -9.881518  -9.696846  -9.515422  -9.855766
  -9.9702    -9.484566  -9.762676  -9.28232   -9.133782  -9.227278
  -9.32727   -9.21388   -9.227974  -9.814934  -9.456494  -9.63061
  -9.314684  -9.330054  -9.526674  -9.836568  -9.523948  -9.252218
  -9.064124  -9.443502  -9.37106   -9.794054  -9.693076  -9.820096
  -9.717378  -9.598014  -9.635366  -9.207906  -9.21881   -9.48155
  -9.822996  -9.271822  -9.2626    -9.333998  -9.817718  -9.598246
  -9.600856  -9.884708  -9.476388  -9.389678  -9.377788  -9.23824
  -9.407426  -9.595288 -10.091884  -9.878908  -9.462642  -9.62655
  -9.826592  -9.832218  -9.434338  -9.545872  -9.648184  -9.161274
  -9.26985   -9.328198  -9.119688  -9.36062   -9.285916  -9.549352
  -9.64221   -9.727296  -9.911272  -9.571044  -9.475402  -9.57145
  -9.46067   -9.323964  -9.618024  -9.914404  -9.034602  -8.627326
  -9.027062  -9.26144   -9.70079   -9.3148    -9.896076  -9.294674
  -9.773116  -9.531256  -9.9818    -9.629856  -9.323268  -9.079842
  -9.58537  -10.056794  -9.352906  -9.07468   -9.816326  -9.494484
  -9.684086  -9.179776  -9.578642  -9.1988    -9.64772   -9.919566
  -9.500226  -9.152284  -9.202802  -9.815688  -9.016854  -9.115744
  -9.928382  -8.753708  -8.874696  -9.410732  -8.245396  -9.165972
  -9.055598  -9.00566   -9.404236  -9.450752  -9.737562  -9.195668
  -9.566926  -9.234934  -9.44646   -9.346468  -9.164348  -9.114352
  -9.566404  -9.822474  -9.143236  -9.78083   -9.569652  -9.869628
  -9.65671   -9.927048  -9.515306  -9.349542  -9.318512  -9.490076
  -9.396232  -9.837322  -9.681244  -9.54825   -9.636352  -9.811164
 -10.05285   -9.338232  -9.959238  -8.971382  -9.439326  -9.982322
  -9.522904  -9.329126  -9.739302  -9.557472  -9.555616  -9.20605
  -9.646734  -9.513334  -9.452492  -9.653694  -9.470878  -9.611238
  -9.412588  -9.718886  -9.331562  -8.821858  -9.445996  -9.097706
  -9.933602  -9.2191    -9.75183   -9.291774  -9.618256  -9.162666
  -9.467746  -9.404236  -9.79098   -9.027758]"
1134,"[-10.622178 -10.34604  -10.439014 -11.060774 -10.21409   -8.805676
  -9.346932  -9.278898  -9.007748  -6.943006  -5.608542  -7.570044
  -9.240328  -9.4975    -9.387532  -8.852888  -8.677148 -10.118564
  -8.577098  -8.265058  -8.825106  -8.458546  -9.042258  -8.113562
  -6.341198  -7.541392  -8.933624  -9.585428  -9.580382  -9.669934
  -9.727702  -9.531488  -8.571762  -9.832218  -8.771862  -8.853526
  -8.967148  -8.666882  -8.726274  -8.857412  -8.847088  -8.426414
  -8.808634  -9.250014  -8.77772   -8.80498   -9.02712   -8.75887
  -9.12282   -8.970048  -8.79541   -8.794714  -8.487256  -9.417402
  -9.26724   -9.878966  -9.75908   -8.59618   -9.24027   -8.60546
  -8.847552  -8.758986  -8.847842  -8.640956  -9.070272  -9.672776
  -9.547554  -9.373322  -9.229482  -8.484646  -8.770934  -9.019812
  -8.661198  -8.645364  -9.210226  -8.741644  -9.397914  -8.2157
  -9.689016  -8.512022  -9.230526  -8.687124  -8.888152  -9.562982
  -7.876516  -8.597456  -8.794772  -9.724048  -9.279826 -10.127844
  -8.912048  -8.980546  -9.606946  -9.37396   -9.098982  -9.340494
  -9.816268  -9.46821   -9.290382  -9.664076  -9.453768  -9.597202
  -9.074506  -8.281878  -8.763568  -9.344438  -9.157678  -8.997888
  -8.868548  -9.786572  -9.07207   -9.408876  -8.86124   -9.228148
  -9.182038  -9.417054  -8.87197   -9.938474  -8.668564  -9.79127
  -8.40275   -9.110582  -9.339044  -9.010242  -9.345656  -9.484276
  -9.732284  -9.724222  -8.940236  -9.230062  -9.319092  -8.228228
  -9.704328  -8.954968  -9.033442  -9.420128  -8.886354  -8.961232
  -9.547032  -9.084018  -8.864546  -8.866344  -8.830268  -9.195378
  -8.772442  -9.60654   -8.961928  -9.407774  -9.66164   -8.946036
 -10.049718  -9.567622  -9.30059   -9.041562  -9.398436 -10.060216
  -9.689886  -9.29044   -8.802138  -9.254248  -8.95172   -9.137262
  -9.443618  -9.403598  -9.122936  -9.853098  -8.497464 -10.278122
 -10.005     -8.796976  -8.96709  -10.390642 -10.82657  -10.047282
 -10.364426 -10.6894   -10.10389  -10.383276 -10.617074 -10.929636
 -11.005732 -10.679366 -11.078116 -10.899128 -10.747342 -10.785506
 -11.264412 -10.051574 -11.15079   -8.567354  -8.002434  -8.84152
  -8.60401   -9.494716  -9.048928 -10.019268  -8.483428  -9.600972
  -9.185634  -9.328082  -9.43196   -9.725614  -9.193058  -9.405918
  -9.588444  -9.314162  -8.024474  -9.026946  -7.987238 -10.151566
 -10.365122  -8.714732  -9.11934   -9.841324  -8.442132  -9.36729
  -8.40536   -9.384574  -8.148768  -9.375294  -8.382914  -7.994604
  -7.979698  -8.360178  -8.850162  -8.775864  -8.161412  -6.583638
  -5.903414  -8.613986  -9.555616 -10.468594 -10.958636 -11.000106
 -10.739454 -10.791944 -11.100504 -11.416024 -11.055322 -10.73522
 -10.713992 -11.277056 -11.048536 -11.038618 -11.003122 -10.250282
 -10.212988 -10.131382 -11.181008 -10.424978  -9.896192 -10.351608
 -10.044208 -10.242162 -10.428284  -9.294732  -9.219854  -8.805386
  -8.152944  -7.94223   -9.31741  -10.482862 -12.462866  -9.073752
  -9.900832 -10.290592  -9.298212  -9.699978  -9.131694  -9.77822
 -10.07518   -9.801072 -10.75349  -10.300046  -9.772072  -9.23998
  -9.251058  -9.453304  -8.502684  -8.785376  -9.492512 -10.055634
 -10.303584  -9.295718 -10.219716  -8.819248  -9.983366  -9.39426
  -9.160926 -10.95272  -11.11831  -11.63161  -11.102244 -11.503778
 -12.114054  -8.018384  -7.730008  -7.671602  -9.186504  -8.55645
  -8.74785   -8.014904  -8.413944  -5.959906  -7.7285    -8.69797
  -9.109422  -9.50214   -8.65563   -9.154836  -9.598246  -8.728014
  -8.676452  -8.99406   -8.698608  -9.566404  -8.569442  -8.22643
  -9.343626  -8.480528  -8.905262  -8.858572  -8.628428  -9.116092
  -9.080364  -8.77772   -9.137668  -8.45582   -9.153038  -8.459764
  -9.308884  -9.025902  -8.789436  -8.414814  -9.01871   -8.809794
  -8.839838  -8.886818  -8.498682  -9.379992  -9.278898  -8.198358
  -9.712448  -8.46365   -8.714906  -9.373264  -8.255778  -8.804284
  -9.499994  -9.09469   -8.864662  -8.930086  -8.432678  -8.89082
  -8.219064  -8.859732  -8.72871   -8.9378    -9.160172  -9.459278
  -8.634692  -8.968772  -8.808692  -8.791292  -8.834444  -9.1466
  -8.875972  -8.561554  -9.478534  -8.928346  -8.41522   -9.064646
  -8.709744  -9.070794  -8.57356   -8.823656  -8.681382  -8.967612
  -9.534852  -9.21185   -8.823598  -8.568572  -8.85196   -9.216548
  -8.662358  -9.758268  -9.441182  -8.68666   -9.400756  -8.590148
  -9.264688  -9.08135   -8.327872  -9.026656  -8.959608  -8.794772
  -9.655724  -8.88415   -9.106348  -9.089586]"
1135,"[ -8.641014  -8.648322  -8.872028  -8.898766  -9.065052  -9.057744
  -9.020392  -8.583072  -9.737562  -8.823656  -9.547206  -8.645944
 -10.303758  -9.101882  -8.207754  -9.920958  -8.79541   -9.959354
  -8.675756  -9.397972  -9.275592  -9.07584   -8.225038  -9.363752
  -8.039032  -9.285162  -8.944528  -8.740136  -8.981822  -8.538586
  -8.166864  -7.875878  -7.111786  -7.837482  -9.436194  -8.736772
  -7.98834   -8.33866   -9.825084  -9.142366  -9.191956 -10.28253
 -10.841708 -11.246026 -10.85267  -10.836198 -10.908524 -11.1041
 -10.63285  -10.429734 -10.795656 -10.197212 -11.049696 -10.625484
 -10.369762  -9.619648  -9.287772  -8.617118  -8.519794  -8.437376
  -8.89488   -8.245512  -9.43863   -9.029324  -6.153162]"
1136,"[ -6.416598  -9.238588 -10.51511   -9.544538 -10.217744  -9.425754
  -8.924228  -8.796164  -9.305636  -8.857644  -9.214576  -8.727434
  -9.500458  -9.30871   -9.14573   -8.93751   -8.825454  -9.698818
  -8.79309   -9.328372  -8.27457   -9.937778  -9.385328  -9.78373
  -9.01001   -9.076652  -9.523542  -9.035298  -8.890356  -8.901318
  -8.741296  -9.773406  -8.947428  -8.919588  -9.853794  -8.285648
  -8.54456   -9.637802 -10.008306 -10.21873   -8.933914  -8.690778
  -9.61263   -9.08657   -8.10927   -8.810548]"
1137,"[ -7.648054 -11.831304  -8.514632  -5.464992  -5.64833   -6.824918
  -6.999556  -7.045318  -8.824352  -8.75162   -9.402264  -9.255524
  -9.235166 -10.061028 -10.053662  -8.712818 -10.833994  -7.728036
  -7.321166  -6.129846]"
1138,"[ -8.177652  -7.809874  -8.115244  -8.242032  -8.823656  -8.674422
  -8.97579  -10.357582  -9.204948  -9.85971   -9.222232  -9.859072
  -9.518902  -9.26086  -10.453108  -9.370944  -8.77569  -11.0026
  -9.914056  -8.518228 -10.403576  -9.354704  -9.220086  -9.958426
  -9.57493  -10.15609  -10.778082  -8.657312 -10.746182  -8.9001
  -9.9731    -9.044636 -10.50554   -9.010184 -10.053546 -10.206202
  -8.607548  -8.897664 -10.439246  -8.802254  -9.61263   -9.21736
  -9.228148  -9.538796 -10.425732  -8.474496  -9.574176  -9.334172
  -8.717632  -9.807626 -10.230736 -10.699608  -9.029846  -9.77068
  -9.57174   -9.377266  -9.936096  -9.058498  -9.83709   -9.293166
  -9.636816 -10.251616  -9.207094  -9.459568  -9.703574  -9.497152
  -9.196364 -11.464454  -8.663808  -8.409536  -8.27138   -9.555152
 -10.976094 -10.498232  -8.580694 -10.776922  -9.803972  -9.087324
  -8.449324  -9.65033   -8.983098  -8.95723  -10.532684  -9.223276
 -10.13608   -9.567448  -9.142018 -10.28427   -9.16922   -9.813658
  -9.924148  -9.594128  -9.439036  -9.669064  -9.74197  -10.52381
 -10.632386 -10.754302  -9.487466 -10.700884  -8.991508 -11.041692
  -9.954946  -9.32524   -9.324138  -9.661582 -10.600544 -10.992508
  -8.011134  -9.64743   -9.60886   -8.725056 -11.315916 -10.557682
  -9.931166  -9.094226  -9.95396   -8.995046 -10.509658 -10.06329
  -9.436484  -9.428654  -9.899846  -9.534214 -10.166414  -9.92206
  -9.054728  -9.571856  -8.966394  -9.513682  -9.404352  -8.342314
  -8.108864  -9.833842 -10.663474  -8.712064  -8.483196 -11.014374
  -9.126242  -9.629044 -10.050994  -9.061108  -9.788892  -9.089702
 -10.280152  -9.215794  -9.380108  -9.291948  -9.342176  -9.224726
  -9.197698  -9.54651   -9.594476 -11.328792  -9.587226  -9.241836
  -9.510318  -9.503068 -10.4545    -8.97724  -10.355552  -9.044694
 -10.16102   -9.188708 -10.63343   -9.55898   -9.090804 -10.553506
  -8.996148 -10.174534  -9.64221   -8.936988 -10.844086  -9.79504
  -9.372974  -9.727818  -9.573306  -9.710418  -9.526152  -9.771028
 -10.033594  -9.934008  -9.373032  -9.523078  -9.476736  -9.63293
  -9.67498   -9.730312  -9.295196  -9.99369   -9.15414   -9.481318
 -10.019616  -9.366246  -9.537926  -9.45197   -9.71152   -9.00827
 -10.877842  -8.904856  -9.178558 -10.859862  -9.093472  -9.766794
  -9.90089  -10.975398  -9.597898 -10.668346 -10.23526   -9.213126
 -10.591206  -9.125952  -8.812984  -9.824098  -9.650504  -9.38614
 -11.059266  -9.696962  -8.501466 -10.042642  -9.13384   -9.859826
  -9.213532  -9.5149    -9.910228 -10.679018  -9.181574 -10.13405
  -9.619822  -9.256104 -10.004594 -10.614174  -9.343336  -9.713492
  -9.267298  -9.722598  -9.863654  -9.307028 -10.257822  -9.306042
  -9.806408  -9.455682  -9.679562  -9.037734 -10.786782 -10.203186
 -10.834226  -8.911932 -10.051574  -9.300938  -9.52012   -9.795156
  -8.52745  -11.094936  -9.915158  -9.466586 -10.968728  -8.871738
  -9.858086  -9.85913   -9.323964 -10.17465  -10.480948  -8.97318
 -10.903536  -9.636352  -9.06511  -10.801746  -9.848342  -9.682578
  -9.484392  -9.380978  -9.884766  -9.442748  -9.699166  -9.295254
  -9.52708   -9.320426  -9.977334  -9.071432 -10.565396  -9.452376
  -9.702008  -9.60567   -9.930238 -11.387256  -9.621968  -9.734082
 -10.39099  -10.710628  -9.443212 -10.16392   -9.284292 -10.826628
  -9.970954 -10.289258  -9.358648 -10.026576  -9.800724  -8.822902
 -10.24715   -9.362708  -9.869222  -9.331852  -9.7991    -9.646676
  -9.233716 -10.14565  -10.539876  -8.576692 -10.130396  -9.47343
  -9.490656  -9.449012  -9.743942  -9.406556  -9.136682  -9.565186
  -9.883026  -9.468558  -9.689422  -9.30639   -9.25419   -9.250072
 -10.494056  -9.545292 -10.106036  -9.414386  -9.09411  -10.64358
  -9.102868  -9.817138  -9.371698  -9.785412  -9.106116  -9.426972
  -9.307318  -9.429466 -10.17291   -8.814202 -10.058534  -9.409108
  -8.0852    -8.85921  -10.027504  -8.91547   -9.287482  -9.61263
  -9.18923   -9.387648  -9.581078  -9.440544  -9.383414  -9.353138
  -9.477606  -9.465252  -9.664888  -9.004094  -9.65613   -9.433874
  -9.392926 -10.272148  -9.320078  -8.054518  -9.371524  -9.7759
  -9.34264   -7.130404  -9.151414 -10.61835   -9.569362  -8.556218
 -10.735046  -8.674538  -8.497464 -11.00434  -11.385516  -9.919798
  -8.40275  -10.453108  -9.569072  -9.320194 -10.618756  -9.422506
  -9.452086  -9.444372  -9.138364 -10.383856  -9.646676  -9.237602
 -10.640506 -10.438434  -9.032978 -10.02298   -9.406614  -9.622432
  -9.364796  -9.474764  -9.940736 -10.29732 ]"
1139,[-8.307514 -7.394014 -9.335216 -8.285996 -6.910468]
1140,"[-10.034638  -9.979828  -9.090978  -7.715798  -9.626376 -11.010604
 -10.39882  -10.881844  -9.919044 -10.250572 -10.829992  -8.597282
  -8.72668   -8.916224  -8.453964  -8.417424  -8.319578  -8.561844
  -7.7401    -8.544966  -9.831522  -7.62497   -6.001898  -6.410682
  -7.679548  -7.716668  -8.512486  -9.169162  -9.259352  -9.102172
  -8.864662  -8.090594  -7.354458  -5.96008   -6.985172  -7.111032]"
1141,"[ -6.050908  -6.067612  -8.85979  -10.216294 -10.000708 -10.345866
 -10.093334  -9.924496  -9.641572 -10.20916  -11.365448 -10.164906
 -10.457632  -9.974956  -9.333998  -9.942708  -9.685652 -10.1645
  -9.405338 -11.842846 -10.002042 -10.556696  -9.7498    -9.911736
 -10.37475  -10.581346 -11.220216 -11.42252  -10.894546 -11.29463
 -10.764394 -11.400132  -9.258192  -8.714384  -7.884926  -7.898846
  -7.762662  -8.301018  -9.50156  -11.641354  -7.999592  -6.698072
  -9.121138  -8.638288  -9.142076 -11.126256 -10.245236  -9.444198
 -11.036588 -11.651736  -9.975652 -10.568586 -10.956142 -10.891298
  -8.782128  -8.60285   -8.21251   -8.060608  -7.980162  -9.390084
 -13.542536 -12.714122 -12.469826 -13.20138  -10.635924 -10.184104
 -10.60849  -10.669216  -9.853794 -11.064022  -9.824388 -11.299618
 -10.199126 -10.704712  -8.566136  -9.08744  -10.919892  -8.805096
  -8.751446  -8.895634  -7.96137   -6.362136 -10.658776  -9.117716]"
1142,"[-10.058592 -10.342386 -10.157598 -10.316982  -9.8107    -9.36932
 -10.158352 -10.51047   -9.304766  -9.723062  -9.61437  -10.428342
 -10.24396  -10.1877   -10.27586  -10.541558  -9.628116 -10.895068
  -8.706786 -10.547358  -8.648206  -9.823286  -8.670536  -8.227532
  -8.418062  -7.988166  -8.696172 -10.464244  -9.557472  -9.073172
  -8.896968  -7.879996  -8.521882  -7.929354  -8.399792  -8.365746
  -8.37433   -8.035842  -8.36186   -7.188462  -8.139778  -8.252472
 -10.385828 -10.954982  -9.801304 -10.341574 -10.333802 -10.51018
 -10.842114 -11.017448 -10.202838 -11.305592 -10.961072 -11.137334
 -10.569746 -10.661444 -11.023248 -11.484638 -11.246084  -9.511304
 -12.098916 -11.072258  -8.960362  -7.493368  -8.685848  -7.562504
  -8.937684  -7.585588  -7.79288   -8.721634  -8.393644  -8.86646
  -8.097148  -7.63251   -8.103238  -8.835546  -6.503192  -6.147536
  -7.609426]"
1143,"[-10.139038 -11.136986 -11.017564 -10.290592  -9.426798  -9.766562
  -9.236442  -8.777198  -7.545858  -8.017398  -9.597434  -7.446794
  -7.243562  -8.715718 -10.62038  -10.910206 -11.20009   -9.630436
  -9.90698  -10.34633  -10.82512   -8.33837   -6.974732  -6.582884
  -6.91418   -7.262412  -7.944492  -9.238762 -10.400154 -10.135036
  -9.942244  -9.36758   -9.821778  -9.178442  -9.381326  -9.133086
  -8.68057   -9.051248 -10.105978  -9.232498  -9.90727   -9.627362
 -10.135848  -9.978958  -9.766388  -9.400002  -9.198336  -9.479288
  -9.681302  -9.976174  -9.1002   -10.223544  -9.884244  -9.778858
  -9.681186 -10.224124  -9.654216  -7.41878   -9.07091   -9.490424
  -8.925968  -8.032362  -7.937126  -6.961276  -7.712666  -8.54137
  -8.006784  -7.463846  -5.733242  -6.889124  -6.77759   -7.925932
  -7.888696  -7.912766  -7.76388   -7.352138  -7.492208  -7.51419
  -8.431866  -9.168466  -7.993038  -8.454718  -7.126228  -5.410356
  -7.710578  -7.588198  -7.379514  -6.975776  -8.269292  -9.603118
 -10.043744 -10.087418 -10.440522 -10.092116 -10.105514 -10.223486
  -9.78141  -10.328756 -10.39592  -10.052502 -10.430894  -9.82868
 -10.151914  -9.872296 -10.52584  -10.159802 -10.067234 -10.34633
 -10.090028  -9.576902 -10.288272 -10.123436  -8.062696  -6.939352
 -10.300046 -10.316286  -8.847552 -11.110654  -8.59502   -9.927164
  -9.509042  -9.307492 -10.652338  -9.263412 -10.173838 -10.844608
 -10.581752  -8.776038  -8.434824 -10.820712  -8.507672  -7.812368
  -7.706518  -7.682912  -8.986868  -7.715102  -8.158918  -6.912324]"
1144,"[ -9.245026 -11.432322 -10.031158 -11.631204 -10.599094 -10.834168
 -11.100446 -11.088672 -11.42745   -9.884998  -9.586182 -10.765206
  -9.255756  -9.850488 -12.085924 -10.367674  -9.764184  -9.36845
  -9.543204  -8.480296  -8.090884  -8.910946  -8.265812  -7.657218
  -9.609846 -10.271916  -9.20779   -9.122472  -9.639078  -9.51954
  -9.71616   -9.614254  -9.365782  -9.649112  -9.71152   -8.657312
 -10.499914  -9.315728  -9.689364  -9.077696 -10.633256  -9.031122
  -9.002992  -9.137668 -10.704538  -9.407368  -8.724244  -9.487988
  -9.538448  -8.543458  -9.600102  -9.82462   -9.021958  -8.873536
  -8.761306  -6.373678]"
1145,[-8.34127  -7.822344 -7.285438 -8.690372]
1146,"[-7.199772 -7.976044 -8.169648 -8.524202 -8.584986 -8.392426 -8.125742
 -8.612362 -7.41733  -8.94708  -8.192152 -6.610492 -5.67356  -7.878198
 -7.271692 -9.244388 -9.551092 -8.922082 -8.01038  -6.931812 -7.95528
 -6.962436 -7.77838  -8.387148 -7.83812  -5.573568]"
1147,[-11.024756 -10.904696 -10.167574 -10.267798  -8.735206  -8.732828]
1148,"[-9.682114 -8.121914 -9.220956 -9.018536 -7.546148 -6.456676 -5.751976
 -7.60699  -6.33795  -6.970092 -9.587342 -8.847958 -5.131492]"
1149,"[ -7.782904  -8.156366  -7.10326   -7.676184  -8.768614  -8.11565
  -7.95412   -6.20716   -7.91758   -7.241358  -7.339726  -8.114026
  -7.422608  -7.526022  -7.516974  -7.444648  -7.4095    -8.805386
  -8.439174  -8.128236  -8.373576  -8.32967   -7.605772  -8.214134
  -8.148594  -7.856042  -9.090456  -8.578606  -9.287482  -8.538992
  -7.223088  -6.119696  -6.853454  -7.415648  -8.892444 -10.330206
  -9.852576  -9.865742  -8.705452  -8.508078 -10.359786 -11.431626
 -11.175962  -9.836858  -9.617212  -8.622686  -9.633336 -11.056714
 -10.569572 -10.35909   -9.9093   -10.506294 -10.553738 -11.359184
 -11.139828 -11.333432 -10.704016 -10.53019  -11.06205  -11.209254
 -11.051668  -9.813136 -10.940598 -11.464802 -11.206818 -10.787826
 -11.173526 -10.908292 -10.63662   -9.570638  -7.940606  -8.982982
  -9.24752  -10.869664 -12.23829  -11.442994  -9.449882  -9.654042
  -9.429002  -9.503822 -10.540456 -12.20871   -9.106638  -7.8474
  -7.653564  -9.091616  -9.081988  -8.828876  -8.806604  -6.359352
  -6.116796  -8.329902 -10.243844  -6.963944  -7.958296  -9.784658
 -10.157134  -8.996902  -6.233492]"
1150,"[ -9.980582 -10.796352 -11.071968 -10.835908 -10.889268 -10.668926
 -10.829876  -9.74023   -9.847182  -9.999664 -10.287054 -11.899338
  -8.843376 -10.086664  -9.469138 -10.694968  -9.91249  -10.355262
 -10.726462 -11.02783  -11.402394 -11.13078  -11.310348 -11.291556
 -11.093022 -10.443538 -10.928418 -10.736786 -10.292216  -9.443618
  -6.410218  -5.777902]"
1151,"[-10.119028  -9.348034  -9.709838 -10.406012 -10.23004   -9.836684
  -9.809018 -10.042526 -10.102556  -8.84036   -8.157468  -8.85167
  -8.466898  -8.665606  -8.596064  -8.832588  -8.145346  -8.17278
  -8.460982  -8.832588  -8.633358  -8.277412  -9.150022  -8.87226
  -6.846668  -6.653296  -6.364688  -5.3563    -5.444924  -6.544952
 -10.232998  -9.83651  -10.629602  -9.727992 -10.261418 -10.671362
  -9.872644 -10.569978  -9.588328 -10.093856 -10.499044 -10.518358
 -10.054242 -10.129816 -10.676466 -10.399806  -8.992958  -9.55202
  -9.749626 -10.163804  -9.636062  -8.502162  -6.89214   -7.642892
  -8.585508  -9.17154   -8.507324  -8.662416  -9.947406 -10.508846
 -10.442958 -10.527406  -9.96411  -10.744094 -10.70303   -9.950016
 -10.258576 -10.470856  -9.082858  -9.417982  -8.849814 -10.742412
 -10.516618 -10.500784 -10.076978 -10.365876 -10.427646  -9.630784
 -10.486748 -10.520156 -10.469348 -10.6256   -10.65431   -9.99398
  -9.64627  -10.240364  -9.821198 -10.279746  -8.811012  -8.663402
 -10.167748 -10.298306 -10.836604 -10.449106 -10.499102 -10.228184
 -10.364368 -10.258866 -10.556696  -9.614312  -9.783846 -10.49046
 -10.36141  -10.525376 -10.496608 -10.34198  -10.090608 -10.05662
  -9.747828  -9.417518  -9.644588 -10.421324  -9.27449  -10.424514
  -9.637686  -9.891378 -10.579026 -10.09548   -9.968982  -9.318396
 -10.574328 -10.504844  -9.671732  -9.99601  -10.70448   -9.951582
 -10.020544 -10.27586   -9.454232  -9.147934 -10.660458 -10.419236
  -9.745682 -10.713586 -10.6778   -10.450324 -10.288388 -10.53744
  -9.711578 -10.782258 -10.35967  -10.26716  -10.530538  -9.996474
  -9.612282 -10.336528 -10.679714 -10.407288 -10.439826  -9.65265
 -10.251268 -10.09229  -10.33705  -10.664924 -10.278934 -10.212524
  -9.988992  -9.527022  -9.92467   -8.77685   -8.750692  -7.992052
  -8.359134  -8.911526  -8.416206  -8.371546  -8.275382  -6.346418
  -7.16648   -6.980938  -8.876204  -8.707598  -8.903986 -10.3704
  -5.562722]"
1152,"[ -8.768034  -8.630806  -8.42189   -8.286576  -8.06838   -7.94803
  -8.813448 -10.357234  -7.666556  -8.497174  -9.683912  -8.860138
  -8.308848  -9.730312  -8.223878  -7.489308  -7.64382   -7.608266
  -8.448512  -8.071918  -8.671464  -8.536846  -7.14705   -6.8005
  -6.601502  -7.126866  -6.979256  -7.317628  -6.199968  -9.373496
  -8.407622  -9.785702  -7.421158  -7.442212  -8.273874  -7.62758
 -10.53077   -9.988992  -8.79251  -10.175462  -6.169576]"
1153,"[ -7.49389   -8.700464  -9.345888  -8.393876  -9.49402  -10.25991
 -10.379564 -10.081908 -10.301032  -8.892212  -8.760726  -9.525746
  -9.315902  -9.521164  -9.411428  -9.609498  -8.631096  -9.364506
  -9.530328  -9.663438  -8.954388  -9.555848  -9.849096  -9.994908
  -9.522208 -10.195762  -9.846776  -9.207906  -5.639398]"
1154,"[ -9.144164  -9.170612  -9.363114  -9.517568  -9.168756  -9.444372
  -9.345366  -8.908742  -8.834908  -9.189926  -9.17415   -8.970512
  -9.085932  -9.55057   -9.450984  -9.428712 -10.39998   -9.848168
  -8.996322 -10.388206 -10.49539   -9.342988 -10.506294  -9.995488
  -8.950908  -9.255176  -9.241314  -9.252856  -9.268168  -8.693562
  -9.301344  -7.352254  -7.757442  -7.08557   -7.973782  -9.542914
 -10.117694  -9.967416  -9.986266 -10.022226 -10.11491   -9.773464
  -9.937894  -9.528356  -9.866554  -9.586008  -9.8542    -9.854374
  -9.780018  -9.17038   -9.529052  -8.49932   -7.16213   -6.817784
  -6.748126]"
1155,[ -8.773196 -11.474256  -7.762894]
1156,[-6.84458  -8.080096 -6.976414]
1157,"[-11.016404 -11.226074 -11.05306  -10.067002  -9.605264  -9.472618
  -9.554514 -10.442784 -11.602088 -10.645436  -9.635134 -10.749314
 -10.404156 -10.748966 -10.904928 -11.453434 -11.500762 -10.63836
 -11.021392  -7.933762  -7.260208  -7.907662  -6.38928   -9.878444
  -9.405106  -9.657174 -10.203476 -10.320636 -10.045774  -9.68948
 -10.144548 -10.186308  -9.7121    -9.555732 -10.285836  -9.56594
  -9.491526  -9.51809   -9.665352  -9.682636  -9.6251   -10.294884
  -9.448374  -9.495702  -9.805828  -9.726078  -8.805038  -8.637592
  -9.127576  -9.82926   -9.490482 -10.404446  -8.405592  -8.930028
  -7.307884]"
1158,"[ -9.619532  -9.27275  -10.427124  -9.625796  -9.568376  -9.920262
 -10.110212 -10.091072  -9.626028  -9.15124   -7.634018  -9.59146
  -8.484994  -9.511478  -9.559676  -9.104666  -9.425696  -8.878872
  -8.047964  -7.93353   -8.852366  -8.239944  -8.00226   -7.450506
  -7.123154  -7.0093    -8.334194  -5.891466  -7.849894  -8.221674
  -7.240198  -6.070628  -6.02388   -5.31483 ]"
1159,"[ -8.579012  -8.694316  -9.470066  -9.341074  -8.455008  -7.258816
  -7.79259   -9.319846  -9.590938  -9.214344  -7.86045   -8.43523
  -9.684376  -7.498588  -8.51846   -7.962414  -9.671674  -7.657624
  -7.965082  -7.131158  -9.065574  -9.711114  -8.732364  -8.921444
  -8.895634  -9.156228  -6.859196  -7.886956  -9.06105   -9.31683
  -8.229446  -8.155206  -6.926766  -7.45358   -7.709592  -8.199286
  -8.89053  -10.486284 -10.508034 -10.625658 -10.041482  -9.89799
  -7.964676 -10.015208 -10.868852  -9.177166 -10.89762  -10.39969
 -10.004014 -11.131128 -10.68911  -10.311994 -10.456588 -10.179058
 -10.368022  -8.895402  -8.943948  -9.116672  -9.297922  -9.120384
 -10.048906  -9.780772  -9.502604  -9.534504  -9.31132  -10.975166
  -9.980234  -8.904334  -8.642638  -8.995104  -9.160984  -9.814876
  -9.261962  -9.426102  -9.088252  -9.048174  -9.637802  -9.635714
  -9.369494  -9.392636  -8.811766  -9.242242  -9.611064 -10.135326
 -10.203302  -9.613326  -9.46821   -9.305636  -9.46676   -9.511014
  -8.839316  -9.58334   -9.253726  -8.235362  -8.320448  -8.54021
  -9.474474  -8.095408 -10.084866  -9.96121   -9.420766  -9.949784
  -9.664134  -9.489148  -9.93337   -9.502314  -9.319382  -9.650446
  -9.82984   -9.830594  -9.527718  -9.764416 -10.065958 -10.494346
  -9.962544 -10.310486 -10.130976  -9.615936  -8.583362  -6.099454
  -6.985984  -9.186272  -8.05127   -8.86646   -9.79649   -9.463454
  -9.49837   -9.588618  -8.678192  -8.23107   -8.816174  -8.23919
  -7.57828   -7.604438  -8.413306  -6.606722]"
1160,"[-8.769774 -9.409108 -9.478766 -9.582412 -9.727528 -9.118818 -9.171308
 -8.217904 -8.736308 -8.762466 -8.211988 -6.559626 -6.78861  -7.474576
 -8.350318 -9.396348 -8.91228  -8.762814 -9.196306 -9.24259  -9.038894
 -9.03872  -9.339624 -9.497326 -9.15733  -8.58284  -5.32034 ]"
1161,"[ -9.69209  -10.096988  -9.425348  -9.421636  -9.659552  -9.296066
  -9.279594  -9.83564  -10.272496  -9.256916 -10.139154 -10.002796
  -9.812962 -10.471494  -9.441878 -10.531582  -9.617212  -9.736808
  -9.73211   -9.537984  -9.706706  -9.660654  -9.878444  -8.788566
  -9.854896 -10.04125   -9.690118  -9.431264  -9.801246 -10.122624
  -9.611818  -9.342466  -9.702878  -9.102694  -9.313118  -9.846138
  -9.232962 -10.006102  -9.431728  -9.745508  -9.446054 -10.285778
  -9.375874 -10.27035  -10.132716  -9.771318  -9.593374  -9.914636
  -9.928324 -10.159686  -9.275128  -9.69209  -10.256894  -9.751134
  -9.519772  -9.835466 -10.015266  -9.767374  -9.74603   -9.795446
  -7.56813   -7.712492  -7.840846  -7.650084  -7.30046   -9.779264
  -8.705104  -7.965952  -5.559126  -5.581572  -6.245556  -9.53955
 -11.48313  -10.009002 -10.69259  -10.864154 -11.716348 -11.528022
 -11.773188 -10.548344 -11.09105  -10.743688 -10.576184 -10.85731
 -11.428378 -11.414342 -10.65199  -10.034116  -9.963008 -10.43159
  -8.950096  -9.475692  -9.350876 -11.745928  -7.109814  -6.24776
  -7.830348 -10.857658  -9.257032  -9.483638  -9.851474 -10.847682
 -11.321136 -10.951792 -10.78539  -11.481332 -10.863632 -11.740998
 -11.616298 -11.032702 -11.426986 -10.880394 -11.54258  -11.769418
 -10.690734 -10.476366 -10.668578 -11.156068 -11.126604 -11.05538
 -10.209566 -11.34422  -11.026554 -10.147912  -9.917826  -9.992588
 -10.873898 -10.502176  -9.407426 -10.61516  -10.311182 -10.611042
  -9.983018  -9.574408  -9.336608  -8.642638  -8.752316  -8.627442
  -9.056004  -8.458778  -8.735322  -9.063544 -10.667708 -10.414596
 -10.544632  -8.361686  -9.416126 -10.278122  -9.022306  -9.62278
  -9.40499   -8.319694  -9.805654  -9.538564  -8.371952 -10.343198
 -11.475532 -11.21169  -11.715884 -11.255132 -11.652664 -12.13621
 -11.635264 -11.666526 -11.982046 -11.542058 -11.361388 -10.7706
 -10.46291   -9.893234 -10.457748 -10.536106  -9.152284 -11.634104
 -11.149862 -10.885324 -10.870244  -9.74748  -10.381014  -9.447272
  -9.214634 -10.760508  -9.599696  -9.804726 -10.001462 -10.330322
  -9.289744 -10.537846  -5.53146 ]"
1162,[-5.5564   -9.408528 -8.161644 -9.012852 -5.940012]
1163,"[-10.97679  -10.787014 -10.88341  -10.103078 -10.982184 -10.422194
 -10.594106 -10.40288  -10.803428 -10.340588 -10.304976 -10.285546
 -10.887528 -10.761204  -8.58893  -10.417148 -10.48669  -10.682904
 -10.193268 -10.454964 -10.567716 -10.000766 -10.683426 -10.37968
 -10.588538 -11.1041   -11.956816 -10.1848   -10.877552 -10.607736
 -11.518684 -10.408274 -10.427298 -10.636736 -10.836372 -10.901332
 -10.638592 -10.51047  -10.619336 -10.594512 -10.75349   -9.37541
 -10.984446 -10.878654  -9.822126 -10.850698  -9.728224 -10.475032
 -10.299176 -10.825062  -9.535954 -10.456762 -10.091304 -10.353464
 -10.242858  -8.92765   -6.464332  -6.050792  -8.542414 -10.05662
 -10.089042  -9.448896 -10.172852  -9.730776  -9.851822  -9.885462
  -9.648358 -10.677046  -9.588038 -10.186656 -10.243148  -9.512058
  -9.576496  -9.828274  -8.836996 -10.361932  -9.698992  -8.90764
  -9.941374 -10.035276 -10.19205  -10.11462   -9.842426  -9.935864
  -9.731762 -10.717994 -10.023154  -9.614776 -10.357466  -9.896888
  -8.843782 -10.108182  -9.816152  -9.924844  -9.783962 -10.092406
  -9.388344  -9.348672  -9.713666  -9.934008  -9.402612 -10.224878
 -10.214032 -10.075122  -9.719292  -8.718328  -8.162688  -7.098562
  -8.490446  -7.188578  -8.836358  -6.426922  -5.251436  -5.08776
  -5.577976  -7.31873   -9.671152  -8.965988  -9.757572  -9.262194
 -10.363672  -7.6531    -7.088876  -6.21267   -8.699188  -8.883512
  -6.557886  -7.69602   -8.612246 -12.040974  -8.471828  -9.956686
 -10.778256  -8.723432  -9.087846 -10.005696  -9.556602  -9.426856
  -9.163594  -9.849328  -8.644784 -10.060622 -10.586798  -9.1872
  -9.091616  -9.125546  -9.195552  -9.497326  -9.636294  -9.126068
  -9.08773   -9.504112  -9.463686  -9.305926  -9.537114  -9.4772
  -9.877168  -9.600102  -9.526442  -9.394144  -9.283886  -9.619532
  -9.519076  -9.160578  -9.20141   -9.545176  -9.406324  -9.168988
  -9.242532  -9.32176   -9.504402  -9.503126  -9.432656  -9.901354
  -9.59494   -9.620982  -9.419316  -9.27478   -9.15878   -9.465774
  -9.029556  -9.064878  -8.809504  -9.472792  -9.531952  -9.147934
  -9.7266    -9.385386  -9.239168  -9.290614  -9.549816  -9.435324
  -9.24839   -9.212952  -9.545234  -9.393332  -9.291716  -9.43776
  -9.519888  -9.433004  -9.22925   -9.212256  -9.346352  -9.641862
  -9.5207    -9.39368   -9.773174  -8.727202  -9.51374   -9.53926
  -9.372046  -9.30987   -9.36062   -9.30233   -9.100374  -8.850626
  -9.411196  -9.648648  -9.43573   -9.340668  -9.158722  -9.481608
  -9.393506  -9.79098   -9.337362  -9.396464  -9.34989   -8.782302
  -9.227626  -9.784194  -9.076942  -9.339392  -9.387242  -9.372568
  -9.13326   -9.373148  -9.44965   -9.301344  -9.429756  -9.633278
  -9.1843    -9.041504  -9.520468  -9.209414  -9.181574  -9.440834
  -9.36004   -9.601146  -9.078334  -9.618082  -9.240212  -9.727992
  -9.27217   -9.37628   -9.121602  -9.363114  -9.37976   -9.37831
  -9.24607   -9.314858  -9.530038  -9.50272   -8.966858  -9.23447
  -8.848132  -9.357198  -9.409398  -9.473778  -9.32176   -9.016216
  -8.882874  -9.027584  -9.30697   -8.880206  -9.298386  -9.308362
  -9.396232  -9.502662  -9.576554  -9.194044  -8.904682  -9.011402
  -9.454696  -9.393274  -9.257438  -9.240386  -9.319614  -9.531836
  -9.379064  -9.479984  -9.09527   -9.88465   -9.589198  -9.409456
  -9.125952  -9.071432  -9.144222  -9.610078  -9.20228   -9.502604
  -9.542682  -9.119978  -9.580846  -9.388692  -9.472734  -9.092892
  -9.211676  -9.252682  -9.101128  -9.292528  -9.351456  -9.437528
  -9.207964  -9.426044  -8.945224  -9.714246  -9.247984  -9.169742
  -9.382254  -9.757572  -9.483174  -9.339798  -9.615646  -9.583166
  -9.526036  -9.39571   -9.30697   -9.23534   -9.486654  -9.235978
  -8.928636  -9.371408  -9.666512  -9.418736  -9.46937   -9.363868
  -9.325414  -9.514842  -9.41514   -9.328314  -9.456204  -9.541986
  -9.548018  -9.549178  -9.385038  -9.46995   -9.42413   -9.71906
  -9.56304   -9.313176  -8.558132  -9.088368  -8.733118  -9.130302
  -9.283074  -9.433932  -9.496224  -9.185982  -9.288004  -9.597724
  -9.29305   -9.24578   -9.129432  -9.437876  -9.330982  -9.586646
  -9.463048  -9.503532  -9.25332   -9.391824  -9.12833   -9.221014
  -9.289976  -9.268806  -9.299198  -9.315844  -9.496108  -8.72697
  -8.905436  -9.188418  -9.275012  -9.104898  -9.407484  -9.459568
  -9.18372   -9.321934  -9.300416  -9.37106   -8.999106  -9.19387
  -9.347222  -9.247636  -9.484334  -9.272692  -9.66831   -9.115454
  -9.148688  -8.761828  -9.600624  -9.53984 ]"
1164,"[ -9.436484  -9.550338  -9.25564   -9.388518  -9.53868   -9.483928
  -9.386198  -9.290034  -9.218462  -9.096488  -9.347802  -9.554862
  -9.211038  -9.400466  -9.342582  -9.33974   -9.26144   -9.35801
  -9.303084  -9.452608  -9.318396  -9.445416  -9.278434  -9.453362
  -9.132738  -9.450984  -9.55782   -9.240908  -9.474938  -9.732922
  -9.505736  -9.135174  -9.555094  -9.450346  -9.183894  -9.191608
  -9.528356  -9.236964  -9.530966  -9.559908  -9.22316   -9.39339
  -9.529342  -9.115512  -8.589684  -9.359054  -9.588676  -9.320948
  -9.417518  -9.706764  -9.58073   -9.388112  -9.48851   -9.277622
  -9.3583    -9.391418  -9.482652  -9.287656  -9.214692  -9.326168
  -9.564258  -9.465948  -9.319904  -9.55086   -9.271416  -9.033384
  -9.23099   -8.980488  -9.229018  -9.208602  -9.44095   -9.490192
  -9.363868  -9.421868  -9.264514  -9.212024  -9.698934  -9.282146
  -9.57638   -9.603814  -9.459568  -9.552832  -9.367928  -9.411892
  -9.534794  -9.671268  -9.278434  -8.826788  -9.243576  -9.43689
  -9.426218  -9.426566  -8.73103   -9.032862  -9.555964  -9.479114
  -9.26869   -9.465252  -9.23041   -9.156924  -9.623012  -9.55521
  -9.340262  -9.498602  -9.393622  -9.382834  -9.329068  -9.484856
  -9.132042  -9.382602  -9.472618  -9.423666  -9.64598   -9.198742
  -9.233774  -9.10716   -9.566578  -9.101998  -9.622722  -9.262426
  -8.804284  -9.336782  -9.392346  -9.317178  -9.52795   -9.678228
  -9.238762  -8.84123   -8.883918  -9.320716  -9.43138   -8.991392
  -9.449476  -9.52389   -9.171714  -8.8914    -8.618336  -8.785202
  -9.315438  -9.604336  -9.15153   -9.423956  -9.213938  -9.835118
 -11.265456 -10.327944 -10.820886 -10.815086  -9.96208  -10.211944
  -9.786978 -10.690038 -11.12788  -10.320694  -7.243156  -8.636664
 -10.285082 -11.196378  -9.610078  -8.393876  -8.457328  -8.897142
  -8.77917  -10.552752  -9.517626 -10.47683  -10.27267  -11.310696
 -11.187214  -9.273562 -10.769614 -10.24918   -8.384828  -8.43755
  -9.894974  -8.42827  -10.245816 -10.269016  -8.554362  -9.138016
 -10.656224  -9.900484 -10.113344 -10.659646 -10.000012 -10.057606
  -9.29856   -9.500226 -10.37649   -6.433418  -7.090848  -6.315214
  -7.746364  -8.860602  -8.827078  -8.693794  -8.812056 -10.474742
 -10.202722  -9.462642  -9.585776 -10.664982 -10.5531    -8.136298
  -5.469574]"
1165,"[-10.62241  -10.18741  -10.91154   -9.972868  -7.931384  -7.053728
  -8.774936  -8.611318  -9.613674  -9.131404  -9.015114  -9.68165
  -9.46705   -8.316214  -7.526718  -6.828978  -7.724962  -6.15206
  -7.594636  -7.52985   -9.461192  -7.630654  -7.826404  -7.566796
  -8.910482 -10.215598  -9.274606  -8.449788  -9.05235   -9.005718
  -8.56486   -7.360606  -7.530894  -8.343068  -8.572226  -8.962508
  -9.372916  -8.482268  -9.435498  -8.642232  -9.630436  -8.57472
  -8.585566  -8.66433   -8.98159   -9.726194  -9.139756 -10.151276
  -9.712622  -9.9586   -10.035682  -9.68832   -9.857854  -8.783288
  -9.663612  -9.849212  -6.71611 ]"
1166,"[-13.614282 -13.405134 -13.1312   -13.39075  -13.423114 -12.89137
 -11.941504 -10.35735  -11.65539  -12.49146  -13.049768 -11.698658
 -12.930172 -11.487132 -13.152602 -12.617784 -12.920138 -11.172482
 -12.763364 -10.514356 -10.17117   -8.639158  -9.95454  -10.994596
 -10.086432  -8.81223  -10.168908  -9.980988  -9.410268  -7.990544
  -9.502024  -9.512     -9.402148  -9.45052   -9.665178 -10.054474
  -9.616632  -9.82607   -8.567818  -9.69093   -9.988354  -9.50098
  -9.27159   -8.795584  -8.987912  -9.544886 -10.51047   -7.806858
  -9.171656  -8.198416  -6.601966  -7.04729   -7.47736   -8.927186
  -8.280196  -8.641942  -8.915238  -8.61184   -9.301576  -7.791198
  -8.605228  -7.690104  -7.951104  -9.61118  -10.09374   -9.99369
  -8.284314  -9.309174  -7.601596  -6.835474  -7.268038  -7.51013
  -8.283966  -8.537484  -5.66312   -6.454762]"
1167,"[ -8.320448  -6.95855   -8.513936  -9.463222 -10.737656 -10.950342
 -11.840584 -13.587022 -12.612216 -10.619626 -10.293028  -9.771608
  -8.128062  -8.847088  -9.577424  -7.793228  -6.972296  -5.988964
  -7.13922   -8.683586  -9.079958  -9.424768  -9.57812  -10.482688
  -9.05583   -7.475852  -9.84753  -11.545596 -11.819008 -11.631088
  -9.437122  -9.240154  -8.310472  -9.09672   -9.822242  -9.213938
  -8.986114  -8.672218  -7.431714  -7.632858  -7.990254  -9.77445
  -9.60567   -9.627768  -9.318454  -9.8368    -9.898628  -8.990696
  -9.083554  -9.897758  -9.813194  -8.729232  -9.575742  -9.385154
  -9.182444  -9.10513   -9.343394  -9.520874  -8.998468  -9.752468
  -9.634496  -9.398958  -9.470066  -9.388112  -9.960572  -9.458408
  -9.55579   -9.5555    -9.732342  -9.883084  -9.7788    -9.478824
  -9.546278  -9.87479   -9.56246   -9.389968  -8.427864  -9.645632
  -9.379238  -8.675176  -8.819248  -9.411486  -8.409478 -10.1993
  -9.31219  -10.378288 -10.215018 -10.853192 -10.738584  -9.2713
 -10.079124 -10.489474 -10.254516  -9.972984 -10.391918  -8.909032
  -9.115628  -9.551614  -9.41427   -9.527022  -9.143352  -5.270228]"
1168,"[-10.683658 -10.360888  -8.614914  -8.369458  -9.361838  -9.677648
 -11.418808 -10.5154   -10.57427  -10.718748 -10.59428  -10.267914
 -10.82164  -10.657964 -10.56789  -10.699666  -9.19155   -8.682136
 -10.232708  -9.51461   -9.178152  -9.580962  -9.0509    -9.282784
  -9.15327   -9.497384  -9.091094  -9.287366  -7.759646  -7.403352
  -8.548098 -10.072164  -8.949226  -8.915296  -9.728224  -9.31016
  -9.36932   -9.19126   -8.996496 -10.094842  -8.835662  -9.159708
  -9.30175   -9.823866  -8.912802  -8.84906   -8.684978  -9.268922
  -9.320832  -8.829688  -9.14834   -9.672776  -9.52476  -10.178188
  -9.259526  -9.226988 -10.043222  -8.626398 -10.171402  -9.574292
  -9.82665  -10.15029   -8.314184  -9.247462  -9.363462  -9.516524
  -9.417402  -9.24114   -8.865126  -9.563156  -9.145324  -8.760436
  -8.837518  -8.875856  -9.603872  -9.05322   -9.865452  -9.87015
  -9.524122  -8.063102  -9.632234  -8.99957  -10.274526  -9.45545
  -8.868316  -9.681418  -9.49257   -9.883258  -9.449882  -8.850742
  -7.956266  -7.68442   -9.855998  -9.30204   -9.060122  -9.012446
  -9.372916  -9.304128  -9.886158  -9.802406 -10.10331   -9.93656
 -10.019964  -9.756702  -9.327444  -9.845732  -9.449534  -9.507476
 -10.038466  -9.84057   -8.851728  -9.277564  -8.21889   -9.532416
  -9.545408  -8.840592  -9.729964  -8.604358  -9.561532  -7.95789
 -10.181552 -10.102382 -10.413668 -10.33618  -10.345518 -10.493592
 -10.892632 -10.543298 -10.205506 -10.470276 -10.035392  -9.127576
 -10.172446  -9.075318  -8.07302   -6.917196  -8.634112  -9.275128
  -9.275766  -9.331504  -9.16922   -9.315206  -9.874616  -9.831348
 -10.034     -9.945492  -9.546046  -9.722656  -9.68252   -8.322652
  -8.666186  -9.86261   -9.961674  -9.800666  -9.967358  -9.578584
  -9.332896  -9.670514 -10.28456   -8.268886 -10.148028 -10.084808
 -10.107544  -9.494774  -8.545836 -10.328756  -9.037386  -8.567702
  -8.480644  -9.36526   -8.77888   -8.509934  -9.326864  -8.98304
  -8.705336  -9.294036  -9.47198   -7.010286  -7.056338  -9.795214
  -9.03205   -7.571726  -7.772754  -9.09672   -8.982982 -10.908466
 -10.04386   -5.589518]"
1169,"[ -9.025844 -10.60124   -9.379644  -9.87334  -10.85064  -11.095632
  -9.772826 -10.8025   -10.408854  -9.82462  -11.344336 -10.92198
 -10.847798  -9.594592 -10.429444 -10.171344  -8.700058  -8.309834
 -10.087244  -6.618786  -5.36268 ]"
1170,"[ -9.649402  -8.8044    -8.381986  -9.549236  -7.638542  -8.79628
  -9.679504 -10.525318 -10.4487   -10.311588 -10.29993  -10.472248
 -10.514008  -9.879024  -9.995198 -10.754824 -10.153828 -11.346018
 -11.23286  -10.320984 -10.167342 -12.138762 -12.187134 -10.864908
 -10.808822 -10.496202 -10.643406 -10.247498 -10.681396  -8.26674
  -9.649228  -9.566926  -7.536114  -6.751838  -8.632372  -8.029694
  -6.456328  -7.145426  -9.460148  -9.081234  -9.33017  -10.053894
 -10.518822 -11.137392 -11.364694 -10.881902 -11.130722 -11.5101
 -11.133854 -11.046274 -10.608548 -11.48574  -11.126778 -11.276824
 -11.939126 -11.644602 -10.021008 -10.265594  -9.522962  -8.266624
  -8.725868  -7.330562  -9.187838  -8.770702  -9.003804 -10.82019
 -10.319244 -10.2805   -10.26426  -11.174454 -11.290744 -11.958672
 -10.338616  -9.602364 -10.239494 -11.072606 -10.704712 -11.069416
  -9.472908  -9.701834 -10.858528  -9.993632  -7.900006 -10.17987
  -8.748256  -5.913448  -5.461686  -8.166284 -10.481122 -10.235202
 -10.934508 -11.049232 -11.534344 -10.937118 -10.51047  -10.222732
 -10.607156 -10.728898 -11.074984 -10.191354  -8.393412  -6.689778
  -8.100976  -7.912766  -9.054206  -8.12812   -8.768846  -7.827506
  -8.043324  -8.394398  -8.43842   -8.447468  -9.097126  -8.269176
  -7.454276  -8.977704  -8.244352  -7.815036  -7.176862  -6.998802
  -6.29329   -7.136726  -6.084374  -5.725876  -5.959674  -8.252414
  -6.920096]"
1171,"[-10.967684  -9.939982  -9.486016  -9.840686  -8.564802  -8.567644
  -7.611746  -7.67282   -8.463418  -8.541486  -8.581448  -7.740506
  -7.436528  -6.84429   -6.814188  -8.44683 ]"
1172,"[ -8.07215   -9.971592 -10.149188  -9.978842  -9.850836 -10.319998
  -9.29682   -8.919704  -8.995916  -9.836858  -8.79164   -8.674132
  -7.742362  -9.507476  -8.832762  -9.579918  -9.410152  -9.106928
  -8.700348  -8.362498  -9.679794  -8.57153   -8.856136 -10.233114
  -9.897758  -9.454464 -10.053836  -9.417344  -9.827172  -9.557414
  -9.049218 -10.038176  -9.521222  -8.67245   -9.252392 -10.116012
  -9.38875   -9.139292 -10.107776  -9.59639   -9.639194  -9.632002
  -9.08135   -9.877864  -9.407832  -9.28899   -9.673008  -9.661698
  -9.770042  -8.990928  -8.713282  -8.731726  -9.011692  -6.122944
  -5.894482  -8.457792  -9.377556  -8.141634  -7.861958  -9.005486
  -7.828724  -9.062326  -9.193116  -8.66665   -6.223342  -6.59344
  -7.133246  -6.866214]"
1173,"[ -9.604742 -10.091652  -8.818494  -9.984468 -10.595614  -9.53578
  -9.981394  -9.482768  -9.824736  -9.586936 -10.427124 -10.303178
  -9.56449   -8.594788  -8.34127   -9.68687   -8.776328  -9.464266
  -9.060122  -9.019754  -9.857332 -10.019674  -9.728978  -9.340494
 -10.558784  -9.235166 -10.427008  -9.546394 -11.111698 -11.515088
 -10.554144 -11.139016 -11.40657  -11.17863  -10.842346 -10.888572
 -11.247766 -10.56209  -10.611274 -10.642478  -9.479636 -10.5444
 -10.144664  -9.031992 -10.486574 -10.550374 -10.711498 -10.976558
 -10.771122 -10.567252 -10.146114 -10.679018 -11.09424  -10.672
 -10.592134 -10.8286   -11.092674 -11.104622 -10.763002 -10.686964
 -11.02841  -10.888456 -10.722344 -11.367536 -10.414654 -11.291614
 -10.94025  -10.033478  -8.947022  -8.270162  -9.323732 -10.401836
  -9.767606  -9.340494  -8.772732  -9.235746  -8.475018 -10.201968
  -9.57319   -8.296204  -9.061978  -8.296958  -8.728478 -10.94953
  -7.152966]"
1174,"[ -8.325668 -10.189672 -11.536954 -10.301264 -10.274584  -9.57812
 -10.104876  -8.979096  -8.963958  -9.469486  -9.671558  -9.196596
  -9.449824 -10.5531   -10.704364 -10.990652  -9.509158  -9.42471
  -9.64279  -10.631284 -10.567368  -9.48677  -10.488778  -9.590764
 -10.519924 -11.248636 -10.673334 -10.55774   -8.759798 -10.819726
  -9.471632  -9.195842  -9.196016  -6.385916  -5.723382  -8.752548
  -9.24868  -10.002564  -9.320832  -8.478614  -9.026772  -9.44066
  -7.71922   -8.64954   -8.878814  -9.322572  -9.001136  -9.2945
  -9.136856  -9.183314  -9.386488  -7.72531   -8.29719   -9.951698
 -10.634126 -10.427298 -10.844434 -10.157946 -10.825468 -10.43362
  -9.791966  -9.463802 -10.219194 -10.711614  -9.16197   -9.633394
 -11.920624 -11.381862  -9.8803   -10.671304 -10.098322  -8.74669
  -9.661872  -8.345968  -8.435578 -10.1065    -9.072302]"
1175,"[ -8.222602  -9.74342   -9.745276 -10.661966  -9.912722  -7.92425
  -7.506534  -7.448244  -9.706822 -10.540224  -8.057012  -6.90925
  -8.070294  -9.349078  -9.896192  -9.334694  -9.206456  -9.129374
  -9.44414   -9.694004  -9.524528  -9.556196  -9.38875   -9.252102
  -9.189172  -9.704444  -9.958716  -9.680722  -8.623382  -9.320948
  -9.41601   -9.368044  -9.85826   -9.171076  -9.625332 -10.100816
  -9.519946 -10.186482 -10.40085  -10.933232 -10.028432 -10.041946
 -10.26542  -10.769324 -10.57659  -10.08736   -9.930934  -9.688262
  -8.71044   -7.265486  -6.948864  -8.176028 -10.255676  -9.96324
  -9.402844  -7.46982   -6.9716    -8.349622  -7.107378  -7.549106
  -7.992806  -8.446134 -10.404098  -8.420266  -9.24462   -6.272352
  -6.442002  -9.056642  -8.134964  -8.015078  -6.98581   -7.502532
  -9.479172  -9.602944  -8.669318 -10.16479   -9.732748  -8.42218
  -7.817704  -9.293166  -9.515132  -9.010938  -8.48192   -8.476642
  -8.873478  -8.69623   -7.280798  -7.229468  -8.477802  -9.174904
  -8.175738  -9.016622  -8.486444  -6.8063    -5.17186   -5.787298
  -7.693932  -8.301192  -9.207558  -8.014904  -7.776524  -8.02923
  -9.000672  -8.421774  -8.89691   -8.907582  -8.347998  -8.26616
  -8.754578  -7.897222  -8.368762  -9.197408  -8.630052  -9.291484
  -9.5671    -9.56159   -9.91336   -9.860986  -9.780946  -9.489264
 -10.107022  -9.309638  -9.666628  -8.9784    -9.444894  -8.86472
  -9.024916  -9.11122   -8.894822  -8.99406   -7.888232  -8.753128
  -8.117332  -7.220768  -9.628116 -10.081908 -10.708424  -9.75473
 -10.51047  -10.65083  -10.510644  -9.036574 -10.464186  -9.265268
  -9.454116  -9.319614 -10.011496  -9.105478  -8.364818  -9.284466
  -9.431264  -9.658566  -8.819654  -7.79636 ]"
1176,"[-7.046942 -8.966858 -7.028846 -7.521034 -7.223784 -7.016028 -7.001528
 -8.11826  -8.314996 -9.060412 -9.172816 -7.534258 -6.4032   -7.736504
 -8.308616 -8.955722 -5.810034]"
1177,"[ -9.925134 -10.467608  -9.781468 -10.563888 -10.217918  -9.845094
  -9.947928 -10.293434  -9.910692 -10.009176  -9.287656 -10.327538
 -10.09925   -9.482188 -10.47045   -9.204542  -9.932616  -8.083808
  -9.736634  -8.385698  -9.058672  -6.79267   -6.416076  -8.835024
  -9.671964  -9.533402  -7.657044  -6.615364  -8.851728  -8.347476
  -9.201352  -7.961428  -5.455886  -5.578208  -8.169996  -7.447026
  -5.168264  -5.973652  -5.482102  -8.682832  -9.395246  -8.88038
  -8.329786  -8.196444  -6.522042  -5.10081 ]"
1178,"[ -9.401916  -9.31683   -9.519482  -9.492164  -9.652186  -8.468058
  -9.96469   -9.585196  -9.30117   -9.793126  -9.273446  -8.693272
  -8.915064 -10.112358  -9.894742  -9.50475   -9.759486  -9.638266
  -9.276462  -8.821046  -8.897084  -8.912976  -9.534214  -9.712332
  -9.358474  -9.380108  -8.908916  -9.207268  -9.63322   -8.663982
  -9.140974  -9.294384  -9.938416  -9.604452  -9.500052  -9.135174
  -9.132912  -9.606134  -8.919356  -8.58719   -9.755948  -9.689306
  -9.75067   -9.707112  -9.064646  -9.16574   -9.278028  -9.238646
  -9.630262  -9.49286   -9.054554  -9.535432  -9.565476  -9.815108
  -9.76198   -9.711752  -9.757108  -9.996822  -9.548192 -10.012308
  -9.544306  -9.67382   -8.993596  -9.338812  -9.369726  -9.559386
  -9.84811   -9.499472  -9.836858  -9.759776  -9.598246  -9.457132
  -9.377556  -9.527892  -9.392578  -9.41166   -8.629124  -8.859152
  -9.657696  -8.652034  -7.90917   -8.842042  -7.226626  -9.757862
  -9.968692 -10.754592 -10.352304 -10.27064   -9.693482  -9.740694
  -9.712622 -10.015034 -10.069264  -9.889174 -10.45827  -10.742934
 -10.36373  -10.491562  -9.735358 -10.185612 -10.375852  -9.544944
  -9.35511   -7.347498  -6.210466  -8.182698  -6.915688  -5.16258
  -5.202542]"
1179,"[ -9.022828  -8.67825  -10.32951  -10.156496 -10.665678 -10.296508
  -8.886412 -10.369762 -10.94692  -10.211828 -11.024582 -10.961014
 -10.392846  -9.392868  -7.188288  -6.724926  -9.693018  -8.986636
 -10.109632  -9.617444  -9.3641    -9.649054  -9.40934   -9.286032
 -10.030346  -9.333302  -8.51991   -9.136044  -7.982656  -9.009372
  -8.842738  -9.64946   -9.65613   -9.587748  -9.167538 -10.201562
  -9.734372  -8.947602  -9.908082  -8.52252   -9.99862  -10.078022
 -10.530306  -9.676256  -9.464788  -8.55848   -9.380572  -9.21214
  -9.014476  -9.58392   -8.780504  -8.438536  -8.740542  -7.913578
  -8.942382  -6.363528  -8.732364  -7.974246  -8.644668  -9.214112
  -9.57957   -9.694468  -8.361918  -6.194806]"
1180,"[ -8.120058  -8.99609   -9.162492 -10.237522 -11.186982 -10.833066
 -11.261164 -10.789218 -10.916644 -10.892052 -10.475728  -9.45429
  -8.146448  -9.73356   -8.58893   -8.990812  -9.830884  -8.364122
  -8.601342  -9.896714  -8.746748  -8.418642  -9.639716  -8.149058
  -8.779982  -9.90553   -8.032304  -8.774124  -9.308362  -8.878408
 -10.133238  -9.643544  -8.436796  -9.212604  -9.085816  -8.74263
 -10.11665   -8.23629   -8.478788  -8.19076   -8.861762  -9.03901
  -8.810606  -8.918254  -8.799238  -8.6855    -8.868664  -9.020276
  -9.854896  -8.40826   -8.483486  -9.219332  -9.032978  -8.867214
  -9.70369   -9.125778  -8.664678  -8.841578  -9.085642  -9.179022
  -9.568782  -9.355864  -8.761944  -9.180878  -8.428618  -8.234376
  -8.42305   -8.373982  -9.16748   -8.261346  -8.727492  -9.089238
  -8.20526   -8.054924  -7.794388  -8.157526  -8.510108  -9.070098
  -9.742086  -8.638578  -9.261266  -9.101592  -8.496826  -8.646814
  -9.231744  -7.97471   -9.94439   -8.49323   -9.445242  -8.855788
  -9.593258  -9.29537   -9.187838  -9.044636  -8.928984  -8.615668
  -8.22237   -8.918718  -9.13906   -8.788682  -9.603698  -8.650932
  -8.58197   -9.546858  -8.098482  -7.782382  -8.62315   -8.647394
  -9.440718  -9.003282  -8.749996  -9.98499   -8.47322   -9.068822
  -9.20721   -8.486328  -9.640528  -9.13935   -9.166958  -8.3984
  -8.909902  -8.882758  -8.989246  -9.009314  -8.85254   -8.668042
  -9.966198  -8.77192   -9.944854  -8.716994  -8.724766  -9.364622
  -8.579592  -9.68426   -8.529944  -9.597086  -8.79628   -8.70232
  -9.890624  -8.781026  -8.77685   -9.71471   -9.290962  -8.808692
  -8.926258  -8.82035   -8.506976  -8.977472  -8.606852  -8.866286
  -8.514342  -9.222     -9.52998   -8.389004  -8.69652   -9.230642
  -8.590264  -8.753012  -8.658008  -8.923996  -9.074738  -8.87777
  -8.368588  -8.2331    -9.284466  -8.741122  -8.567586  -8.899694
  -8.749938  -9.447736  -8.56486   -9.0248    -8.799354  -9.09846
  -8.337442  -9.213068  -9.01697   -8.422006  -9.197176  -8.82615
  -8.713862  -9.269676  -8.631734  -8.886006  -8.83427   -9.328604
  -8.76235   -9.09237   -8.370618  -9.082626  -9.013026  -8.843086
  -9.255872  -8.509238  -9.193928  -8.60372   -8.861878  -8.762582
  -9.042026  -9.293804  -8.706148  -8.838794  -8.956766  -8.777372
  -9.749046  -8.899578  -9.839468  -8.99174   -8.015832  -9.665178
  -9.919276  -8.513298  -9.269676  -8.913672  -8.973702  -8.770006
  -9.80548   -8.675524  -8.892734  -9.26463   -8.957694  -9.328314
  -8.61619   -9.02915   -9.548946  -8.558248  -9.727702  -9.661292
  -9.267994  -9.247288 -10.01428   -9.999316 -10.545328 -10.665678
 -10.322318  -7.753266  -6.15177   -7.84305   -8.029636  -9.476562
  -9.402206  -9.154488  -9.887028  -7.290774  -5.837642  -5.365464
  -5.90208   -9.204194  -8.741528  -9.779554  -9.905646 -10.091942
 -10.20075   -9.5642    -9.552484  -9.2713    -7.9083    -9.18459
 -10.231432 -10.58268   -8.042222  -8.47264  -10.337398 -10.696186
 -10.044962 -10.661444  -8.785434 -11.265804  -9.939924  -9.878038
 -11.05422   -9.641166  -9.48271  -10.800934 -10.196864 -10.216062
 -10.172852  -9.726948  -9.611818 -10.17465   -9.666512 -10.046586
  -9.989804  -9.988818  -9.892132  -8.832182  -9.091384  -9.915216
 -10.640564  -8.579592  -7.77809   -7.269546  -5.053366]"
1181,"[ -8.739556  -8.599892  -8.904276  -9.200888  -9.082452  -8.947486
  -9.619648  -8.582144  -9.2626    -9.148224  -7.631872  -6.98436
  -8.33808   -8.066118  -9.257438  -9.339392  -8.264768  -8.884962
  -8.283154  -7.98051   -7.151864  -9.183894  -9.057744  -8.712992
 -10.48582   -9.601262  -9.038488 -10.193558 -10.493708 -10.813288
  -9.96817  -11.133042  -9.996996 -10.473582 -10.27905  -10.66069
 -10.425558  -9.517974  -9.246824  -8.617814  -9.919682  -9.628464
 -10.370342 -10.639056 -10.841302 -10.632154 -10.063522 -10.3443
 -10.013236  -8.884324  -9.661756  -9.977276 -10.264434  -9.970432
 -10.6691   -11.193768 -10.754766 -10.616204 -10.58732  -10.825932
 -11.299444  -8.817276  -6.300946]"
1182,"[ -8.861066 -10.894082 -10.993552 -10.186946 -10.377418 -10.20916
 -10.436114  -9.484508  -9.853098  -9.603292  -9.215794  -9.499356
  -9.44994   -9.626028  -9.353776  -9.361548  -8.819538  -9.38817
  -9.570522  -9.35221   -9.902862  -9.090862 -10.07199   -9.71065
  -9.94671   -9.254306  -9.437296 -10.061318  -9.092776  -9.281102
  -9.283596  -9.066966 -10.035566  -9.100316 -10.856614  -8.756318
 -10.662198  -9.418446  -8.663982  -8.504946 -10.836488 -11.03595
  -8.2998    -7.540754  -6.270032  -8.722562  -9.33017   -8.492708
  -9.278492  -8.687182  -9.102694  -9.727064  -8.959608  -8.404142
  -6.763612  -7.910968  -8.839606  -9.12775   -8.990348  -7.65078
  -8.4245    -8.847494  -9.013838  -9.114932  -7.730414  -9.13355
  -9.367174  -7.380152  -9.051364 -10.384668  -8.807822  -7.683666
  -9.155184  -8.986288  -9.396522  -8.632894 -10.074078  -9.270662
  -9.772478  -9.165566  -9.65178   -8.01444   -6.231056]"
1183,[ -9.832044 -10.182654  -9.953264  -8.6304    -7.885854]
1184,"[ -8.494738 -10.049718  -9.267472  -8.21338  -10.066828  -9.08222
  -8.227068  -9.238066  -9.126358  -8.621468  -9.056584  -5.976552
  -6.512008  -6.279602  -8.216918  -8.689386  -9.12456   -9.695744
  -7.836438  -9.4279    -9.6628    -9.792256 -10.030636  -9.247984
  -8.122088  -7.93527   -7.825302  -9.18372  -10.33502  -10.090086
  -9.806988  -9.41282  -10.019326  -9.627768  -8.892792  -9.25912
  -9.133608  -8.979676  -8.613638  -8.14726   -7.067068  -6.508412
  -8.281646]"
1185,"[ -7.477012  -7.15488   -7.786906  -7.383632  -7.001006  -6.809838
  -9.414154 -10.403634  -8.664678 -10.147448 -10.076746  -9.74603
 -10.091652 -10.612724  -9.718248 -10.12332  -10.072802 -10.440696
  -9.61669   -9.56942   -9.817486 -10.299002  -9.594882  -9.822822
  -9.48619   -9.536998  -8.491374 -10.328002  -9.256742  -8.049878
  -8.456342  -7.215606  -8.822902  -8.362208  -7.80825   -8.875914
  -9.119862  -9.233716  -9.010996  -8.18612   -5.02541 ]"
1186,"[-10.33125  -10.634474 -10.658834  -9.656884  -9.929484 -10.226618
 -10.414074 -10.334498 -10.43478  -10.61545  -10.330496 -10.553622
 -10.643232 -10.496956  -9.121834 -10.791306  -9.968982 -10.379854
  -9.70253  -10.23236  -10.422542 -10.440116 -10.340994 -10.356538
  -9.934646 -10.318142 -10.231548  -9.48793  -10.407636 -10.532684
 -10.235492 -10.334498 -10.06706  -10.062536  -9.81418   -9.336144
 -10.885266  -9.736692  -9.694178 -10.102846 -10.687254 -10.05517
  -9.81824   -9.776538 -10.151798  -9.156576 -10.577286 -10.585116
 -10.395572  -9.78344  -10.332758 -10.385596 -10.166936 -10.32632
 -10.108472 -10.070424 -10.262694 -10.326262  -9.769636  -9.04771
  -8.375722  -8.24963   -7.37151   -6.095162  -6.912614  -9.845152
 -10.072918  -8.92272   -9.401626 -10.250224  -8.804574 -10.295522
  -9.757166  -9.55173   -8.279558  -9.593722  -9.443966  -8.281936
  -8.072556  -5.132942  -5.422072  -5.727094  -6.23848   -8.233912
  -9.515364  -9.284466  -9.041736  -9.460032  -9.593838  -9.00682
  -9.217244  -9.373902  -8.565208  -8.859674  -9.52534   -9.179312
  -8.559118  -9.233542 -10.076804  -7.60873   -9.041272  -9.334868
  -9.73327   -9.311784 -10.611738  -9.875718  -9.427784  -9.04771
  -8.656558  -6.89997   -8.270568  -9.07497   -9.764764  -9.545524
  -9.36381  -10.31791  -10.60385  -10.110038 -10.030984 -10.43507
 -11.14499   -9.653114 -10.431126  -9.77706   -9.166552 -10.074716
 -10.453746  -9.419606 -10.128018 -10.733596  -9.720858 -10.68563
  -9.922814  -9.2539    -9.812556  -9.747248  -8.205608  -8.129396
  -8.703944  -8.58545   -8.736134  -9.280464  -8.977762  -7.391114
  -7.493774  -8.160542  -6.02707 ]"
1187,"[-7.344482 -7.430902 -7.959456 -7.65919  -8.13711  -7.532054 -7.972332
 -7.444706 -8.034798 -9.656652 -9.677068 -9.575336 -9.272228 -9.199438
 -9.692728 -9.626608 -8.413828 -9.57261  -9.373438 -9.114584 -9.149674
 -9.169452 -8.765308 -8.804226 -8.683528 -6.520708 -7.827216]"
1188,"[-10.557682 -10.71231  -10.525956 -10.160788  -9.925656  -8.699246
  -9.56507   -8.134964  -6.47019   -6.484806  -8.629762  -9.709374
 -11.048246 -11.102534 -11.589502 -11.25345  -11.285408  -9.312596
  -9.086512  -9.058672  -9.38904   -8.789378  -9.610078  -9.826766
 -10.137472  -9.006124  -9.1959    -7.243098  -9.579744  -8.92359
  -8.680512  -9.602132  -9.513044  -9.496978  -8.44538   -7.330098
  -7.786558  -7.824954  -8.142736  -9.408934 -10.243554 -10.242916
  -9.386372  -8.901318  -9.393622  -8.904624  -9.076478  -8.744776
  -7.423536  -7.764808  -8.624194  -8.426704  -9.742956  -9.031586
  -8.765888 -10.142344 -10.155858  -8.061188  -7.137016  -9.156692
  -8.651338  -9.311204 -10.165428  -9.378368  -8.395326  -8.809214
  -9.978378  -9.089586  -8.440218  -5.47201 ]"
1189,"[-10.556174  -9.819342 -10.27818   -9.713144  -9.496862  -8.320796
  -8.248934  -9.49663   -9.153386  -8.849234  -8.877596  -8.374272
  -8.452572  -8.248586  -6.345258]"
1190,"[ -7.95992   -7.853316  -9.200598 -10.511224 -10.754998 -10.221688
  -9.513392  -8.491606  -9.34873   -9.613732  -8.293304  -7.93672
 -11.632132 -11.378962 -10.568296  -9.16168   -8.611202  -9.54274
  -8.893256  -9.83506  -10.529436  -9.947    -10.056156  -9.63525
  -9.610658 -10.81874  -10.212524  -9.952046 -10.82512  -10.623048
 -10.862008 -10.499972 -10.217396 -10.83179  -10.05691  -10.5618
 -10.226154 -10.15754   -9.259294  -9.2771    -9.423782 -10.21699
  -9.455566  -8.921096  -9.70949  -10.256952  -9.62104  -10.160324
  -9.765112  -9.965212 -10.605648  -9.629856 -10.484254  -9.673298
 -10.369356 -10.176738 -10.527    -10.633894 -10.02385   -9.981104
 -10.018862 -10.001868  -9.651606 -10.251442  -9.94091   -8.524086
  -8.862922 -10.473176  -8.284198  -8.79309   -8.923068  -9.633104
  -8.591424 -10.002506  -9.26492   -9.861914  -9.09208  -10.086142
 -10.290012 -10.246048  -8.44103   -9.380224  -8.877132  -8.263318
  -8.921502  -9.29508   -8.414988  -9.468384  -9.130244  -9.46618
  -8.59589   -8.642986  -8.155728  -9.589024  -9.019348  -8.438188
  -9.963704  -7.391868  -6.450934  -7.458916  -9.172004  -8.73741
  -8.79802   -8.465738  -9.330228  -8.930608  -9.214402  -9.82955
 -10.244656 -10.950806 -10.639172 -10.100004  -8.832704  -9.059194
  -9.692902  -9.275302  -9.056294 -10.8982   -10.508034  -9.504112
 -10.091362 -10.137066  -8.307746  -8.363948 -10.295232  -9.30871
  -8.20294   -7.57248   -5.479608  -5.137814  -6.815638  -6.436144
  -6.988768  -8.130382  -7.645096  -8.203926  -7.351558  -6.297988
  -6.888428  -7.635004  -8.032826  -7.593882  -7.31786   -8.061246
  -8.334252  -8.754868  -9.26231  -10.073382  -8.628834  -9.385502
  -8.776154  -7.458394  -8.96158  -10.373532 -10.79003  -10.900984
 -10.22859  -10.971106 -10.914324 -10.824656 -10.534482 -11.016636
 -10.534308 -10.015672  -9.62713   -9.491526  -8.432852  -6.79499
  -8.08404   -9.395826  -9.569072 -11.36916  -10.845014 -11.29057
 -11.55215  -11.703414  -8.271206  -6.910004  -5.853824  -8.967264
  -7.264616  -7.865554  -7.837366  -8.306934  -8.215178  -8.32416
  -8.163558  -8.118898  -8.13537   -7.814166  -7.41414   -7.93556
  -8.00516   -8.370038  -8.314126  -8.596586  -8.117216  -7.740332
  -8.423282  -8.909322  -8.088158  -6.600864  -7.662554 -10.28224
  -9.199322  -9.833494  -9.432192  -9.127866  -9.978378 -10.155626
  -9.874558  -9.664946  -7.447374  -7.520628  -9.692322  -8.289186
  -7.113294  -7.635294  -8.695012  -7.939736  -7.67311   -8.627152
  -8.250964  -9.049856 -11.648836 -10.310428 -10.245294 -10.378114
 -10.512384  -9.369204  -9.710534 -10.2312    -9.015288 -10.40694
  -9.224552  -9.741506 -10.274816 -11.01014  -10.310892 -10.612956
  -9.270372  -9.205586 -10.177376 -10.819204 -11.18733  -10.963334
 -10.13521   -9.367174 -10.174824 -10.110386 -10.530828 -10.190136
 -10.256894 -10.433794 -11.148064 -10.885498  -9.87363  -11.540318
  -9.9847   -10.559364  -9.918058 -10.342386 -10.021704 -10.588886
 -10.001926  -9.658798 -10.18799  -10.008016  -9.176006 -10.633546
  -9.259468 -10.561452  -6.936742  -5.989602]"
1191,"[ -8.728304 -10.471842  -9.62974   -9.419432  -9.047594  -8.06983
  -9.71964   -9.23215   -7.891654  -6.738556]"
1192,"[ -8.255256  -8.502858  -8.401474  -8.380246  -9.886564 -10.041772
  -9.915506 -10.152378  -8.92185  -10.007842  -9.63844  -10.135268
  -9.44182  -10.076108 -10.078138 -10.03487   -9.040054  -9.719988
  -9.733328 -10.217454  -9.93685   -9.91655   -9.920494 -10.132484
 -10.183698  -9.791154 -10.75639  -10.789392 -10.948022 -10.04067
 -10.068336 -10.318258 -10.470972 -10.865836 -10.747342 -11.055206
 -10.439304 -11.0519   -10.187584  -8.685094  -8.05011   -8.71595
  -9.354704 -11.053698 -11.17805  -10.292332  -9.68194   -9.7121
  -9.419664 -10.336006  -9.844456 -10.271452  -9.78431   -9.544132
  -9.924844  -8.488764  -8.33373   -9.93975   -9.547496  -9.470936
  -9.910692  -9.403946  -9.210052 -10.311066 -10.664286  -9.501676
  -9.838772 -10.37504   -9.534968 -10.230794  -8.97376   -9.524296
  -9.235862  -9.400872  -9.324718  -9.289454  -9.92525   -9.225712
  -9.866612  -8.450774  -9.514668 -10.176912 -10.490866 -11.220738
 -10.237464 -10.104238  -9.865394  -9.25593   -8.36012   -8.667868
  -9.97629   -7.716378  -8.575184  -9.892074 -10.293086 -10.634532
  -9.517046  -9.14254   -5.081206]"
1193,"[-10.809808 -10.650308 -11.587066 -10.934392 -10.897794 -11.23257
 -10.96635  -11.09105  -10.960898 -11.327632 -10.71666  -11.166218
 -10.790726 -10.913164 -11.574886 -11.507374 -10.33647  -10.8199
 -10.44696  -10.711092 -10.587668  -9.838424  -9.858086  -9.707924
  -9.813716 -10.376896 -10.833704 -10.128772 -10.945006 -11.082814
 -10.668752 -10.296914 -10.922038 -10.584072 -11.242024  -9.708098
 -11.486146  -9.15646   -6.252342  -5.933516  -8.421774 -10.30544
 -10.051342 -10.026112  -8.270974  -9.86261   -9.64975   -8.53151
  -5.877836  -6.723012  -7.419708  -8.241684  -8.728304  -8.33576
  -8.90068  -10.453166 -12.510832 -11.119818 -10.586856 -11.475126
 -10.715848 -11.139306 -10.304338 -10.478048 -10.752678 -10.271974
  -8.780156  -9.710418  -8.962102  -8.887166  -8.84732   -9.102694
  -9.076478  -9.153966  -8.40101   -7.808134  -8.43088   -9.25245
 -10.556696 -10.320056  -9.958658 -10.066132  -9.75125   -9.96208
  -9.601494  -9.918986  -9.36091   -8.568224  -9.291716 -10.320578
  -9.741448 -10.185322 -10.1326   -10.008596 -10.237754 -10.521026
 -10.421208 -10.06938   -9.214112  -9.456494  -8.84036  -10.256024
  -9.810004 -10.15232  -10.094958  -9.272286  -9.358822  -8.131136
  -9.08657  -10.571892 -10.242394 -11.145686 -10.32255  -11.048536
 -12.593946 -11.144062 -12.529392 -12.508628 -11.723772 -12.849494
 -11.654056 -11.65771  -11.184662 -11.667106 -10.857078 -12.323434
 -11.395782 -10.724316 -11.07452  -10.957534 -13.045186 -10.675886
 -12.846478 -10.02907   -8.917152 -10.186308 -12.652352 -10.682672
 -11.507722 -11.031484 -11.58057  -11.042736 -11.32363  -11.288308
 -11.800158 -11.569492 -11.099286 -11.974738 -11.815238 -10.00645
 -11.843078 -12.264332 -10.5473   -10.714804 -12.442276 -10.763118
 -11.507954 -11.101026 -12.619234 -11.021972 -11.599826 -11.623374
 -10.496318 -11.47327  -11.262208 -11.021914 -11.403902  -9.42877
 -12.981734 -11.283726 -11.799114 -12.08865  -11.584746 -11.564968
 -11.43441  -11.598086 -10.474916  -9.601668 -10.486632 -11.57941
 -11.475416 -11.968358 -10.005232  -9.003688  -9.204484  -9.626144
  -7.937938  -9.636526  -9.18691   -9.66773   -7.933704  -8.080386
  -6.406912  -6.942774  -7.440878  -8.56457   -9.853214 -10.418424
 -12.076296  -9.70891   -9.160346  -8.923532  -9.948508 -12.073106
  -9.811512  -8.612362  -7.427538  -8.132702  -5.723324  -6.66942
  -8.027432  -8.249862  -8.224052  -9.082684  -6.945384  -8.384538
  -7.639818  -9.43283  -10.748154 -10.252428  -7.122922  -7.509144
  -7.138176  -6.83965   -6.614726  -7.904994  -7.944202  -7.588662
  -9.154604  -8.993248  -7.976218  -9.1234    -8.195864  -8.956708
  -8.026794  -8.123016  -7.750888  -7.616676  -7.24623   -8.065828
  -9.734198  -9.334694 -10.088288 -10.475786 -10.452992  -9.25274
  -9.575394 -10.02066   -9.845152  -7.905632  -9.054264  -8.818146
  -9.861682  -9.336666  -9.020972  -8.883744  -9.770796  -8.062058
  -9.112612  -9.653346  -7.842818  -7.845834  -8.203868  -5.78028
  -7.385604  -8.070526  -7.814978  -9.28754   -9.473604 -10.574386
 -11.21604   -9.946942 -10.833298  -8.931942  -8.794772  -7.633612
  -8.833864  -9.041214  -8.935886  -9.014128  -8.110778  -9.213358
  -8.73306   -9.008328  -8.734104  -8.890878  -8.46046   -8.400314
  -7.96514   -9.13703   -8.454834  -8.298408  -8.877132  -9.484856
  -6.281922  -7.49882   -7.392448  -7.861958  -8.392484  -8.41261
 -11.823184 -10.453514 -11.60232  -10.292564 -10.201852 -10.174592
 -10.411174  -8.236812  -8.861298  -8.762408  -6.674118  -6.241148
  -6.121958  -7.455726  -7.394188  -7.433802]"
1194,"[ -9.347106 -10.547358  -9.204484  -8.045006  -8.737352  -8.857934
  -9.507476  -8.208392  -6.72539   -8.375838  -8.987854  -7.268328
  -8.738628  -9.130592  -8.252588  -8.433142  -8.952358  -9.194044
  -9.197814  -9.226408  -8.684572  -9.120558  -9.472386  -9.389272
  -9.444952  -9.371756  -9.004384  -9.014418  -8.983446  -8.892966
  -8.975616  -9.283074  -9.13181   -9.115164  -9.478534  -8.968424
  -8.892096  -8.39405   -8.085432  -9.095038  -8.944702  -8.95839
  -9.044636  -8.99      -9.04249   -8.945978  -9.145498  -9.329184
  -8.24731   -8.487198  -9.302504  -8.553956  -8.943368  -9.514842
  -9.550396  -9.348034  -9.248216  -9.09324   -9.027642  -9.326632
  -9.238588  -9.36294   -9.377614  -9.297516  -9.138538  -9.108784
  -9.139582  -9.38295   -9.056758  -8.841578  -8.183626  -8.488242
  -8.889196  -9.036516  -9.579454  -9.147644  -8.82876   -9.335274
  -8.690256  -8.606562  -9.763082  -9.572378  -7.948668  -8.468348
  -9.125836  -7.369364  -7.430786  -8.531916  -9.27768   -8.358206
  -8.398168  -8.709396  -8.975848  -8.536266  -9.665816  -8.32358
  -8.867504  -9.071896  -8.610912  -9.512638  -8.998062  -8.609404
  -8.781258  -8.31024   -9.282436  -9.127344  -9.20924   -9.22142
  -9.092834  -9.146252  -8.72668   -8.842274  -9.226176  -9.368972
  -8.978284  -9.13645   -8.976312  -9.178964  -8.981822  -9.209414
  -8.459416  -8.945108  -8.60517   -8.093726  -9.077754  -8.6826
  -9.18082   -8.845058  -8.303686  -9.066154  -9.306912  -9.176296
  -9.353254  -7.91439   -8.511558  -9.075144  -8.95143   -9.229018
  -8.830326  -8.691474  -8.492592  -8.44074   -6.851424  -7.643124
  -8.293072  -9.041446  -8.34359   -8.22266   -7.54377   -7.89612
  -8.287272  -9.374018  -8.426008  -9.317642 -10.081328  -9.189984
  -8.947544  -9.076304  -8.88067   -8.30705   -9.233832  -8.93113
  -8.738512  -8.558074  -8.20323   -8.621468  -8.401358  -8.8595
  -8.289766  -8.529422  -8.671696  -8.475076  -8.614218  -9.11789
  -7.96717   -8.545604  -8.42247   -7.975986  -8.604358  -8.919124
  -8.145462  -8.81078   -8.444858  -8.784564  -8.228808  -8.962798
  -7.020726  -8.487256  -8.397182  -8.524956  -8.551636  -8.918254
  -8.439232  -8.661662  -8.26471   -8.469334  -8.502104  -8.544444
  -8.342836  -8.389932  -9.070272  -7.796418  -8.76844   -8.899752
  -8.41348   -8.693794  -8.206188  -7.925062  -7.741144  -6.883034
  -8.304788  -9.174034  -7.868976  -8.379028  -8.516546  -8.738338
  -7.639876  -9.140046  -8.657312  -8.917964 -10.175752  -9.183024
  -8.575242  -8.670072  -8.572922  -8.188788  -8.578954  -8.419686
  -8.696694  -8.790886  -8.147144  -8.964132  -8.653194  -8.42943
  -9.349774  -8.68695   -8.996438  -8.885658  -9.505852  -8.466782
  -8.41493   -9.14573   -9.212604  -9.541     -8.549026  -9.651722
  -8.406172  -8.242612  -8.448628  -8.430474  -7.93788   -8.31952
  -5.4984    -7.353994 -10.256198 -10.182016 -11.159606  -9.867598
 -10.745428  -9.17502  -10.743978  -8.503206  -8.012352  -8.108458
 -10.499682 -10.78539  -11.3593   -11.350716 -11.693264 -10.979922
 -10.03284  -10.881496 -11.405236  -9.704792 -10.397312 -10.725534
 -10.382522 -10.353812 -11.112684 -10.669332  -9.443792  -9.697774
  -9.567042 -11.214068 -11.025394 -11.147252  -9.965386  -9.519134
 -10.592308  -8.453964  -9.531604  -9.580672  -9.640006  -9.305462
  -9.554282 -10.105688  -9.688842 -10.561974  -9.287192  -9.78199
  -8.885136 -10.925286 -10.009176 -10.101976  -9.582934  -9.842426
  -9.162434  -9.88929   -9.086106  -9.26347   -9.042896  -9.518264
  -9.849038  -9.502024  -9.010242  -9.325704  -9.326574  -9.39426
 -10.030578  -9.67962   -9.691916  -9.985628  -9.325298  -9.89161
  -9.667208  -9.459336  -9.615008  -9.714768  -8.988724  -9.799912
 -10.33734  -10.852206  -9.80055  -10.087882  -9.6744    -9.743652
  -9.522672 -11.038386  -9.630436 -10.756738  -8.209436  -5.935836
  -8.144302  -9.521512  -7.234282  -8.426182  -7.52927   -7.2326
  -8.943078  -8.208334  -8.865938  -8.291854 -10.03864   -5.865714]"
1195,"[ -8.784796  -8.494912  -7.938054  -7.910504  -6.754216  -7.786268
  -7.986194  -7.255858  -8.392252  -7.63454   -7.409442  -9.531082
  -7.547134  -9.271358  -7.651534  -7.174484  -8.979966  -8.666708
 -10.994422 -10.735394  -9.57725   -9.68426  -10.264202  -8.963088
  -8.990986  -9.628116  -8.811186  -9.26173   -9.775262  -7.591214
  -7.626246  -6.832168  -5.272606  -5.81769   -8.762814  -9.527138]"
1196,"[ -5.81044   -5.76955   -6.159426  -8.714036  -8.737932 -10.158352
  -8.26645  -10.53628   -9.809308 -10.323362  -9.57638   -8.464346
 -10.358452  -6.218528  -6.97769   -7.445866  -8.185714  -8.468406
  -8.556856 -10.258344  -9.817486  -9.929948  -8.969352 -10.080168
  -9.98818   -8.525942 -11.156474  -8.909438 -10.210494  -8.055852
 -10.408796  -7.814804  -8.563584  -8.188962  -8.452688  -9.237022
  -8.236696  -7.210618  -8.934494  -8.049298  -7.31641   -7.921292
  -8.745124  -8.556624  -8.575184  -8.222022  -8.393238  -8.79802
  -9.23563   -8.700522  -7.839106  -7.861436  -6.7599    -8.31662
  -9.227162  -9.85594   -8.244758  -9.655724  -7.512566  -9.138074
  -9.322398  -9.287018 -10.049486  -9.399828  -9.414676  -9.34467
  -8.80527  -10.08649   -7.776872  -9.332316  -8.438072  -9.166088
  -9.706474 -10.979748 -11.621866 -10.593758 -11.005094 -10.867634
  -9.65236   -9.955584  -9.60277   -9.437006  -9.68368  -11.370784
 -10.63488   -9.498254 -10.25962   -9.580846 -11.072316 -10.831616
 -10.159048 -11.888666 -11.150442 -11.907632 -10.984098  -9.781178
  -9.81621  -10.846058  -8.631386  -9.649344 -11.665888  -8.897258]"
1197,[-9.367696 -9.024104 -8.68637 ]
1198,"[ -7.241938  -8.644088  -5.592418  -7.728906  -9.139234  -9.440428
  -8.220514 -10.029766  -9.546104  -9.31509   -8.834386  -7.44488
  -7.775944  -8.965176  -8.691996  -6.778692  -7.444648  -8.558016
  -8.087868  -7.541334  -9.66251   -9.345192  -9.48387  -10.221862
  -9.460032  -8.31517   -8.807242  -9.20344   -8.245338  -8.91721
  -8.73625   -8.446772  -9.325936  -9.936792 -10.017702 -10.121696
 -10.661676 -10.583782 -11.090876 -10.981372 -10.116766  -9.784484
  -9.73936   -8.71015   -8.838272 -10.730232 -10.383682 -10.816536
 -10.076224 -10.92604  -11.315568  -8.355364  -9.890334  -8.271438
 -10.158874  -8.688284  -9.306274  -9.490366 -10.020022  -9.079378
  -9.565534  -9.446576  -8.070758  -9.324892  -8.299046  -8.734162
  -9.45197   -8.959318 -10.036958 -10.087998  -9.174092  -9.93975
  -9.87885   -9.425928  -9.64598   -9.703806  -9.126996  -8.770412
  -8.0533   -10.04212   -8.147318  -9.179486  -9.931166  -9.575394
  -7.994836  -8.217498  -8.21512   -8.77134   -9.664192 -10.932826
 -10.454036  -9.78924   -9.550106 -10.0804   -10.406012 -10.648104
  -8.51788   -7.75576   -9.549004  -9.426334  -9.514552  -9.716972
  -9.429234  -8.127888  -9.7179   -10.162006 -10.731508  -9.551672
  -8.59792  -10.224936  -7.290484  -5.212228]"
1199,"[ -9.725614 -11.292716 -11.076898  -9.915796 -10.511224 -10.100062
  -9.188128  -7.862886  -9.719292  -9.073984  -8.380768  -7.621664
  -7.261484  -8.229214  -9.770216  -8.035436  -8.437434  -8.698492
  -8.305136  -8.51469   -9.438398  -8.649888  -5.885376  -6.828804
  -6.479238  -6.888196  -8.452282  -9.027874  -8.815246  -8.82905
  -8.668854  -9.114584  -9.79997  -10.034928  -8.80237   -8.701798
  -8.637244  -7.964328  -7.988978  -8.535744  -8.616538  -8.50135
  -8.317722  -8.404606  -8.688632  -8.762292  -8.47003   -8.40507 ]"
1200,[-8.659864 -6.03432 ]
1201,"[-12.155698 -12.337296 -12.511412 -12.577068 -11.46341  -12.554796
 -11.749524 -11.878168 -12.737148 -12.433112 -12.28469  -12.754316
 -12.704668 -12.713368 -12.53583  -12.537686 -11.591706 -12.575792
 -11.777422 -12.757332 -12.51321  -12.849552 -11.948348 -12.657456
 -12.830412 -12.759014 -12.627238 -12.21306  -11.356168 -12.35661
 -12.519938 -12.035348 -12.39141  -12.896242 -12.90877  -12.731116
 -12.879538 -12.873796 -12.410898 -12.738076 -12.526144 -12.554738
 -12.408462 -12.493664 -12.49929  -12.60775  -12.595222 -12.64661
 -12.65386  -12.206042 -12.473364 -12.282138 -12.606938 -12.563438
 -12.613608 -12.395528 -12.588726 -12.774384 -11.727484 -12.412116
 -12.506946 -11.310522 -12.362642 -12.63269  -12.612622 -12.041786
 -13.022566 -12.783142 -12.517502 -12.390656 -12.510774 -12.106514
 -12.342864 -12.305454 -12.521504 -12.862718 -12.591742 -12.609142
 -12.430328 -12.186496 -12.548242 -12.773456 -12.757042 -12.98388
 -12.692314 -12.178666 -12.187424 -12.722358 -12.929592 -12.615464
 -12.822524 -13.00505  -12.762494 -12.789058 -12.79857  -12.717254
 -12.678394 -12.765452 -12.69504  -12.783142 -12.957896 -12.807096
 -13.025988 -12.891892 -12.458864 -12.604502 -12.543892 -12.742658
 -12.902564 -12.948616 -11.996662 -12.102512 -12.140212 -12.54047
 -12.713078 -12.182146 -12.97721  -12.33834  -12.703334 -12.525622
 -12.684426 -12.224602 -12.150768 -12.537802 -12.381376 -12.660356
 -13.076564 -12.244438 -11.797548 -11.018434 -12.550156 -12.048398
 -12.420062 -12.691908 -12.675726 -12.576024 -12.087316 -12.257894
 -12.247338 -12.592496 -12.344024 -12.845898 -12.594062 -12.792654
 -11.43818  -12.797468 -12.292114 -12.228198 -12.754026 -12.912656
 -12.790334 -12.892704 -12.357074 -12.76406  -12.164108 -12.054604
 -11.923176 -11.932572 -12.55932  -12.76493  -12.833486 -12.714006
 -12.401676 -13.047274 -12.860166 -12.40388  -12.501842 -12.47348
 -12.696548 -12.612796 -12.640694 -12.513384 -12.018122 -12.040742
 -12.133078 -12.369602 -12.48392  -12.016092 -12.24003  -12.73767
 -12.991362 -12.858542 -12.992696 -12.947514 -12.671724 -12.616856
 -12.381666 -12.477134 -12.930694 -12.188526 -12.198734 -12.389496
 -13.050232 -11.811294 -12.659254 -12.756056 -12.69359  -12.532234
 -12.274134 -11.300024 -11.791052 -12.55845  -12.412058 -12.683266
 -12.505148 -12.393672 -12.656296 -12.592554 -12.399008 -12.389728
 -12.867822 -12.888876 -13.09466  -12.79973  -12.555202 -12.9166
 -12.663198 -11.833914 -12.05269  -12.740918 -12.14259  -11.876312
 -12.461706 -12.634546 -12.681468 -12.330626 -12.603574 -12.707858
 -12.195022 -12.473074 -12.406896 -12.53235  -11.757702 -12.967756
 -12.076702 -12.92588  -12.455268 -12.79248  -12.57817  -11.953046
 -12.104948 -12.590756 -12.27222  -12.477192 -12.722474 -12.799092
 -12.441754 -12.580374 -12.745442 -12.873738 -12.565874 -12.836444
 -12.843752 -12.860282 -12.452078 -12.732856 -12.660994 -12.198038
 -12.608736 -12.839402 -12.7397   -11.803812  -9.454812  -8.958274
  -9.447968  -9.46386  -10.272148 -10.204404  -6.347404]"
1202,"[ -9.906458 -10.71347  -10.485646 -10.054822  -9.631944 -10.009756
 -10.547996 -10.126742  -8.700406  -9.498718 -10.562148 -10.510992
 -10.205332  -9.540536  -9.8426    -9.825084 -10.175926 -10.07924
 -10.321738 -10.311472  -9.951988  -9.847298  -9.747886  -9.589836
  -9.813426 -10.155626  -9.863712  -9.464266  -9.888188  -9.350296
  -9.870034  -9.108494  -9.657406  -8.714268  -9.94758   -9.63496
  -9.75328   -9.300706  -9.043824  -9.984816  -9.615414 -10.389366
  -9.683274  -9.99282   -9.938416 -10.027794  -9.5004    -8.536092
  -8.335702  -7.904646  -7.712144  -8.59966   -8.812404  -8.926316
  -9.641108  -9.68426  -10.573922  -9.508578  -9.932268  -8.124118
  -9.164348  -7.879184  -7.6995  ]"
1203,"[-10.140198 -10.633314 -10.543472 -10.349114 -10.222964 -10.969018
 -10.311124 -10.305846 -10.153422 -10.067814 -10.746124 -10.491736
 -10.197444 -10.97012  -10.591844  -9.371176  -9.264978  -8.472524
  -7.956208 -11.028178 -10.165776  -9.305172  -9.698528  -9.16197
  -9.650562  -8.042106  -6.73235 ]"
1204,"[-10.271858 -10.744094 -10.193964 -10.887528 -10.27006  -10.028258
 -10.362918  -9.060876  -8.679004  -7.657914  -5.652912  -5.643516
  -7.202904 -10.288214 -10.568528 -10.496666 -10.475554 -10.501074
 -10.399458  -9.727122 -10.968728  -9.988586  -9.682984  -9.756006
 -10.713064  -9.06453   -7.285264  -7.47243   -5.48912 ]"
1205,"[ -7.771942  -7.03656   -8.580114  -6.840404 -10.168502  -9.29653
  -9.085816 -10.576358  -9.715058  -9.869918  -9.659494  -9.926758
 -10.088752  -9.609208  -9.914462  -9.820618  -9.502778  -9.790574
  -9.765634  -9.891494  -9.47372   -9.802638  -9.710824  -9.252856
  -9.493672  -8.97869   -8.033464  -7.089688  -8.696462  -8.517938
  -9.67933   -9.103506  -8.490968  -7.488148  -5.967852]"
1206,"[-10.304918  -8.419222  -9.036516 -10.660516 -10.103716  -9.813832
 -10.137762  -8.998352  -9.828738  -9.64308   -8.918602 -10.185786
  -8.58951   -9.242764  -9.10803   -9.336608  -7.89206  -10.130454
  -9.777698  -8.865416 -10.252834  -9.05815   -8.971092  -7.7024
  -9.464498 -10.296218  -8.766932  -9.144512  -8.133978  -6.82892
  -9.210284  -8.838214  -8.00255   -7.774494  -5.230846]"
1207,"[ -9.496282  -9.249028  -9.585486  -9.250188  -9.411892  -9.534678
  -9.123864  -9.367986  -9.071548  -9.45806   -9.482362  -9.21127
  -9.020276  -9.10716   -9.517742  -9.253378  -9.235456  -9.504808
  -9.585312  -9.357372  -9.548018  -9.17299   -9.365492  -9.218578
  -9.399248  -9.503416  -9.22113   -8.89836   -9.2858    -9.317526
  -9.455856  -9.703922  -9.24955   -9.364622  -9.015056  -8.876494
  -9.186156  -9.67121   -9.459626  -9.647024  -9.219332  -9.599
  -9.419548  -9.181226  -9.672544  -9.495644  -9.515016  -9.178674
  -9.338406  -9.705488  -9.504808  -9.743362  -9.58682   -9.542508
  -9.303374  -9.384458  -9.53201   -9.494774  -9.235166  -9.399712
  -9.775668  -9.403714  -9.368682  -9.673762  -8.964422  -8.906712
  -9.364042  -9.163304  -9.377092  -9.407368  -8.8392    -9.1321
  -9.221362  -8.69681   -8.934842  -8.684398  -9.449882  -8.810084
  -9.322862  -9.222174  -9.294616  -9.473604  -9.713434  -9.457712
  -9.465716  -9.079842  -9.095386  -9.292586  -9.169568  -9.331156
  -8.76641   -9.843238  -8.924286  -9.323848  -9.482652  -9.380108
  -9.556892  -9.513218  -9.481376  -8.937394  -9.189752  -9.241256
  -9.30378   -9.381732  -9.628116  -9.81998   -9.376106  -9.247288
  -9.473894  -9.190332  -9.527428  -9.308072  -9.457944  -9.565708
  -9.375526  -8.6855    -9.071664  -8.94824   -9.433236  -9.55753
  -8.811824  -9.289106  -9.624926  -9.608164  -9.669934  -9.72341
  -9.621968  -8.878176  -9.29798   -9.409862  -9.547496  -9.270662
  -9.508868  -9.232788  -9.297342  -8.808054  -8.732654  -8.934088
  -9.206224  -9.51084   -9.550454  -9.327386  -9.281044  -9.370712
  -9.358358  -9.47778   -9.192362  -9.38701   -9.310856  -9.425
  -9.417692  -9.42152   -9.474764  -9.618546  -9.421636  -9.460148
  -9.28638   -9.634032  -9.241314  -9.361606  -9.227104  -9.437934
  -9.248506  -9.280522  -9.259526  -9.126764  -9.433062  -9.450752
  -8.752026  -8.66433   -9.03176   -8.8392    -9.194044  -9.257438
  -9.217708  -9.305984  -9.576554  -8.802312  -9.496862  -9.458814
  -9.418678  -9.758848 -10.02675   -9.479056  -9.58914   -9.091442
  -9.216896  -9.246766  -9.26869   -9.400524  -9.240676  -9.182618
  -9.320426  -9.436774  -9.37222   -9.377266  -9.569188  -9.297226
  -9.28377   -9.489148  -9.506548  -8.906944  -9.124792  -8.839258
  -9.262774  -9.268632  -9.414212  -9.510434  -9.364564  -9.225596
  -9.620518  -9.734662  -9.883316  -9.656188  -9.17386   -9.75125
  -9.27391   -9.516292  -9.215852  -9.279826  -9.687218  -9.570928
  -9.09411   -9.041272  -9.348904  -9.454522  -9.387184  -9.355284
  -9.46154   -9.393796  -9.222812  -9.423144  -9.24056   -9.43138
  -9.581484  -9.709432  -9.34264   -9.58073   -9.438456  -9.3264
  -9.01668   -9.22954   -9.48648   -9.365724  -9.459336  -8.799296
  -9.412878  -9.718538  -8.986288  -9.720394  -9.813484  -9.16603
  -9.410326  -9.115512  -9.631016  -9.573074  -9.794692  -9.091964
  -9.304998  -9.455276  -9.74284   -9.09121   -9.5497    -9.21794
  -9.32234   -9.351572  -9.671094  -9.286148  -9.257148  -8.940758
  -9.408412  -9.278434  -9.472212  -9.236964  -9.502488  -9.5555
  -9.210052  -9.237892  -9.473256  -9.565186  -9.395246  -9.67324
  -9.332606  -9.359112  -9.897062  -9.431844  -9.25912   -9.276056
  -9.53056   -9.324486  -9.47314   -9.524238  -9.32669   -8.767512
  -9.123458  -9.021726  -8.81426   -9.441878  -9.244388  -9.397682
  -9.431902  -9.077464  -9.241604  -9.306216  -9.799854  -9.331388
  -9.058092  -9.330402  -9.825954  -9.523774  -9.170554  -9.027294
  -8.663286  -9.234528  -9.524586  -9.67295   -9.344728  -9.321296
  -9.492802  -9.094632  -9.291542  -9.319266  -9.47894   -9.112496
  -9.111568  -9.150544  -8.937336  -9.171598  -9.565476  -9.578468
  -9.189636  -9.079668  -9.459452  -9.218462  -8.972368  -9.226582
  -9.345424  -9.396232  -9.326632  -9.0103    -8.928288  -9.205412
  -9.460264  -9.644878  -9.536476  -9.291542  -9.344148  -8.839548
  -8.863038  -9.097068  -9.197988  -9.37541   -9.521628  -9.324254
  -9.159302  -9.095908  -9.094052  -9.655144  -9.267878  -9.295312
  -9.465194  -9.064066  -8.993132  -9.23766   -9.546336  -9.539898
  -9.564606  -9.316598  -9.321586  -9.650214  -9.388866  -9.299546
  -9.420766  -9.441298  -9.289454  -9.36381   -9.335274  -9.269502
  -9.613558  -9.38411   -9.2046    -9.346526  -9.524818  -9.481086
  -9.330808  -9.314452  -9.678286  -9.816152  -9.643138  -9.02045
  -9.267414  -9.133782  -9.316424  -9.472328  -9.165508  -9.298386
  -9.357952  -9.35366   -9.338232  -9.22026 ]"
1208,"[-9.651084 -8.455994 -7.82449  -5.579194 -7.274128 -8.409014 -8.030506
 -6.398154 -5.580876 -5.90034  -9.31219  -8.03619  -9.205992 -8.650758
 -8.99986  -8.881018 -8.717864 -7.858942 -7.698224 -8.123654 -9.083612
 -7.211082 -6.889124 -8.646524 -8.57994  -7.693874 -8.480412 -7.742072
 -9.243924 -5.993952 -5.393304 -7.530604 -6.157164 -7.160564 -9.425464
 -8.205492 -8.71247  -8.227474 -7.882664 -7.56494  -7.625434 -7.219492]"
1209,"[ -9.059194  -9.108378  -8.608882 -10.47422   -9.196828 -10.575082
  -9.002006  -9.978552  -6.780432 -10.235666  -9.205702  -9.383298
  -8.265986  -8.380768  -9.200018  -9.169162  -9.417112  -8.563468
  -8.11652   -8.714442  -9.86609   -9.386372]"
1210,"[-12.702232 -12.88905  -12.69591  -12.734364 -12.187308 -12.87078
 -13.277766 -12.724968 -12.299712 -12.239392 -11.572276 -12.511876
 -12.498768 -12.400226  -9.726716  -9.941838 -13.125574 -12.51408
 -11.817036 -13.366042 -11.738678 -11.951712 -12.869446 -12.720154
 -11.858796 -12.822872 -13.156024 -13.143496 -13.36436  -12.69475
 -13.293194 -12.761798 -12.297624 -11.164536  -8.895692  -7.72995
  -8.803066  -9.453188  -8.396892  -5.778366  -5.004066]"
1211,"[-10.073614  -9.307608  -9.575916  -9.665294  -9.736518  -8.891342
  -9.839294  -9.570986  -9.671326  -9.501386  -9.825258  -9.728108
  -9.492222 -10.19582   -9.11644  -10.427182  -9.371582  -9.070736
  -6.517576  -7.987702  -7.330794  -7.922452  -5.878358]"
1212,"[ -9.291368  -8.717342  -7.700834  -8.903348  -9.319324  -8.413248
  -8.94563   -9.063602  -8.576286  -8.206884  -9.378948  -8.612246
  -9.095676  -8.922314  -9.548076  -9.956048  -9.976464  -9.879662
  -8.26877   -8.753128  -9.13558   -9.97339   -9.555442  -9.52795
  -9.102056  -9.769926  -9.503416  -8.447294  -8.475134 -10.142808
  -8.211408  -5.596768  -6.473728  -6.275948  -9.24172   -7.58843
  -7.974304  -9.234296  -9.411312  -9.108378  -9.215272  -8.043672
  -7.64353   -7.091776  -7.407006  -8.557436  -8.828992  -9.408876
  -9.786282  -9.548192  -9.334752  -9.610658  -9.453536  -8.793496
  -8.100976  -8.462142  -9.704038 -10.054474  -8.566194  -9.365782
  -8.8305    -9.166958  -8.685964  -8.480528  -9.12369   -9.212952
  -8.56602   -7.997968  -9.357546  -7.48751   -8.241394  -7.88423
  -8.277006  -8.072092  -8.299742  -8.670594  -8.361918  -8.29052
  -8.212684  -7.594578  -8.790132  -7.541566  -6.769876  -8.11884
  -7.512682  -8.149986  -8.55123   -8.409478  -7.66847   -5.557386
  -5.548454]"
1213,"[-12.109298  -7.790212  -6.75497   -5.660394  -5.82204   -6.779968
  -8.559814  -7.602118  -9.151994  -8.169416  -9.394376  -7.454392
  -8.461504 -10.177376  -8.559292  -9.573538  -7.347324  -6.67029
  -8.51266  -10.598398  -9.977508  -9.720974  -7.813992  -9.65671
  -9.707924  -8.766526 -10.754012  -7.283582  -8.731146 -11.494208
 -10.773036  -9.955642 -10.173142 -10.889326  -9.875776  -9.779496
 -10.470624 -10.479034 -10.01428   -9.922176  -8.803936  -8.731842
  -9.301634  -9.642558  -9.826186  -9.303084  -9.90263  -10.113518
 -10.423644 -10.013758  -8.595484  -9.009024  -8.183104  -7.385662
  -8.217034 -10.543936  -9.144744  -7.07803   -7.972158  -9.141554
  -9.667324  -8.95288  -10.257532 -10.38548   -9.99688  -11.222478
 -10.024314  -9.212546  -8.995974 -10.030984  -9.180356  -9.823808
  -8.520838  -8.482384  -8.938902  -9.160752  -9.504576  -9.694874
  -9.304882  -9.39919   -5.985542]"
1214,[ -9.643776 -10.028954  -8.979908  -8.63504   -7.39964   -5.57409 ]
1215,"[-10.322956  -9.82259   -9.398842 -10.411348 -11.488118 -10.558668
  -9.9238   -10.689458  -9.433932 -10.303758 -11.08177  -11.272184
  -9.360794  -7.161086  -6.178798  -6.668492  -9.131694  -7.458452
  -6.942368  -9.107624  -8.828702  -8.11362   -9.559792  -8.800398
  -7.999476  -9.408528  -8.997888  -8.013048  -9.525688  -8.431866
  -9.793822 -10.771586 -11.022784 -10.639984  -9.261846  -9.029092
  -7.043578  -6.859718]"
1216,"[ -8.175042  -7.603104  -7.754832  -8.857354  -9.625216  -9.448084
  -9.260106  -9.622142 -10.081154  -9.945666  -9.378832  -9.065864
  -9.157272  -8.483022  -8.467942  -8.542936  -9.061166  -9.788312
  -9.747944  -8.659922  -5.924236  -7.660988  -7.023336]"
1217,"[ -9.09063   -8.879394  -9.271648  -9.659784  -8.9639    -9.23563
  -9.900832 -10.256778  -9.983192  -9.52157  -10.104876  -9.721032
 -10.17465  -10.048036 -10.305788 -10.608606 -10.42637  -10.110154
 -10.304628 -10.134572  -9.438166  -9.49576   -8.652962  -8.284024
  -7.700718 -10.001984  -9.272402  -9.393448  -9.412008  -9.684028
  -8.35693   -9.438514  -8.48453   -8.252124  -7.76736   -6.163718
  -6.4699    -6.044934  -7.001586  -5.06659   -5.065314  -7.321108
  -8.344982  -7.743058  -8.343184  -6.150204  -5.548454  -6.0929
  -7.369422  -8.964944  -9.65526   -9.140452  -8.262216  -6.768368
  -6.918356  -5.70082   -8.552738  -7.357184  -8.2418    -7.017478]"
1218,[-9.305462 -8.71421  -6.67522  -5.54973  -7.05831 ]
1219,"[ -9.54709   -9.118064  -9.602364  -9.836394  -9.799042  -9.564954
  -9.73849   -9.89596   -9.684434  -9.605902  -9.75502   -9.475982
  -9.648416  -9.269386  -9.741216  -9.394376  -9.342756  -8.985128
  -8.931014  -9.203962  -9.784078  -9.363114  -9.722482  -9.129142
  -9.554862  -9.643776  -9.887202  -9.750554  -9.60422   -9.477896
  -9.34786   -9.085758  -9.155126  -9.366188  -9.819574  -9.507766
  -9.569536  -9.435092  -9.7643    -9.840338  -9.857332  -9.589894
  -9.348556  -9.406672 -10.183872  -9.36845   -9.362998  -9.859362
  -9.405396  -9.304824  -9.285046  -9.184068  -9.303258  -9.500168
  -9.37947   -9.580904  -9.50939   -9.454232  -9.639078  -9.685304
  -9.891088  -9.110872  -9.035878  -9.154894  -9.346758  -9.558922
  -9.39252   -9.47923   -9.46734   -9.69267   -9.064646  -9.53114
  -9.738722  -9.795852  -9.608396  -9.918406  -9.384052  -9.100258
  -9.665004  -9.700094 -10.14217   -9.658798  -9.41079   -9.965444
  -9.801072  -9.421462  -9.94932   -9.729442  -9.465832  -9.193928
  -9.57377   -9.655144  -9.925598  -9.666048  -9.647198  -9.675734
  -9.728862  -9.467108  -9.896366  -9.808902  -9.730544  -9.877342
  -9.381616  -9.329068  -9.61901   -9.65178   -9.622838  -9.597434
  -9.94555   -9.44472   -9.422912  -9.612514  -8.86095   -9.093356
  -9.68948   -9.61437   -9.132274  -9.996126  -9.338754  -9.701544
  -9.712796  -9.0625    -8.72349   -9.739882  -8.71508   -9.54651
 -10.010046  -9.839468  -9.745276  -9.707286  -9.054902  -8.897722
  -9.449244  -9.688668  -9.718016  -9.14225   -9.781178  -9.497384
  -9.946652  -9.182966  -9.98992   -9.990558  -9.698354  -9.91829
  -9.61263   -9.703284  -9.38701   -9.40992   -9.581716  -9.825838
  -9.316946  -9.100258  -9.46444   -8.76989   -9.590242  -9.506722
  -9.699108  -9.871368  -9.52853   -9.725092  -9.883026  -9.24172
  -8.974398  -9.547206  -9.364158  -9.55347   -9.835756  -9.93308
  -9.313176  -9.447562  -9.731762  -9.71732   -9.794924 -10.177956
  -9.428944  -9.488046  -9.686812 -10.090956  -9.352036  -9.385502
  -8.686196  -7.940316  -9.19561   -9.936212  -9.80548   -9.845848
  -9.741216  -9.937894  -9.554746  -9.153038  -9.619648  -9.434686
  -9.694932  -9.537172  -9.649054  -9.529342  -8.998062 -10.08707
  -9.746494  -9.394724  -9.683622  -9.848342  -9.232382  -9.794692
  -9.411776  -9.178732  -9.447156  -9.195958  -9.541522  -9.494658
  -9.284988  -8.860718  -9.525166  -9.757804  -9.449824  -9.125024
  -8.956998  -8.977994  -9.257786  -9.50475   -9.36149   -9.796432
  -9.863596  -9.175658  -9.612746  -9.07729   -9.62278   -9.946942
  -9.829608  -9.102984  -9.834538  -9.334056  -9.451912  -9.43776
  -9.602538  -9.48764   -9.575162  -8.58893   -9.31625   -9.37077
  -9.537114  -9.754208  -9.765866  -9.266834  -9.684898  -8.93084
  -9.10716   -9.291542  -9.528762  -9.383124  -9.63931   -9.60393
  -9.708214  -9.67788   -9.400408  -9.2713    -9.938126  -9.748466
  -8.919066  -9.561474  -9.50359   -8.98043   -9.041446  -8.771398
  -9.557356  -9.36265   -9.466296  -9.595056  -9.465368  -9.835292
  -9.66918   -9.213068  -9.74719   -9.354588  -9.856926  -9.491758
 -10.024256 -10.075644  -9.483522  -9.942244 -10.072106  -8.918718
  -9.644182  -9.909068  -9.675734  -9.75096   -9.547438  -9.692032
  -9.81679   -9.63119   -9.536128  -9.628348  -9.700848  -9.485204
  -9.473256  -9.70775   -9.564142  -9.740578  -9.467108  -9.958542
  -9.790226  -9.748466  -9.348092  -9.29305   -9.350296  -9.971476
  -9.786688  -9.58595   -9.510376  -9.472734  -9.278028  -9.50156
  -9.545234  -9.631886  -9.337188  -9.877168  -9.258134  -9.809134
  -9.864582  -9.402438  -9.33742   -9.36439   -9.475692  -9.053278
  -9.56884   -9.659842 -10.041134  -9.772768  -9.878908  -9.836452
  -9.639948  -9.242822  -8.902942  -9.06888   -9.17676   -8.447932
  -9.940446  -8.95926   -9.806524  -9.87218   -9.605902  -9.454058
  -9.02451   -9.66251   -9.410442  -9.369842  -9.336956  -9.572204
  -9.54448   -9.368218  -9.355458  -9.5787    -9.591692  -9.43051
  -9.632988  -8.987564  -9.553644  -8.604068  -8.908278  -9.492976
  -9.160056  -9.756586  -9.920378  -9.512986  -9.537636  -9.623476
  -9.685304  -9.69383   -9.674632  -9.44472   -9.745218  -9.36062
  -9.910054  -9.193348  -9.41688   -9.723526  -9.785238  -9.718248
  -9.530792  -9.717842  -9.42065   -9.498428 -10.076398  -9.37367
  -9.917884  -9.738142  -9.40992   -9.171018  -9.944216  -9.933486
  -9.57783   -9.802696  -9.8078    -9.9586    -9.73936   -9.841846
  -9.561416  -9.360388  -9.477722  -9.98876 ]"
1220,"[-10.22308  -10.973542 -10.60559  -10.427646 -11.064892 -10.444234
 -10.418598 -10.585638 -10.697752 -11.063732 -10.78771  -10.494694
 -10.799542 -10.410304 -10.195472 -10.63749  -10.925634 -10.990884
 -10.300452 -10.974528 -10.84049  -10.006218 -10.873608 -10.729072
 -10.66475  -10.427414 -10.092812 -10.327422 -10.1558   -10.583376
 -10.880626 -10.813694 -10.8402   -10.66649  -10.250746 -10.611448
 -10.086954  -9.891204 -10.65199  -11.128982 -10.218498 -10.434548
 -10.669912 -10.179348  -9.828564  -9.745914  -9.402728  -9.929716
 -12.033144  -6.711006]"
1221,"[-10.637374  -7.999766  -8.36128   -8.623324  -9.749394  -8.530698
  -8.05388   -9.304244 -10.048036  -9.145904  -9.234412  -9.629044
  -8.689328  -6.929028  -6.399952  -7.91874   -9.630436  -6.61055 ]"
1222,"[ -8.921676  -8.627384  -8.755912  -8.741412  -9.030832  -8.87864
  -9.69441   -8.419976  -9.203672  -9.110814  -8.383784  -9.56652
  -9.116904  -7.806858 -10.45218   -8.732016  -8.598848  -9.499414
  -8.498334  -8.695592  -9.831638  -8.051386  -9.619358  -9.749336
  -9.409398  -9.37947   -9.313118  -9.260512  -8.846392 -10.179522
  -8.460402  -9.51925   -9.748524  -9.808438  -9.873166  -8.625992
 -10.216642  -9.220028  -9.281856  -8.980836  -9.423202  -8.93287
  -9.473952  -9.38411   -9.41427   -9.864582 -10.928302 -10.20423
  -9.902746  -8.840476  -9.55753   -9.011866  -9.576902  -9.000498
  -9.381036  -9.073288  -8.61996   -8.81977   -8.964654  -9.293514
  -8.657486  -9.361548  -8.931014  -8.489344  -9.57638   -8.909032
  -9.946246  -9.396464  -8.494274  -9.163826  -8.64896   -9.58479
  -9.154372  -8.93461   -9.082104  -8.9436    -8.621178  -8.909438
  -8.659516  -9.176818  -8.899694  -7.61395   -5.995634  -8.783172
  -9.36062   -9.14573   -9.885056  -8.801036  -8.757362  -9.21301
  -9.098054  -9.66193   -8.828992  -6.653064]"
1223,"[ -9.276114 -10.012018  -8.503438 -10.349752  -9.034892 -10.37156
  -9.049798  -9.687392  -9.20402  -10.623918  -8.446308 -10.405374
 -10.751402  -9.02741   -8.420556 -10.489358  -8.686022  -9.298966
  -8.535512  -9.316946  -9.869976  -7.965894  -7.45039   -8.265
  -8.838098  -8.138792  -8.128004  -7.31699   -8.414814  -8.846508
  -8.435056  -9.306332  -9.605264  -8.331758  -9.14109   -8.64519
  -8.626746  -9.2858    -8.222254  -8.592236  -8.844304  -9.491294
  -9.543436  -9.020914  -8.901956  -9.378484  -8.446482  -8.2534
  -9.616284  -9.541116  -9.753338  -8.699304  -9.4395   -10.550548
  -9.224958  -7.766258]"
1224,"[ -9.745682  -9.539144  -9.362998  -7.905052  -9.839526  -7.00234
  -8.082938  -8.308964  -8.3259    -7.972912  -7.984106  -8.655978
  -8.837808  -6.440784  -7.02061   -8.458836  -8.435346  -8.082938
  -8.28298   -8.479658  -6.182162  -9.09527   -9.304418  -9.03263
 -10.218962  -8.003304  -7.552354  -8.952938  -8.271032  -8.808054
  -9.019696  -9.545466  -8.977472  -8.041874  -8.841868  -9.66077
  -9.43892   -9.523368  -7.50172   -7.788878  -9.410906  -7.866888
  -7.442618 -10.25788   -9.333592  -9.500516  -8.040424  -9.930702
 -10.130512 -10.715848 -10.995292 -10.107834 -11.29144  -10.837938
 -10.035856  -9.234876  -9.72602   -9.107334 -10.852554 -10.455022
  -7.324008  -8.668274  -9.6396    -7.482464  -8.119884  -8.24383
  -7.842586  -6.983026  -6.174738  -9.34931   -9.640992  -8.488068
  -7.745436  -7.696078  -8.250906  -8.10463   -7.975696  -8.409188
  -9.3554    -9.09005   -9.259816  -9.182792  -9.78286   -9.640934
  -8.01125   -8.721924  -8.377926  -8.63794   -8.016644  -8.713688
  -8.31662   -8.600414  -8.431402  -8.575184  -8.522578  -8.451354
  -8.190122  -7.434614  -8.368356  -8.665316  -8.25456   -9.299894
  -8.423862  -8.924286  -8.368762  -9.026656  -8.726042  -9.578584
  -8.309602  -8.907002  -8.18235   -8.548736  -8.998642  -8.261984
  -8.595194  -8.525652  -8.588118  -8.589626  -8.491084  -9.067314
  -8.181306  -8.789146  -8.592352  -9.247636  -9.237776  -8.872202
  -8.847784  -8.399386  -8.2766    -9.241836  -9.173686  -8.17568
  -8.69391   -8.417598  -8.46655   -8.732944  -8.359656  -8.428386
  -8.951894  -8.36708   -9.192188  -9.122066  -9.169278  -9.470008
  -8.357916  -9.28319   -8.701508  -8.114026 -10.234332 -10.118448
  -8.991856  -8.151088  -9.472154  -8.407854  -8.988086  -8.087694
  -8.083402  -9.25013   -8.006784  -7.908822  -8.749126  -9.840396
 -10.095886  -9.521338  -8.120406  -9.065922  -8.204274  -8.405882
  -8.902188  -8.02372   -9.034312  -8.617582  -8.567702  -8.55616
  -8.576518  -8.659574  -8.346026  -8.992958  -8.730624  -9.259178
  -8.657254  -8.57037   -9.004616  -9.12891   -8.711252  -9.26898
  -8.885658  -8.883628  -9.01291   -9.181168  -6.946312]"
1225,"[ -8.314532  -8.056142  -8.2679    -8.047558  -7.200062  -7.88104
  -8.583478  -7.82449   -6.80688   -8.086186  -7.963922  -6.467348
  -7.572132  -8.803588  -7.672936  -7.872456  -8.444742  -8.658182
  -9.142308  -8.86791   -9.289628  -9.77648   -8.893662  -9.009256
 -10.032724 -10.077616  -8.571646  -8.83949   -8.354436  -9.693308
  -8.31488   -9.78605   -8.17568   -9.167074  -9.130244  -7.941824
  -9.427726  -7.171816  -9.709954  -7.929934  -8.134268  -9.139756
  -9.347454  -8.891574  -8.028128  -8.07012  -11.048478 -12.037784
 -11.266442 -11.897772 -10.74247  -11.78444  -11.024872 -10.426196
 -10.783186 -11.768954  -9.260512 -10.093218 -10.18393   -9.206282
 -10.041018  -8.660734  -5.663526]"
1226,"[ -7.72096   -7.90163   -8.370444  -8.965292  -9.629334  -9.362534
 -10.144142  -7.705474  -8.933044  -7.542784  -7.751062  -8.162804
  -8.3085    -6.849104  -6.891908  -8.898766  -8.853584  -8.01183
  -8.248644  -9.102346  -9.24085   -8.780214  -8.877712  -9.016506
  -8.935944 -10.407056  -9.39455   -9.482826  -8.632256  -8.33228
  -8.142098  -7.84305  -10.017006 -10.117984 -10.073904  -9.24201
  -8.291796  -9.167422  -8.997134  -8.922024  -7.9605   -10.236072
 -10.563424 -10.445626 -11.07684  -11.430814 -11.700282 -11.434642
 -11.93872  -11.95264  -11.79923  -11.03421  -11.448446 -11.002832
 -10.267856  -9.9354   -10.419584  -8.311168  -7.489888  -8.00719
  -7.915028  -8.130266  -8.622106  -8.423804  -8.595658  -6.993408
  -7.599624  -8.33315   -8.631154 -10.073556  -9.968982  -8.903174
  -7.891306  -8.227764  -7.604612  -8.339936  -7.189738  -7.04207
  -8.066698  -8.981358  -8.91083   -8.692866  -6.997468  -8.1838
  -8.352986  -8.527276  -9.334404  -8.648902  -9.729732  -8.638636
  -9.259526  -9.622142  -8.974456  -9.923916  -9.150428  -8.235362
  -9.170612  -8.36186   -9.093066  -8.88531   -8.71595   -8.811476
  -9.439094  -8.624368  -8.936176  -9.110524  -8.90735   -8.145578
  -8.206768  -7.87727   -7.974884  -8.623614  -8.048022  -7.22071
  -9.661408  -9.56362  -10.267972 -10.495042  -9.930934  -9.772594
 -10.242278  -9.933834 -10.40027   -9.288352 -10.134804  -9.0538
  -8.743964  -6.479238  -6.205014  -7.069736  -9.47865   -6.528074
  -5.665672  -7.44227   -7.7198    -8.779924  -9.065168  -7.219028
  -8.78033   -8.66288  -10.403924  -9.154082  -9.545176  -9.880474
  -9.905472  -9.925714 -10.49394  -10.18335   -9.726832  -9.600856
  -9.632408  -9.438746  -9.207036  -8.51121   -9.024046  -9.87508
  -9.240792  -9.12456  -10.00297   -9.281914  -8.158396  -9.589894
  -9.010938  -9.552774  -9.834248  -9.579744  -9.012794  -9.785586
  -9.013432  -7.727862  -9.133376 -10.573342  -9.65004   -9.864408
 -10.341516 -10.489706 -10.241466 -10.490692  -8.451006  -9.95947
  -8.685732  -9.97861   -8.804864 -10.098786  -9.96237   -9.49866
  -9.252798  -8.92591   -8.932928  -7.481072  -8.584058  -8.785898
  -9.827346  -8.695766  -8.32996   -8.926432 -10.194776  -8.616422
  -9.661408  -9.314046 -10.507048  -8.74988   -5.112178]"
1227,"[ -9.507244 -10.274062 -10.248136 -10.649322 -10.09287  -10.516096
 -10.032782 -10.445394 -10.13695   -9.901122 -10.729362 -10.06735
 -10.184162 -10.497594 -10.527406 -10.531814 -10.649612 -10.48379
 -10.68389  -10.229982 -10.050124 -10.425558 -10.281718  -9.803102
 -10.357118 -10.255328 -10.759464  -9.934762 -10.265072  -9.764184
  -9.641862  -9.76053   -8.413132  -9.414096 -11.01188   -8.492418
  -8.947776 -10.47857  -10.064624  -8.956766 -10.20858   -9.299024
  -9.770912  -9.968924 -10.266522 -10.409782 -10.416742 -10.54034
 -10.356074 -10.340182  -9.864408 -10.22279   -9.870034 -10.120884
  -9.895322 -10.09838  -10.488372 -11.525528  -8.199692  -7.49737
  -9.451564  -9.84376   -8.582608  -7.951452  -7.77896   -8.118318
  -7.11283   -9.583688  -9.371698  -8.35374  -11.045752 -11.7015
 -11.691002 -10.66069  -11.431394 -10.00558   -9.940794  -8.6391
  -9.676256  -8.565092  -9.518902  -9.094458  -5.280784]"
1228,"[ -9.621852 -10.191528 -11.02435   -9.73095  -11.258902 -11.517524
  -9.7498    -9.355052  -9.70079  -10.335716  -8.7145    -8.379086
  -7.378412  -6.456038]"
1229,"[ -9.623012  -9.33568   -8.909032  -9.45777   -9.228844  -9.469428
  -8.856948  -9.523426  -9.78025   -8.811882  -9.377092  -9.696962
  -9.629218  -9.48996   -9.7121    -9.615124  -9.253204  -9.376628
  -9.639658  -8.851438  -9.176702  -8.83108   -7.53797   -7.117122
  -6.940164  -7.612326  -6.917834  -8.932     -5.966808  -5.766012
  -8.896388  -8.542994  -8.339356  -8.269872  -7.494354  -8.177304
  -9.808148  -9.31074   -9.836104  -9.173976  -9.317584  -9.40789
  -8.099758  -8.718328  -8.427922  -9.081988  -9.451448  -9.042432
 -10.091536  -9.707692  -8.880612  -9.12775   -7.97964   -8.1432
  -9.295196  -9.17009   -9.543784  -9.297922  -8.881308  -8.862806]"
1230,"[ -9.609498  -9.55782   -9.883026  -9.32321   -9.908604  -9.450114
  -9.275128  -9.312132  -9.071954  -8.639042  -8.710092  -8.865648
  -9.360272  -9.046318  -9.608106  -9.18459   -9.236326  -9.254886
  -9.342524  -9.418968  -9.089586  -9.594128  -8.33315   -9.46502
  -9.671442  -9.849444  -9.507766  -8.887746  -9.330228  -9.054728
  -8.967728  -7.83638   -6.8933    -8.620018  -8.85109   -8.615204
  -9.48909   -9.157504  -8.434592  -8.803182  -8.723548  -8.763104
  -9.617908  -9.119746  -9.28435   -9.729326  -8.871042  -9.502024
  -9.583978  -9.56043   -9.469776  -9.229424  -9.308478  -9.202512
  -9.735416  -8.989768  -9.38063   -9.13384   -8.9987    -9.657464
  -8.96303   -8.218252  -9.470878  -9.602016  -9.286554  -9.091616
  -9.457422  -8.536208  -9.05467   -9.321876  -9.493904  -9.781526
  -9.746436  -9.525862  -9.299198  -8.783404  -9.36642   -9.257612
  -9.702414  -9.611644  -8.576982  -9.172526  -9.587864  -9.264282
  -9.345018  -9.571914  -9.267646  -9.490946  -9.442052  -8.928346
  -7.722062  -6.798064  -6.48382   -8.08984   -9.383472  -9.500806
  -9.793822  -9.346294  -9.337536  -9.441878  -9.337594  -8.495144
  -8.792278  -8.232288  -9.238704  -9.557762  -8.67709   -9.021262
 -10.636446  -9.786804 -10.46204  -10.777734 -10.5908   -10.397254
 -10.63749  -10.372314  -9.918406 -10.298944 -10.51192   -9.640354
 -11.273054  -7.65049   -6.467058  -8.204332  -8.847146  -9.68571
  -8.885426  -9.376106  -9.863944  -9.374482  -8.517532  -9.071722
  -9.251232 -10.589118  -9.61031  -10.453166  -9.674864 -10.119144
 -10.608258 -10.080458  -9.485378  -9.820676  -8.376476  -7.262876
  -8.434998 -10.319302 -10.071178  -9.385734 -10.205506 -10.422948
  -9.861392  -9.876704  -9.887028  -8.974398  -8.259954  -9.161506
  -8.662184  -8.211002  -7.251334]"
1231,"[ -9.638962  -9.920088  -9.522614  -9.473488  -9.567042  -9.095444
  -9.428596  -9.238298  -9.086918  -8.392078  -7.773392  -6.583754
  -8.284836  -8.69913   -7.99211   -9.126126 -12.139574 -12.618364
 -12.028968 -11.80909  -10.413262 -12.941192 -10.641434 -11.51532
 -11.696396 -12.448134 -11.36046  -11.705096 -11.495716 -11.804334
 -11.148354 -12.831108 -12.060984 -11.245794 -11.931296  -9.41195
 -11.54548  -11.668382 -11.12817  -11.212212 -11.410862 -12.29455
 -11.301242 -10.398356 -10.013816 -10.958694 -12.21828  -11.746682
 -10.90835  -11.176716 -11.137682 -12.349302  -9.863016 -11.101432
 -12.534728 -10.576416 -12.128844 -10.353    -11.334882 -10.06706
 -11.099808 -10.476714 -10.847334  -8.994756  -9.25564  -10.411116
 -12.234288 -10.452296 -11.667338 -10.247788  -8.19714   -9.621098
 -10.043918  -9.054496 -12.039582 -10.602226 -10.10998  -12.350926
  -9.965908  -9.769926 -10.172678 -11.04987  -11.118658 -10.49162
 -10.724722 -11.97932  -10.87239  -11.995908 -10.852554 -12.271524
 -10.124596 -10.174998 -10.766888 -10.40549  -11.86129  -10.90313
 -11.217548 -10.41854  -11.466194 -12.019398 -11.869468 -12.258938
 -10.79264  -11.536026 -11.347178 -12.314618 -12.341588 -12.594874
 -11.275606 -11.601856 -11.356226 -12.358582 -10.24628   -9.594128
  -9.31828   -9.86812  -11.07568   -9.04916   -7.331084  -7.969432
  -8.28182   -7.935444  -7.632626  -7.18533   -7.786848  -9.51403
  -9.783672 -10.173432 -10.552694 -11.175788 -10.299756 -10.785854
 -11.041286 -10.374286 -10.687254 -10.572414  -9.830536  -9.696962
  -8.406404  -9.384864 -10.138226 -11.160824  -8.725288  -7.974768
  -7.53043   -5.23653 ]"
1232,"[-10.80221  -10.379738 -10.341806  -9.838134  -9.689132  -9.55579
  -9.279594  -9.910054 -10.2863    -9.990616  -9.682694  -9.256858
  -9.866264  -9.705546  -9.703632  -9.828448 -10.395456  -9.678808
  -9.95135  -10.214554  -9.466992  -9.340784 -10.387278  -9.553876
 -11.511956  -9.749684  -8.732944  -8.567296  -9.182038  -9.132448
  -7.502068  -5.898252]"
1233,"[ -9.611644  -9.173918  -9.123342  -9.465426  -9.760646  -8.72117
 -10.336644  -8.973992  -8.407448  -8.486734  -6.629748  -8.459416
  -8.444974  -8.457444  -9.050494  -8.467188  -8.479774  -7.916188
  -8.845986  -5.997722  -5.773552  -6.248514  -8.696868  -8.855556
  -7.791836  -9.849966  -8.93635  -11.301764  -9.495412  -9.816036
 -10.33067  -10.32835  -10.139734 -10.012134  -9.586472  -9.199554
 -10.505424  -9.512696  -9.461888  -9.6019    -9.687682  -9.510898
  -9.756412 -10.249528 -10.045078  -9.276462  -9.347686  -9.620634
 -10.174186 -10.404446  -9.95599   -9.91394  -10.228938  -9.981452
 -10.148956  -9.49286   -9.763894 -10.257068  -9.737562  -9.589894
  -9.257902 -10.251674  -9.92815   -9.879836  -9.401974  -8.091348
  -9.811164  -7.49244   -8.222138  -6.378956  -6.741166  -8.509934
  -9.364564  -9.612804 -10.390584 -10.561104 -10.30196  -10.681744
 -10.085504 -11.14557  -11.051842 -11.229322 -10.522882 -10.102208
 -10.874884 -10.319998 -10.459256 -11.285698 -10.72536  -10.29645
 -11.195334 -10.5647   -10.428052 -10.651874 -10.678554 -10.491214
 -11.264006 -11.205832 -10.80801  -10.079356 -11.118716 -10.141532
 -10.20539   -9.776074  -9.602306 -11.322818 -10.629138  -8.526
  -6.622962  -6.469784  -8.327176  -7.498704  -8.221326  -8.067742
  -9.472096 -10.086664  -9.58305   -9.203498 -10.244134 -10.294014
  -9.955526 -10.047572  -8.929506  -9.667208  -9.171076  -9.578932
  -9.065748  -6.036582]"
1234,"[-10.83498  -11.81634  -11.79488  -11.162564 -11.49763  -10.554318
 -11.499138  -9.583514  -9.831    -10.806618  -9.851474  -9.892306
 -11.225378 -10.705234 -11.695352 -10.522012 -11.517756 -11.67366
 -11.809728 -11.52866  -11.551164 -11.883156 -11.73108  -11.913026
 -10.865024 -10.547068 -11.478606 -10.869606 -11.81634  -11.618908
 -11.667976 -11.427334 -11.75486  -11.335404 -11.597622 -11.947594
 -11.592692 -11.38772  -11.601218 -11.523382 -11.55418  -10.885092
 -11.829564  -9.724918  -9.816558  -6.48498   -7.355966  -8.21686
  -8.69565   -8.868954  -9.019696  -9.375874  -9.860348  -9.79475
  -8.947486  -9.701428  -9.977682  -9.893176  -9.224668  -9.477664
  -7.565462  -8.009916  -7.787834  -9.54854   -9.055192  -7.120544
  -9.400292 -10.179058  -8.988724  -7.713304  -7.864394  -8.209088
  -8.580984  -5.567188]"
1235,"[ -8.853932  -8.68202   -8.746806  -9.189636  -9.521222  -8.626398
  -7.44604   -6.539616  -7.68355   -8.455182  -6.932566  -6.947588
  -9.938938  -8.772906  -9.109422  -9.828158  -8.471712  -9.86116
  -9.803276  -9.20837   -8.805038  -9.767258  -8.420788 -10.248426
  -9.652998  -8.649656  -9.002238  -9.63525   -9.357198  -6.889936]"
1236,"[ -9.223334 -10.096756 -11.16094  -10.488082  -9.314684  -7.58843
  -7.329634  -9.213648  -8.528436  -7.219724  -8.20729   -9.459394
  -9.971128  -9.780714 -10.292448 -10.302134  -9.684898 -10.42956
  -8.576286  -9.334346  -9.582586  -8.815594  -8.900042 -10.229982
  -9.776538  -8.87371   -8.380826  -5.595492]"
1237,"[-7.803436 -8.123016 -7.930108 -6.940918 -7.652462 -8.47612  -8.27254
 -7.800536 -8.054866 -7.154706 -7.977784 -9.792314 -8.925098 -7.795606
 -7.5661   -8.751562 -7.887304 -7.362114 -8.886528 -9.363752 -9.343742
 -9.509564 -9.802638 -9.590126 -7.874718 -8.30328  -8.58371  -7.916478
 -5.406876]"
1238,"[-11.27375  -11.771854 -11.633408 -11.689726  -9.660364 -10.446612
 -10.529436 -11.522744 -11.337608 -11.983844 -11.496818 -11.87289
 -11.742738 -11.520076 -10.502872 -10.174012  -9.633742  -9.748234
  -9.977508 -10.63314   -9.856984 -10.177898 -11.057004 -11.450534
 -10.25063  -11.079856  -9.9354   -10.745544 -10.34604   -9.1437
  -9.68687  -10.156554  -8.333846 -10.058824 -10.59225  -10.220876
 -10.83701  -10.241524 -11.077072 -10.55281  -10.499624 -10.941294
 -10.631574 -10.598108 -11.046564 -11.209196 -10.454384  -9.36729
  -7.202556  -6.506266  -7.16242  -11.661132  -7.848966  -8.059912
  -7.689582  -9.74922  -10.314024 -10.252602 -10.382406 -10.611158
 -10.882656 -10.450324 -10.278064  -9.18778   -9.967764 -10.463026
  -7.456654  -7.7053    -8.094654  -9.076362  -8.199286 -10.858064
 -10.852264  -8.953692  -9.387416  -9.711984  -8.373692  -8.804342
  -6.575576  -7.010286  -6.893068  -7.192986  -6.98871   -6.805836
  -7.403874  -6.334702  -5.648562  -7.433338  -7.581354  -8.004058
  -9.086048  -9.91684   -8.912338  -8.18438   -9.080944  -9.441414
  -8.443408  -8.1345    -8.252182  -7.592316  -9.431148  -9.73501
  -9.825722 -11.34393   -8.440798  -7.980742  -9.54709   -9.68078
  -9.286206  -9.371118  -8.194298  -8.908336  -8.201432  -7.858536
  -5.934502  -6.128918  -5.024946  -5.424392  -7.520222  -8.976022
  -8.33257   -9.32698   -9.049972  -8.79715  -10.452992 -10.856208
 -11.11715  -10.187294 -10.554202 -10.449454 -10.516328 -10.609534
 -10.748618  -9.871194 -11.08206  -10.765206 -10.396152 -10.902202
 -10.79003  -10.626818 -10.025242 -11.588806  -9.2858    -6.653296
  -5.186766  -8.594208  -7.224828  -8.834502  -7.76997  -10.29848
  -9.871542 -10.414306 -10.22917  -10.680468 -11.960412 -10.28688
 -10.585406  -9.700268  -8.486444  -7.755296  -6.791684  -7.669572
  -8.01067   -7.670674  -8.130846  -9.178268 -10.823612 -10.017296
 -10.474278  -9.404932 -10.411638  -9.44646  -10.046934  -6.973862
  -5.333796  -6.518272  -7.87408   -7.433338  -7.34164  -10.585116
  -8.274222  -7.31757   -6.48353   -7.42313   -6.525     -9.58305
  -9.773116 -10.338732  -9.615588  -9.750148 -10.326958 -10.239552
  -9.017666 -11.826722  -9.540536 -10.773964  -8.33083  -10.504554
  -9.5671   -10.026228  -9.972694  -9.830594 -10.287924  -8.391614
  -7.722932  -7.453696  -7.415938  -8.205028  -7.80245   -6.892836
  -7.375338  -7.360838  -7.224944  -8.063044  -9.709954  -8.830616
  -8.510572  -6.613044  -7.969026  -7.071244  -7.849256  -6.659328
  -7.18475   -9.802406  -7.690568  -7.78679   -8.96216   -8.993538
  -8.54485   -9.106406  -9.190216  -8.324334  -9.099098  -8.830732
  -8.593686  -9.418562  -9.828854  -8.994118  -9.802     -9.023292
  -9.782744  -9.059136  -7.923032  -9.145266  -6.356626  -7.939214
  -8.25224   -9.420244  -8.702958  -8.767686  -8.60749   -8.444916
  -8.601864  -8.510514  -8.321434  -9.03524   -8.367428  -6.435158
  -6.6033   -10.029824  -8.049298  -9.188244  -8.63069   -8.464404
  -8.725694  -7.83725   -7.683724  -9.38353  -10.260838  -8.675002
  -9.553992  -9.481086  -9.26115   -8.762466  -9.317642  -8.846508
 -10.20278   -9.129316  -7.783716  -7.831334  -8.386278  -5.471198]"
1239,"[ -8.439     -7.327372  -8.627268  -7.988572  -7.833944  -7.712086
  -7.731748  -6.663156  -7.568246  -5.929572  -6.50818   -8.134732
  -6.831008  -7.198612  -7.142642  -7.186722  -7.565462  -8.414814
  -8.311284  -8.037872  -8.20062   -7.829014  -7.151052  -9.60219
  -9.112148  -9.256568  -7.869788  -8.000694  -7.69979   -8.17887
 -10.356886  -8.507208  -7.389548]"
1240,"[ -8.95781   -8.91431   -9.952858  -9.359344  -9.636526  -9.88291
  -9.57812   -9.181226  -6.339226  -6.191848 -10.222384  -9.666686
 -11.573088  -9.858956  -9.559676  -9.536882  -9.574408  -8.990406
  -9.277274  -9.435208 -10.088868 -10.934508  -9.588734 -10.60095
 -11.255654 -11.254552 -11.033514 -10.977602 -11.57274  -11.674414
 -11.301184 -11.645646 -11.93089   -9.277506  -9.48706   -7.419244
  -7.794678  -6.925954  -7.260672 -11.475706 -10.378984 -11.158794
  -8.86385   -9.928498 -10.017876 -10.294768 -10.077906  -9.469428
  -8.91112   -9.120616  -9.708214 -10.362628  -9.495238  -8.802834
  -9.467224  -8.878292  -8.9262    -8.25688   -7.888522  -8.689676
  -8.8421    -9.524412  -9.252508  -8.949168  -8.828354 -10.49162
  -9.032282  -9.390896 -10.093624 -11.502966 -10.133238 -12.138066
  -7.865438]"
1241,"[ -7.168162 -10.514994  -7.17402   -5.846342  -6.818654  -7.897918
  -9.130476  -9.674226  -9.767026  -9.92757   -9.955584 -10.202606
  -9.920726 -10.011844  -9.667672  -8.827716  -9.080422  -9.151994
  -9.309232 -10.325972  -8.743964  -9.875602  -7.11573   -6.610724
  -7.389548 -10.31994   -9.691916  -9.108494  -8.292666  -9.447562
  -9.309     -8.798194  -9.265558  -9.801536 -10.26629   -8.616828
  -7.62816   -6.58503   -7.744508  -9.168002  -9.688668  -8.095872
  -9.49605   -9.472444 -10.534598  -9.513798  -8.721576  -7.560068
  -9.59958   -8.271206 -11.098938  -9.944332  -9.391882  -8.210074
  -9.2162    -7.107958  -9.81041  -10.308978  -8.30125   -8.52455
 -10.611158  -7.9199    -9.896888  -6.367588  -8.070468  -7.66412
  -7.965894  -7.521614  -7.221058 -10.341458 -10.833356 -11.334708
 -11.61566  -10.520388  -9.976174  -9.864872  -9.690292  -9.28319
  -9.154082  -9.198162  -8.776908  -8.622396  -8.983272 -10.127612
 -10.62067  -11.189766 -10.900926  -9.997924  -8.779228  -9.531488
  -9.379818 -10.235724 -11.042504 -11.036646 -11.14876  -10.080052
 -10.2225   -10.516734 -10.3907   -10.529494 -11.103984 -10.916644
 -10.769034 -10.649322 -10.600602 -10.665388 -10.250456 -10.869142
 -11.368348 -10.645842  -9.590822  -8.88502   -8.811418  -8.96013
  -8.635562  -9.291948  -8.90764   -9.575568  -9.863016  -8.95636
 -10.111894 -10.085446  -9.386952  -8.971904  -8.586436  -8.552796
  -9.313524  -9.360852  -7.058252  -8.437724  -8.24528   -8.908684
  -7.41704   -5.130042]"
1242,[-7.70298]
1243,"[ -8.467826  -8.316446  -7.514074  -8.791814  -7.964038  -8.471132
  -8.47293   -8.034914  -7.870716  -8.904102  -8.579418  -8.756956
  -9.213474  -9.660538 -10.125814 -10.17059   -9.56884   -9.391302
  -7.862016  -7.989964  -7.745842  -9.946304  -8.6478    -8.179856
  -8.497     -8.102136  -9.467688 -10.224298 -10.334904 -10.076804
  -9.572552  -9.996416  -9.605264  -9.0306    -6.997642]"
1244,"[ -9.297052  -9.984526  -9.877748  -9.58566  -10.137878  -7.768752
  -9.19706   -6.45018   -5.966112]"
1245,"[ -8.551694  -8.029868  -9.926758  -9.7411    -9.19068   -9.751366
  -8.315054  -8.06867   -9.15965   -7.931036  -9.21707   -8.635736
  -8.535222  -8.736714  -8.648032  -8.00168   -8.828238  -8.86269
  -8.656906  -8.858224  -8.904972  -8.461678  -7.963458  -9.482478
  -8.76032   -8.758174  -8.766758  -8.410522  -8.049762  -7.863118
  -9.91278   -8.803646  -8.807764  -8.20497  -10.836952 -11.111118
 -10.907828 -10.229808 -10.74044   -9.38237  -10.187526  -9.701254
 -10.508846 -10.717878  -9.506896 -10.09809   -9.718074  -9.199902
 -10.081908  -7.032384  -7.720496  -7.571842  -8.215758  -8.587538
  -7.502822  -8.154626  -8.983214  -8.650178  -9.140742  -8.721866
  -7.255626  -9.36671   -8.803646  -7.8358    -8.51411   -9.127402
  -9.679968  -9.221072  -8.96477   -8.88995   -9.001716  -9.460612
  -9.630784  -8.545314  -7.87495   -8.521766  -6.94637   -6.584914
  -8.370676  -8.34881   -8.012062  -8.679178  -8.7928    -8.76003
  -8.119014  -6.069236  -6.54327   -8.444452  -9.127054  -9.266196
  -7.735344 -10.936654  -9.252218 -10.195182  -9.56275   -9.814354
 -10.010162 -11.572334 -10.891124 -10.954576  -8.42972   -7.809932
  -8.033928]"
1246,"[ -9.107276  -8.401242  -8.967786  -9.375758  -8.16234   -9.378832
  -8.834908  -8.601864  -9.154662  -9.058266  -9.657116  -8.707482
  -9.372974  -9.222638  -9.017434  -9.114294  -8.983446  -8.864024
  -8.906422  -9.66918   -9.40383   -9.147934  -8.704118  -8.64867
  -8.768846  -9.328024  -9.415546  -8.828238  -9.64656   -8.86385
  -9.66425   -9.305984  -8.786246  -8.791118  -8.120522  -8.76757
  -8.73625   -9.512174  -9.026308  -9.328604  -8.938612  -8.892966
  -9.198278  -9.418156  -9.236616  -9.243054  -9.113134  -9.134072
  -8.958216  -9.16516   -9.279362  -8.891516  -9.552542  -9.489264
  -9.546684  -8.823946  -9.774044  -9.022538  -9.270952  -9.187084
  -9.404352  -9.213706  -8.740252  -9.495122  -9.002238  -9.051596
 -10.201504  -9.32234   -9.236964  -9.99311   -9.170786  -9.006588
 -10.687138  -9.67266   -9.003572  -9.693946  -9.066096  -8.520432
  -9.114004  -9.15008   -8.31546   -8.66607   -9.31973   -9.238182
  -9.428074  -9.307492  -9.557762  -9.559618  -8.90271   -9.377672
  -8.618046  -9.537346  -9.20721   -9.366362 -10.050646  -8.864314
 -10.035798 -10.47799   -9.475286  -8.927418  -9.985106  -8.901434
  -8.110256  -9.096198  -8.886006  -8.46423   -9.935748  -9.28406
  -9.264108  -9.312828  -8.942498  -9.006124  -9.131752  -9.03553
  -8.923706  -9.160868  -9.21562   -7.950176  -9.382022  -8.947022
  -9.267472  -9.610658  -8.864024  -9.277564  -9.003282  -9.355632
  -9.20663   -8.8537    -8.983504  -9.33539   -9.224552  -9.156982
  -8.894938  -9.271242  -9.22809   -9.980002  -8.92794   -8.467768
  -9.474242  -9.028164  -9.51229   -9.00276   -9.473546  -9.140626
  -9.403772  -9.179312  -9.657     -9.788428  -9.125372  -9.358474
  -9.063428  -9.47227   -9.080712  -9.209298  -9.230352  -9.575858
  -9.0132    -9.27101   -8.97985   -9.617734  -8.882526  -8.907814
 -10.017238  -9.597898  -9.243576  -9.808206  -9.81534   -9.287308
 -10.63894   -8.145926  -8.06751   -8.745356  -9.242532  -9.179544
  -8.705684  -9.37918   -9.10165   -9.402844  -9.181806  -8.659632
  -8.988956  -9.662278  -9.263412  -9.063138  -9.214982  -8.236464
  -8.92475   -7.94281   -8.040598  -8.381522  -9.548888  -9.05206
  -9.370944  -7.902036  -8.638984  -9.076246  -9.332606  -9.410616
  -7.915086  -7.946522  -8.778358  -7.74561   -8.043788  -7.33352
  -9.549178  -9.245548  -5.383676]"
1247,"[ -9.563562  -9.816558 -12.589712 -10.100352 -12.65125  -11.403786
 -11.75805  -10.607968 -10.579258 -10.121638 -11.00289  -10.307702
 -10.364774  -8.806894  -8.989826  -9.604974 -10.358162 -10.853482
 -10.523462 -11.788442 -10.817174 -11.010604 -11.061644 -10.267682
  -9.912026 -10.984794 -10.15406  -12.156104 -10.347316  -9.09846
  -8.899404  -9.016042  -8.71073   -9.162144  -8.90909   -9.351978
 -12.776646  -9.633336  -8.678018  -8.668622  -6.793076  -6.419556
  -8.744486  -7.876632  -9.755832  -9.945666  -5.800348]"
1248,"[ -6.574938  -6.425704  -7.889276 -10.299582 -10.18828   -9.21359
  -9.397682  -7.118166  -6.371068  -8.408608  -9.419954  -9.009314
  -9.081002  -9.169336 -10.349868  -9.855534  -9.731588 -10.33734
 -10.1181    -8.7522    -7.81811   -9.178674  -9.724164 -10.635808
 -10.560524 -10.70738  -11.37873  -11.14905  -11.264992 -10.336528
 -10.478512 -10.952314 -10.983634 -11.0664   -11.098416  -9.833784
  -9.458002  -8.283444  -8.589162  -9.69789   -8.108342  -8.579708
  -9.53462   -7.494528  -5.908982  -5.657146  -9.771898  -9.162492
  -8.388598  -7.378702]"
1249,"[-10.82164  -11.697324 -11.47617  -11.044708 -11.69773  -10.870534
 -11.033688 -10.931144 -11.199394 -10.984446 -10.81874   -9.689074
  -9.021378  -9.986672  -9.468964  -9.471574  -9.446982 -10.767758
 -10.568876  -8.71653   -8.159092  -9.231686  -9.60596   -9.716218
  -7.617546 -10.002796  -9.018594  -9.262368  -9.496978  -9.175542
  -7.59887   -9.030774  -6.271598  -5.680346  -9.100954  -8.079922
  -6.677192  -6.844116  -8.95868   -8.958738  -9.623882  -8.540384
  -8.635794  -9.038372  -9.44936   -8.989768  -9.649054  -8.64287
  -9.054322  -9.09498   -8.748662  -8.560452  -5.859566]"
1250,"[-12.85657  -12.702812 -12.808778 -11.902644 -12.180696 -12.55555
 -12.69997  -12.86266  -12.744746 -12.848856 -12.77914  -12.906218
 -12.952154 -12.919268 -13.005746 -12.676422 -12.587508 -11.933326
 -12.021138 -12.400574 -12.54221  -12.447786 -12.646958 -12.565642
 -11.891392 -12.545458 -11.971606 -12.168342 -12.348258 -12.382594
 -13.04246  -12.76348  -12.558798 -12.923734 -12.993566 -12.363686
 -12.323028 -12.01557  -12.40649  -12.298088 -12.457356 -12.515414
 -12.5976   -12.883656 -12.871592 -12.917354 -13.14338  -11.86622
 -11.902238 -12.551374 -12.92704  -12.122232 -11.710954 -12.509266
 -12.959578 -12.69765  -12.420584 -12.895314 -11.604524 -12.418264
 -12.576604 -12.029374 -12.25511  -12.879306 -12.27309  -12.288866
 -11.921668 -12.647538 -12.832152 -12.58223  -12.092768 -12.599224
 -10.795888 -10.703494 -11.079624 -11.171148 -12.554158 -12.80785
 -12.591104 -12.887426 -12.445176  -9.89248  -10.567948 -10.243322
  -9.800028 -10.229286  -9.357198  -7.995764]"
1251,"[-12.11098  -13.243894 -12.996002 -13.055684 -12.777748 -12.736336
 -13.077202 -13.346902 -13.437672 -12.76812  -11.961166 -12.824728
 -13.137638 -12.867416 -10.58674  -10.34488  -10.959912  -9.430278
 -10.393774 -10.747458 -10.114446 -10.12158   -9.244678  -9.264108
 -10.030404 -10.468246 -10.194602  -9.7121   -10.44261   -9.719408
 -10.153422 -10.673624 -10.157656 -10.189092 -10.899418  -9.946246
  -7.12414   -6.51891   -9.3148    -7.49563   -9.816964  -8.144766
  -7.988166  -7.749496  -6.861864  -7.281726  -8.903986  -7.952264
 -10.233752 -10.77582  -10.981952  -7.887536  -8.530698  -9.183778
  -7.244026  -7.1659    -7.284742  -5.096286  -5.34006   -9.071606
 -10.638302 -11.99904  -10.733538 -11.382616 -10.737946 -12.083198
 -11.02029  -10.415176  -9.378774  -9.70427   -9.647546 -10.010742
  -9.053684  -8.632024  -9.424304 -10.155626  -9.347744  -8.593628
  -6.823468  -8.368762  -9.586936  -9.587052 -10.373996  -9.128794
  -9.094922  -6.081532]"
1252,"[-10.363266  -9.963936  -9.52331   -9.34322   -9.810236  -9.100548
  -8.641594  -9.412472  -9.302388  -9.297748  -9.110524 -10.061434
  -9.658682 -10.38055   -9.597724  -9.915738  -9.399422  -9.725672
  -9.629856  -9.349368  -9.51896   -7.940142  -8.330134  -8.405882
 -11.606032 -10.825584 -10.221978 -10.618582 -11.383776 -10.854236
  -9.644704 -10.679772 -11.912272 -11.107812 -10.016658  -8.084156
  -8.811592  -8.3462    -9.127402  -9.89915   -9.526442  -8.86211
  -8.301482  -7.228018  -8.367486  -6.907452  -7.35817   -8.192732
  -6.962494  -8.367138  -8.430648  -7.38833   -7.593244  -7.033254
  -7.935154 -10.539296  -9.02886 ]"
1253,"[ -9.695918  -9.944796 -10.63981   -9.760994 -10.881264 -10.356074
 -10.235492  -9.964574  -9.616168  -9.582238  -9.828506  -9.819052
  -9.104028  -8.663634  -8.298988  -8.571008  -8.093958  -9.242242
  -9.543668  -9.308246  -9.058846  -9.36526  -10.054474  -9.700152
  -9.683042  -9.560372  -9.424826 -10.347896 -10.435534 -10.270408
 -10.595904 -10.689516  -9.513044  -8.2273    -8.647858  -7.912302
  -8.858978  -5.378862]"
1254,"[ -8.76351   -8.111242  -8.981996  -8.760088  -9.021958  -8.58197
  -6.533642  -7.127446 -11.08554   -7.111844]"
1255,"[-8.42595  -8.6275   -8.245744 -8.576982 -7.73488  -8.567876 -8.699826
 -8.173012]"
1256,"[ -9.462178 -10.090144  -9.685014  -9.768592  -9.764474  -9.93337
  -9.664076 -10.066828  -9.933312  -9.578236  -9.612282  -9.696034
  -9.8281    -9.109828 -10.149652  -9.696208 -10.18828   -9.83158
 -10.138458  -9.12572  -10.057838  -9.68049   -9.668832  -9.68397
  -9.294094  -9.577772  -9.417982  -9.206224  -8.962914  -8.184728
  -8.358496  -9.16661   -8.969004  -9.356212  -9.21591   -9.86725
  -9.513566  -9.705604  -9.91684   -9.525862  -9.77416   -9.642152
  -9.81592   -9.541638  -9.358068  -9.212836  -8.932812  -9.258076
 -10.090144  -9.547554  -9.900658  -9.466992  -9.060586  -9.530734
  -9.960282  -9.581252  -9.886564  -9.478998 -10.135094  -9.620112
  -9.331388  -9.480506 -10.061898 -10.079936  -9.480158  -9.821778
 -10.006682 -10.40259   -9.205412  -9.589372 -10.372662  -9.468036
  -9.87479   -9.30929   -9.62829   -9.119456 -10.159918  -9.868584
  -9.223798 -10.213104  -9.763604  -9.41543  -10.041946  -9.245084
 -10.044672  -9.506896  -9.876182  -9.96875   -9.947464  -9.881344
  -9.301576 -10.12419  -10.060158  -9.329648 -10.240654  -9.427146
  -8.937568  -9.14631  -10.018862  -9.78141  -10.50641  -10.705408
 -10.47625  -10.152436 -10.181726  -9.88958  -10.44058  -10.060042
  -9.931224 -10.166298  -9.39745   -9.629856 -10.059984  -9.10368
 -10.18683   -9.963994 -10.535178  -9.810294 -10.008944  -8.617408
 -10.022806  -9.03176   -9.534272  -9.574118  -9.991776  -9.788312
  -9.671268  -9.94062   -9.481376  -9.843818  -9.463918  -9.676082
  -9.71268   -8.809678  -9.867424  -9.367232 -10.266406  -9.360272
  -9.66454   -9.992762  -9.27449   -9.461946  -9.75212   -9.07961
  -9.837728  -9.551266  -9.538738  -9.63757   -9.979074  -9.790458
 -10.21815   -9.89915   -8.405592  -9.329648 -10.140546  -9.554514
 -10.413146  -9.52128  -10.046818  -9.981974 -10.05314   -9.574698
  -9.874384  -9.807684  -9.467282 -10.142692  -9.103448  -8.5434
  -9.608918  -8.94041  -10.0108    -9.22229  -10.359438  -9.718886
  -9.69238   -9.826534 -10.069902  -9.81447   -9.647836 -10.213858
  -8.493636 -10.323246  -8.936408  -9.011692 -10.233404  -9.821836
  -9.809192  -9.690524 -10.176622  -9.809598  -9.588502  -9.72341
  -9.845732  -9.989862 -10.09954   -9.33307   -9.33336  -10.42318
  -9.157446  -8.984084  -9.148804  -8.996148  -9.663032  -8.898998
  -8.685964  -7.842818  -9.397276  -8.007248  -7.608846  -6.534628
  -5.523978  -6.64738   -8.258852]"
1257,"[ -9.48126   -9.450172  -9.337768  -9.058092  -9.40412   -9.526558
  -9.464498  -9.503416  -9.361838  -9.544132  -9.243982  -9.263702
  -9.731704  -9.30958   -9.72399   -8.955374  -9.529632  -9.287714
  -9.115802  -9.233542  -8.81223   -9.344264  -9.332026  -8.867098
  -9.470008  -9.903384  -9.282378  -9.557878  -9.337884  -9.441994
  -9.480448  -9.21359   -9.120442  -9.240966  -9.352848  -9.55521
  -9.282494  -9.231802  -9.569652  -9.459626  -9.52679   -9.240966
  -9.304418  -9.48648   -9.473778  -9.607236  -9.209414  -9.03437
  -9.570522  -8.62953   -8.84384   -8.773602  -9.238298  -8.889196
  -8.938728  -8.971962  -9.101244  -9.083322  -9.17531   -9.451506
  -9.651374  -9.55173   -9.384806  -9.138944  -9.799564  -9.461192
  -9.295544  -9.741912  -9.497616  -9.038778  -9.295138  -8.629588
  -9.382022  -9.433004  -9.460786  -9.545118  -9.5352    -9.121486
  -9.505446  -9.234586  -9.334172  -9.368334  -8.875566  -9.47691
  -9.38295   -9.537926  -9.368624  -9.14892   -9.208022  -9.63931
  -9.557704  -9.582006  -9.466818  -9.408934  -9.421288  -9.399596
  -9.456436  -8.634576  -8.923416  -9.369726  -8.915702  -9.412878
  -9.508462  -9.654796  -9.21359   -9.285568  -9.17879   -9.197872
  -9.564142  -9.653694  -9.463396  -9.764242  -8.879104  -9.148862
  -9.370248  -9.824968  -9.554108  -8.953924  -9.39397   -9.30639
  -9.46966   -9.690814  -9.344032  -9.431554  -9.150602  -8.992436
  -9.5062    -9.651374  -9.245896  -9.381848  -9.442864  -9.399712
  -9.62278   -9.624288  -9.414734  -9.112612  -9.204484  -8.97115
  -9.5265    -9.46241   -9.579396  -9.448896  -9.517916  -9.470298
  -9.5497    -8.873826  -9.371292  -9.363752  -9.436774  -9.148108
  -9.702472  -9.51722   -9.040866  -9.37657   -9.473604  -9.49402
  -9.46183   -9.406092  -9.489554  -9.362534  -9.577308  -9.55695
  -9.40151   -9.134478  -8.871332  -9.261498  -9.432134  -9.156344
  -9.629392  -9.368566  -9.304824  -9.451912  -9.122994  -9.317062
  -9.313814  -8.808808  -9.062384  -8.84761   -8.760146  -9.228032
  -9.546916  -9.309986  -9.500168  -9.46531   -9.416532  -9.180182
  -9.335796  -9.575278  -9.48967   -9.940852  -9.55608   -9.12485
  -9.42877   -9.517916  -9.25593   -9.524006  -9.585196  -9.518032
  -9.140974  -9.411892  -9.256916  -9.408006  -9.484566  -9.50388
  -9.625216  -9.381094  -9.281102  -9.325588  -9.581658  -9.549352
  -9.320484  -8.92736   -9.381036  -9.354646  -9.423318  -8.823308
  -9.037908  -9.1031    -9.038662  -9.561242  -8.930028  -9.11615
  -8.290404  -8.65157   -9.516582  -9.034312  -8.750228  -9.01958
  -8.985302  -9.264978  -9.09005   -9.328198  -9.478998  -9.24114
  -9.552658  -9.533054  -9.794344  -9.581542  -9.350818  -8.839258
  -9.383414  -9.623534  -9.443908  -9.447446  -8.569268  -9.327096
  -9.466934  -9.296414  -9.600102  -9.333476  -9.147354  -9.33365
  -9.516698  -9.34641   -9.37164   -9.372858  -9.189056  -9.231802
  -9.289222  -9.315264  -9.510144  -9.173744  -9.655086  -9.175774
  -9.38324   -9.545176  -9.613848  -9.631538  -9.444488  -9.135522
  -9.384052  -8.88879  -10.505366  -8.871216  -9.224378  -9.446228
  -9.444024  -9.438862  -9.221652  -9.131926  -9.387358  -9.580324
  -9.37831   -8.862168  -9.171482  -8.961174  -8.972948  -9.479462
  -9.323558  -9.4656    -9.648764  -9.497094  -9.34409   -9.43138
  -9.535954  -9.477316  -9.320368  -9.411022  -9.454232  -9.31538
  -9.185866  -9.641224  -9.291832  -9.39861   -9.219216  -9.224378
  -9.527834  -9.367638  -9.306448  -9.314916  -9.442052  -9.280638
  -9.205644  -9.374366  -8.806082  -9.218172  -9.53926   -9.473372
  -9.418156  -9.548192  -9.44095   -9.533576  -9.33336   -9.319904
  -9.25274   -9.559792  -9.326748  -9.403366  -9.242358  -9.638846
  -9.260106  -9.492918  -9.3612    -9.29363   -8.859964  -9.387068
  -9.576438  -9.62945   -9.6135    -8.648902  -9.46908   -9.559096
  -9.14863   -9.437934  -9.472966  -9.382718  -9.247694  -9.555036
  -9.263818  -9.239922  -9.672544  -9.345946  -9.100838  -9.599116
  -9.463744  -9.378252  -9.447446  -9.27797   -9.25361   -9.287772
  -9.190564  -8.990986  -9.237022  -9.22229   -8.775226  -9.322572
  -9.436774  -9.41601   -9.064762  -9.175948  -9.442864  -9.471052
  -9.108726  -9.423782  -9.081002  -9.263412  -9.436716  -9.330054
  -9.426566  -9.404236  -9.498428  -9.506722  -9.40209   -8.882004
  -9.26115   -8.962682  -9.33684   -9.19097   -9.558864  -9.38933
  -9.02422   -9.316308  -8.982344  -8.797672  -9.283132  -9.273504
  -9.48561   -9.683274  -9.58247   -9.578526]"
1258,[-9.386488 -9.488278 -7.815326 -7.48287  -9.78924  -5.704648]
1259,"[ -8.927766  -9.50794   -9.201062  -8.907814  -9.776306  -9.607874
  -9.668484 -10.048558  -9.671848  -9.4946    -9.693946  -9.465484
  -8.942556 -10.145824 -10.10737   -9.432598 -10.057316  -7.776582
 -10.536918 -10.240016  -9.86232  -10.14014   -9.435962  -9.486306
  -9.924032  -9.752874  -9.60509   -9.534794  -9.345598  -9.778162
  -9.373322  -9.705836  -9.571798  -9.541696  -8.965408 -10.02907
  -9.73617   -9.145092  -9.551092  -9.5961    -9.556602  -9.610716
  -9.714304 -10.083532  -9.95831   -9.594766  -9.516292  -9.49431
  -9.307608  -9.22287   -9.369726  -9.395594  -9.297516  -9.524992
  -8.99899   -9.32031   -9.365144  -9.373786  -9.44965   -9.751946
  -9.351746  -9.654854  -9.303432  -8.948936  -9.363288  -8.810084
  -8.940526  -9.045622  -9.119978  -9.450578  -9.04423   -8.922662
  -8.67825   -9.494426 -10.108704  -7.890262 -10.419062 -11.112858
 -10.166008 -10.646654  -9.12224   -9.42732   -9.218752  -9.650968
 -10.670608  -9.12427   -9.320136  -9.449998  -8.59908   -8.67825
  -9.497094  -8.478208  -7.262064]"
1260,"[ -9.47662   -9.62974  -10.293028  -8.674132  -7.28161   -8.86182
  -8.63417   -9.448722  -9.768824  -9.12659   -9.489554  -9.689886
  -9.298676  -9.77996   -9.082278  -9.364622  -9.383704  -9.002296
  -9.797418  -9.40035   -9.57087   -9.27826   -9.406962 -10.078486
 -10.394412  -9.45458   -8.410464  -9.452202  -9.535316  -9.842368
  -8.128004  -8.112982  -9.254306  -9.139988  -9.688436  -9.19967
  -8.350434  -7.07745   -6.025272]"
1261,"[-8.755912 -9.313118 -8.679178 -9.292296 -9.453536 -8.500828 -8.805618
 -8.631618 -7.983468 -6.028984 -6.82167  -5.03556 ]"
1262,"[-10.705698 -10.748154 -11.009386 -10.817696 -10.648452 -10.575256
 -10.218208 -11.07133   -9.065748  -9.60654   -8.717168  -9.468442
  -9.167654  -8.676046  -9.033732 -10.143272  -9.808322  -8.629472
  -7.32163   -8.602792 -10.62154  -10.904    -10.242742 -10.714108
 -10.736264 -10.655876 -10.92372  -10.43652   -9.71007   -9.989978
 -11.89145  -11.633408 -10.50438  -10.460764 -10.400444  -9.840396
 -10.863342  -9.774624 -10.319592 -10.427008 -10.008654 -12.087374
 -11.51648  -11.469674 -11.528138  -9.931224 -11.130432 -11.284538
 -11.76153  -10.054764 -10.267624  -9.33046   -8.990174  -7.297966
  -8.884846  -9.137552  -8.864836  -8.88241   -9.40441   -8.85428
  -8.962798  -7.399234  -8.93548  -11.52286   -9.440602 -10.119318
 -10.650076 -10.623918  -9.292354  -9.366942  -9.92902   -8.653658
  -9.934878  -8.686834  -9.16893   -9.367464  -9.258192  -9.282378
  -9.790284  -7.590982  -8.389178  -9.154198  -8.568688  -9.628174
  -8.850626 -10.361526  -8.657312  -8.73596   -8.485052  -8.714094
  -8.941338  -8.93084   -6.214932  -5.504142  -8.141286  -9.342988
  -8.851032  -8.421368  -8.249862  -7.930166  -8.504192  -8.695824
  -9.957904 -10.451252  -9.5642    -9.74371  -11.200844  -9.96556
  -7.167234 -10.404794 -10.642652  -9.024858  -9.848052 -10.225226
  -8.782766  -8.91054   -9.045564  -8.868896  -8.947022  -8.998874
  -9.77039   -9.781816  -8.24731   -8.955142  -8.82731   -8.404316
  -8.774588  -9.503416  -8.94911   -9.07526   -8.921618  -9.03495
  -8.44161   -9.561706  -8.344576  -7.56204   -8.307166  -9.57348
  -8.316562  -8.523042 -10.11491   -8.734684  -9.483174  -9.841034
  -8.213844  -9.796722  -8.54891   -8.972252  -9.496804  -8.513124
  -9.285858  -8.680222  -8.555522  -9.003746  -8.892444  -9.433526
  -9.080016  -8.77279   -9.139756  -9.066908  -8.18409   -9.850372
  -8.157178  -8.09477   -8.579186  -8.32329   -7.597884  -7.261484
  -8.387438  -7.510536  -8.863444  -7.795084  -7.995242  -6.996714
  -8.130556  -7.27204   -9.279652  -8.668216  -9.83419   -8.663692
  -9.493266  -8.832878  -8.522752  -9.14805  -10.08707   -9.859826
  -9.01639   -8.787754  -9.818124  -9.341364  -8.572806 -10.034116
  -9.981626  -7.804016  -9.546974  -9.871832  -9.332838  -9.206978
  -9.12021   -8.656268  -8.152828  -7.880924  -8.762118  -9.87102
  -8.625412  -9.09237   -9.072302  -9.582122  -9.561416  -9.163188
  -9.360794  -9.351804  -9.388286  -8.863386  -9.461888  -9.127286
  -9.063544  -9.070156  -9.02741   -9.116498  -9.532996  -9.096256
  -8.728072  -9.144512 -10.177898  -8.689966  -9.341248  -9.187026
  -9.153966  -9.205238  -9.432946  -9.16226   -8.834502  -8.47206
  -8.539688  -8.839838  -9.356618  -8.756202  -9.190274  -9.80751
  -9.9847   -10.072048  -9.09237   -9.508578  -9.099794  -9.421056
  -9.152168  -9.234064  -9.158142  -9.417228  -9.568202  -8.741064
  -9.19155   -8.960188  -8.43407   -9.3699    -9.614486 -10.348824
  -8.570834  -9.337594  -9.409514  -8.88647   -9.99282   -8.549026
  -9.808554  -9.128968  -9.413922  -9.37947   -9.53085   -9.284988
  -9.32727   -8.904102  -9.553412  -9.169278  -9.203208  -8.896098
  -8.75481   -9.256046  -9.82752   -9.94584   -8.635562  -9.074564
  -9.427668  -9.73211   -9.286032  -8.59937   -9.093936  -9.995314
 -10.528972  -8.051676  -7.775654  -8.9726    -9.643602  -8.39492
  -9.557124  -9.754498 -10.219774 -10.32284  -10.324406 -10.34256
 -11.018724 -10.701232  -8.901202 -11.230482  -9.664424 -10.50467
  -8.201258  -9.587922  -9.498428  -9.41137   -9.01871  -10.024604
  -8.93374   -8.61938   -7.48461   -6.018254  -6.01982   -8.065306
  -8.477686  -9.414676  -8.162108  -6.448904  -8.162398  -7.32859
  -5.696644  -7.536926  -9.798752  -9.46908   -9.759138  -9.88001
  -8.460982  -8.350202  -8.633822  -9.41195   -9.519192  -9.9818
  -9.309406  -9.612108 -10.047862  -9.797244  -9.802812  -9.630668
  -9.658566  -8.7667    -8.574372  -7.587618  -7.446852  -9.534968
  -8.636838 -10.353638  -9.493382 -10.74044   -9.1669   -10.057664
 -10.262694 -10.017644  -9.428886 -10.541152 -10.859166  -9.84376
 -10.353986 -10.727738 -10.165312 -10.423876 -10.125872 -10.252834
 -10.44145  -10.767816 -10.187932 -10.295116  -9.950538  -7.456886
  -6.505744  -6.002594  -7.467674  -9.721902  -8.41841   -7.507172
  -8.743558  -8.599834  -9.897352  -9.969794 -10.454442  -9.175078
  -9.92032  -10.983634  -9.707924  -9.67208   -9.15936   -9.139002
  -9.165044  -7.116078  -9.852634  -8.868954  -9.29537   -9.555326
  -9.324196  -9.86696   -8.98594   -7.940084]"
1263,"[-10.295     -9.209936 -10.085562  -9.228148  -9.91742   -9.96266
 -10.959796 -10.39186  -10.887064 -10.18799  -10.525492 -10.897968
 -10.820248 -11.211284 -11.103056 -11.277578 -11.410166 -11.493976
 -10.898432 -10.480136 -11.727368 -12.193282 -11.68903  -10.885266
 -11.806944 -11.398566 -11.7276   -11.762052 -11.757992 -10.41622
  -9.330054 -10.125814  -9.488974 -10.536048 -10.617712 -10.248194
  -9.999838  -9.86145  -11.632596 -11.323398 -10.306658  -9.706822
  -7.09224   -5.49869   -6.764308  -6.799862  -9.543436 -11.278796
 -10.035798 -10.591438  -9.196364  -8.920284  -7.473126  -7.18214
  -7.829072  -8.354668  -6.520534  -6.684036  -7.142352  -6.488518
  -8.02401   -9.726832  -7.663192 -10.523984  -9.93453  -10.201388
 -11.068662 -10.393426 -10.045542 -10.217338 -10.271394 -10.4632
 -10.366804 -10.44029   -9.894568 -11.210704 -10.100004  -7.766838
  -8.049356  -9.52969  -10.557218 -10.95214   -9.98296  -11.294978
  -9.686754  -8.753012 -10.385364  -5.6202  ]"
1264,"[ -9.94468   -9.43515   -9.62713   -9.779148 -10.228068 -10.25092
  -9.534852  -9.344728  -7.57741   -9.923336  -6.907046  -5.33194 ]"
1265,"[ -6.75265   -7.983352  -8.993422  -8.762002  -7.949248 -10.160208
  -9.022712  -9.946188  -9.830652  -9.596506  -9.782802  -8.969236
  -9.306738  -9.954888 -12.178782 -12.010698 -10.235376  -9.862088
  -9.486306  -9.6106    -9.532706 -10.710976  -9.232788  -9.260396
  -7.90917   -8.33373   -7.970708  -7.85059   -7.58408   -7.476722
  -7.385836  -8.217788  -8.260534  -7.811382  -8.511268  -7.585124
  -8.454022  -8.242612  -8.270626  -8.472292  -7.32859   -7.571784
  -8.393238  -8.36302   -7.947102  -8.871796  -8.863038  -7.267052
  -8.575822  -8.10434   -8.52223   -8.541312  -7.993328  -7.521092
  -7.68819   -8.720764  -8.96216   -8.398806  -8.918254  -8.788856
  -7.757442  -7.223262  -8.584638  -7.448998  -7.885042  -6.8498
  -6.791452  -7.304636  -8.148362 -10.942976  -9.96788   -9.051886
 -11.109436 -10.771412 -10.63401   -9.487698 -10.333106 -10.788696
 -11.91784  -10.694388  -9.20576   -9.482478  -9.489032 -10.049486
  -9.841962  -9.412588 -10.122682 -10.104934 -10.4951    -9.624172
  -8.52513  -10.255966 -10.695374  -8.919414  -6.889124  -5.711086]"
1266,"[ -9.253378  -8.926896  -9.678576  -9.962544  -9.815688  -9.032514
  -9.429988  -9.584384  -9.636062  -9.539666  -9.459626  -9.489148
  -8.870056  -9.41978   -9.282378  -9.328836  -9.018536  -9.013954
  -9.435962  -9.748814  -9.791328  -9.585196  -9.835234  -9.605902
  -9.491178  -9.897294  -9.787152  -9.65961   -9.56536   -9.583514
  -9.708968  -9.826418  -9.868584  -9.3757    -9.337362  -8.972078
  -9.630494  -9.651896  -9.478418  -9.386894  -9.594418  -8.871448
  -9.537694  -9.67788   -9.738722  -9.639078  -9.548366  -9.331852
  -9.512812  -9.208718  -9.91655   -9.630842  -9.590996  -9.396812
  -9.575162  -9.230468  -9.843644  -9.74342   -9.670572  -9.434976
  -9.610136  -9.64801   -9.939402  -9.27884   -8.91141   -9.465426
  -9.40992   -9.420882  -9.860986  -9.739882  -9.118006  -9.483928
  -9.51954   -9.636352  -9.24926   -9.491294  -8.652382  -9.586356
  -8.850278  -9.506838  -9.77039   -9.526906  -9.518844  -9.157446
  -9.595752 -10.000592  -8.824468  -9.085816  -9.273214  -9.345598
  -9.9528    -9.49576   -9.914462  -9.33162   -9.717784  -9.040286
  -9.280174  -9.551324  -9.446924  -8.94592   -8.369284  -8.814086
  -9.95686   -8.946094  -9.687392  -9.63119   -9.930992  -9.007806
  -9.054554  -9.769694  -9.809598  -9.3525    -9.720568  -9.774508
  -9.451448  -9.52418   -9.746146 -10.041656  -9.67208   -9.345888
  -9.325124  -8.898766  -9.08802   -9.285336  -9.56072  -10.063986
  -9.00421   -9.43805   -9.237254  -9.375352  -9.656246  -9.419026
  -9.597608  -9.348556  -9.45429   -9.674864  -9.483638  -9.432076
  -8.86936   -8.245338  -9.008038  -8.844014  -9.77126   -9.580556
  -9.271532  -9.89799   -9.337246  -9.41891   -8.401242  -8.829166
  -9.377092  -9.503996  -9.749568  -9.575452  -9.58015   -9.868584
  -9.906516  -9.848226  -9.022944  -9.945666  -9.354762  -9.543378
  -9.482304  -9.384574  -9.512174  -9.774972 -10.016948  -9.194334
  -9.804668  -9.441124  -9.997286  -9.31625   -9.252102  -9.504518
  -9.267588  -8.586842 -10.01979   -9.786108  -9.521338  -9.374424
  -9.489786  -9.709084  -9.41514   -9.59233   -9.411834  -9.078276
  -9.741738  -9.4395    -9.796838  -9.606946  -9.602538  -9.403772
  -9.944854  -8.890994  -9.862262  -9.934878  -9.620982  -9.182212
  -8.894184  -9.225306  -9.787732 -10.168096  -8.058114  -7.316758
  -6.396182  -7.82768   -9.719292  -9.667962  -9.497036  -9.200656
  -9.56797   -9.257032  -8.364354 -10.111546  -9.644646  -7.864452
  -9.85652   -8.317142  -6.798644  -6.071498  -6.271134  -7.406078
  -6.245846  -8.252356  -8.34156   -8.192036  -9.090804  -9.708794
  -9.870266 -10.107892 -10.162644  -9.772594 -10.218556 -10.15406
 -10.428052  -9.067024  -8.174636  -7.863234  -8.781026  -7.300518
  -9.830768  -9.029382 -10.872448  -7.67079   -6.475816 -10.074194
  -8.832008  -8.616132  -9.365492  -8.178348  -8.657254  -7.532286
  -8.990464  -8.302236  -9.485436  -9.160868  -8.624948  -7.917232
  -8.84877   -9.109538 -10.014628  -9.13152   -7.910968  -8.405418
  -7.845312  -8.150218  -8.834212  -8.665374  -8.28617   -7.215432
  -7.507288  -7.609194  -7.818284  -7.717248  -6.669246  -7.846356
  -7.21346   -7.8996    -8.583826  -8.280138  -8.122262  -8.644668
  -7.737838  -7.086498  -8.227416  -7.277782  -8.789958  -7.918798
  -9.456494  -9.226872  -9.027816  -8.716008  -8.260244  -9.090224
  -9.112438  -9.279942 -10.599268  -9.858608  -7.534142  -6.7976
  -6.22543   -7.05048   -9.087556  -9.162028  -9.490192  -8.583536
  -8.951952  -9.172932  -9.45284   -9.92989   -9.798346  -9.120036
  -8.690778 -10.0949    -9.980872  -9.79823   -9.841208  -9.891088
  -9.734372  -9.61031   -8.922372  -9.548656 -10.014164 -10.053314
  -9.96933   -9.823982  -9.342002  -9.960514  -9.775958  -9.865046
  -9.365202  -9.390896  -9.914056 -10.010104  -9.629914  -9.856694
 -10.015034 -10.17262  -10.27006   -9.34902   -9.943172  -9.288004
  -9.251986 -10.20104  -10.060158  -9.275708  -9.031934  -9.290672
  -9.513276  -9.348614  -9.690524  -9.907328 -10.569514  -8.44683
  -9.965328  -9.739882  -9.460322 -10.045136  -9.033036 -10.610752
  -9.926178 -10.060332  -9.356328  -9.133898  -9.728224 -10.139618
 -10.360946 -10.253878 -10.24309   -9.771782  -9.60886  -10.101628
  -9.64366   -9.889174  -9.137262  -8.385756  -9.263702  -9.453652
  -8.45611   -8.203404  -7.806568  -7.76591   -8.955722  -8.515328
  -8.332164  -8.050748  -6.008974  -5.974116  -7.425624  -8.219586
  -8.691532  -5.947436  -5.819314  -7.090558  -8.890414  -8.11391
  -8.101556  -8.567992  -9.797418 -10.051922]"
1267,"[ -8.459648  -9.867134  -8.364238  -9.689886  -8.357336  -9.22287
  -8.63243   -8.994408  -8.845638  -8.588756  -9.352616  -8.082706
  -8.830326  -9.15617   -8.470958  -8.98826   -9.09121   -9.009024
  -9.412936  -9.974086  -8.670304  -8.774472  -8.70058   -8.561496
  -8.43755   -9.33075   -8.846798  -8.602096  -9.317352  -9.00856
  -9.053916  -8.957752  -8.68724   -9.893988  -8.7812    -8.990812
  -9.109944  -8.972948  -9.170032  -9.712332  -9.671326  -8.44161
  -8.46307   -9.228844  -9.72863   -8.454602  -8.165994  -9.941432
 -10.085968  -9.241836  -8.0678  ]"
1268,"[-10.694678  -9.168872  -8.441552 -11.108624  -9.843992  -9.718306
  -9.795214  -8.988956  -8.716878 -10.078138 -10.394296 -10.674088
 -10.680062 -10.935088 -11.09366  -10.441624 -10.64155  -10.368138
 -10.803254 -10.817638 -10.825642  -9.281856 -10.01341  -10.632212
  -9.046086  -8.401822  -6.93999 ]"
1269,"[-10.250282  -9.442922 -10.341284 -10.856034 -10.335194  -9.454348
  -9.979248 -10.674552 -10.671246 -10.36547   -8.909902 -10.428632
 -10.236478 -10.637954 -10.36721  -10.91154   -9.705546  -9.550048
  -9.937662 -10.371096 -10.201736  -9.516756 -10.222848 -10.335832
 -10.285372 -10.088114 -10.220586 -10.96548  -10.519228 -10.317736
 -10.581636  -7.772406  -7.572422 -10.11984   -8.346258  -9.897178
  -7.914448  -8.220746  -6.387656  -7.314728  -6.781012  -9.209878
  -9.591344  -9.902224  -7.413908  -7.150008  -7.88075   -7.205862
  -9.176934 -11.464164 -10.52555  -10.712426 -11.704052 -10.800934
  -9.762618 -10.10679   -8.635156 -10.027388  -7.23521   -6.348796
  -7.492788  -9.262948  -8.872144  -7.57799   -8.497754  -7.936894
 -10.424746  -9.307202 -10.072396 -11.281116 -10.253472  -9.889986
  -8.267436 -10.013932  -9.226176  -9.63873  -10.983228  -9.424942
  -9.52244   -9.842542  -9.900194  -8.972252 -10.65953   -8.79657
  -8.733872 -10.05546  -10.930738  -8.424558 -10.04705   -8.885136
  -9.012098 -10.103948  -9.558052  -9.811744  -9.419838  -9.687334
  -9.664366  -8.904682 -10.597412 -10.743282  -8.904914 -10.05401
  -9.111278  -9.085178 -10.294826  -8.965466 -10.118738  -9.249318
 -10.16624  -10.22308  -10.376606  -8.564976  -8.000404  -9.247752
 -10.039452  -9.060934  -9.23099   -9.711404  -9.8136    -8.932754
  -9.308072  -8.75858  -10.179986  -8.9233    -9.836278  -9.688668
  -9.346062  -9.593026  -9.459046  -9.11876  -10.946456  -8.775342
 -10.661212  -9.683622  -9.295718  -9.470878  -9.559096  -8.923068
  -9.76691   -9.307608  -9.628986  -9.24955   -9.172468 -10.364136
 -10.00384   -9.242416  -9.13703   -9.241836  -9.402148  -9.046202
 -10.080806  -9.369784  -9.79649   -9.406324  -9.556602  -9.334752
  -9.35743  -10.84803   -9.64801   -8.374562  -8.49033   -9.574756
  -9.02625   -8.891632  -8.38187  -11.564388 -11.257858  -9.910344
  -9.952336  -9.546858 -10.012888 -10.705814  -7.508506  -7.581702
  -8.384596  -8.32358   -8.613058  -7.169728  -5.713928  -6.303556
  -8.803762  -9.508288  -8.94099   -9.094748  -9.464962  -9.582818
 -10.485704 -10.44928   -9.407832  -9.753396 -10.373068  -9.966372
 -10.17262   -8.620076  -9.137378 -10.07924   -7.471386  -7.686392
  -7.123386  -7.114222  -8.841346  -9.40586   -8.824758 -10.88225
 -10.003492 -10.036436 -10.633546 -11.468572 -10.574734 -11.23518
 -10.397196 -11.033282 -11.087976 -11.62262  -11.345728 -11.153632
 -11.76965   -9.491932 -10.208058  -9.35453   -8.232462  -9.590996
  -8.594614  -9.762792  -9.239864 -10.584014 -10.75581  -10.34517
 -10.749256 -10.518532 -10.556696 -11.10816  -10.546778  -7.894728
  -8.899404  -9.15907   -8.736714  -9.201526  -9.782744  -9.401278
  -8.444974 -10.503394 -10.041772  -9.369378  -9.425986  -9.071084
  -9.167306  -9.417112  -8.8914    -9.449244  -9.220724  -9.130302
  -8.638578  -9.629044  -7.582224  -9.239052  -8.934204  -8.88792
  -8.575184  -9.24868  -10.070482  -9.05496   -9.30494   -7.297502]"
1270,"[ -9.410094  -9.400756  -9.780598  -9.838946  -8.876784  -9.439442
 -10.183118  -8.537426  -9.767664  -9.244968  -9.759254  -9.467862
  -9.63844   -9.506142  -9.469138  -9.360272  -9.570232  -9.71007
  -9.69354   -9.620112  -9.459974  -9.570754 -10.111894  -9.467282
  -9.9151    -8.024242  -8.647394  -9.265558  -9.685884 -10.940482
  -9.800028 -10.85876   -9.528472  -8.915702  -9.580672 -10.707322
 -10.810272  -9.135464  -7.018696  -7.298836  -7.656464  -9.078218
  -6.277862]"
1271,"[-7.895482 -7.253828 -9.60103  -7.873326 -7.943042 -8.468406 -9.215968
 -9.522962 -9.159882 -9.664308 -7.497544 -7.712666 -9.133724 -8.517358
 -6.980996 -7.800942 -8.278978 -9.408818 -8.392658 -9.035588 -8.69362
 -8.522868 -7.76997  -8.463418 -7.798854 -7.643878]"
1272,"[ -9.502546 -10.331018 -10.18857  -10.746588  -9.926758 -10.762132
  -9.86145   -9.070736  -9.880242  -7.882084  -7.810686  -9.174962
  -7.975638  -7.605192  -8.625644  -8.48888   -8.450078  -7.524224
  -7.596724  -8.966626  -9.46212  -10.552056 -10.125002 -10.211712
  -8.110894  -9.062268  -9.339798  -9.079726  -9.627362  -9.771492
  -8.804516  -8.42537   -8.68463   -9.38324  -10.657558  -9.601146
  -8.255546  -8.284024  -9.8919    -9.449012  -9.4685    -8.924576
  -9.929078  -9.70485  -10.28775   -9.033268 -10.182654 -10.15406
  -8.845638  -8.078298  -9.017028  -7.963748  -8.308268  -8.628138
  -8.782302  -8.317664  -7.880112  -9.75096   -8.939076  -7.028266]"
1273,"[-9.37077  -8.723258 -6.9948   -7.017536 -7.052916 -9.486074 -9.399596
 -8.771746 -6.52239  -6.638274 -6.959188]"
1274,"[-9.69093  -9.334288 -9.506432 -8.834154 -8.93316  -8.624136 -7.48113
 -5.868672]"
1275,"[ -5.373294  -7.312814 -10.330438 -10.472944 -10.666084 -10.43855
  -9.357372  -8.846044 -10.680584  -8.559698  -8.563758  -8.572516
  -8.42856   -8.104978  -8.472408  -6.753462  -8.29371   -8.10956
  -8.129918  -8.228982  -7.977726  -9.132274  -6.768716]"
1276,"[ -9.959238  -9.694874 -10.079704 -10.11665  -10.433852 -10.687022
 -10.592192 -10.35532  -10.190368 -10.778778 -10.394644 -10.209972
  -8.612768  -6.153684  -8.055678  -7.370292]"
1277,"[-10.626006  -9.838656 -10.094726 -10.066306 -10.16682  -10.409434
 -10.773442 -10.035682  -9.921712 -10.14913  -10.488314 -10.559712
 -10.569572  -9.880996 -10.65373  -10.262694 -10.439304  -9.752526
  -9.71297   -9.094284  -9.845674 -10.581984  -9.876762  -9.618314
  -9.3554    -9.688958  -9.81969   -8.953228 -10.474394  -8.42073
 -10.479034  -9.113134  -9.008038 -10.017818 -10.477526 -11.958208
 -10.543182 -11.192086 -10.667592 -10.622584 -11.162042 -10.34546
 -10.277542 -10.457342 -10.20278  -10.19089  -10.327364  -9.742318
 -10.475554 -10.1326    -8.81803   -6.179088  -6.93593   -6.068018]"
1278,"[-11.009618 -10.607504 -10.961362 -11.196436 -10.447888  -9.91046
 -10.919428  -9.351746 -10.827846 -11.079624 -11.164652 -10.765612
 -10.773906 -10.28514  -10.77031  -10.997032 -10.729478 -11.181182
 -11.062456 -10.792872 -11.03856  -11.4144   -10.476192 -11.18704
 -10.252776 -10.485994 -10.469464 -11.092558 -10.96229  -11.469094
 -11.200206 -10.139154 -11.149398 -10.469348 -10.242452  -8.937162
  -9.812962  -9.40586  -10.130686  -9.582644 -10.589118  -9.870672
 -10.14942   -9.705488 -10.366688  -9.689538  -6.858268  -5.235892]"
1279,"[ -9.172468 -10.355378  -8.894184 -10.514704  -7.988862  -7.32221
  -7.907024  -7.573292  -8.833168 -10.284792  -8.44828   -9.633452
 -10.485472  -9.50359   -9.579628  -9.823924  -9.29131   -9.03437
  -8.886702  -9.031586  -8.35461   -9.00218   -9.081118  -8.20874
  -9.47836   -8.911526  -9.868874 -10.291984  -8.861182  -9.443966
 -10.597644  -9.6164    -9.084714  -8.597108  -8.533888  -9.254422
  -9.321876  -8.74582   -9.559734  -9.131868  -9.278086  -8.952764
  -9.382834  -9.321528  -9.076478  -9.034892  -9.396696  -9.06482
  -8.849698  -8.972484  -9.338928  -9.16893   -9.073172  -9.094052
  -9.361606  -9.39745   -9.280696  -9.340494  -9.372858  -9.083032
  -9.516756  -8.905668  -9.466876  -8.847378  -7.948378  -8.771166
  -8.093262  -7.654956  -6.425298]"
1280,"[-11.317482 -11.175962 -10.730638 -11.001208 -11.892146 -11.85984
 -11.9654   -11.203164 -10.16421  -11.34886  -11.905312 -10.271858
 -10.431532 -10.66968  -10.646248  -9.851532 -10.256372 -10.614522
 -10.123958  -9.42355   -8.829108  -9.773348  -9.827172 -11.052074
 -10.64155  -10.57311  -11.334534 -11.102766 -10.227604 -10.65344
 -10.437448 -10.855454 -11.251478 -10.727622 -10.786492 -11.008052
 -11.094936 -11.044012 -10.505018 -10.947326 -10.289896 -10.587262
 -10.182132 -11.388532 -11.181994 -11.254088 -11.407614 -11.697556
 -11.639382 -11.02609  -11.43209  -10.31617  -10.63256   -7.517612
  -8.563236]"
1281,"[ -9.455798 -11.158852 -10.504902 -11.866742 -10.45247   -8.605286
  -8.892734 -10.799426 -10.76364  -11.412892 -11.113844 -10.180102
 -10.881438 -10.875    -10.434142 -10.330902 -11.390678 -10.318606
 -11.406802 -11.344336 -11.822198 -10.739222 -11.68787  -11.593794
 -11.842846 -10.99216  -11.461148 -10.974702 -10.683948 -11.513522
 -10.79409  -11.479592 -11.394854 -11.616414  -9.466644  -9.471806
  -8.974456  -8.93838   -9.287946 -10.043396 -11.27897   -9.287482
  -8.57008   -9.346526  -7.703038  -7.88713   -6.94956   -7.129244
  -7.477592  -8.857528  -8.637128  -8.258098  -8.572748  -8.715602
 -10.246918  -9.234064 -10.247266  -9.15385   -8.506802  -9.310276
  -9.254828  -8.46336   -9.318106  -8.75742   -8.29661   -9.46386
  -9.35076   -9.33945   -9.436078  -9.040402  -8.648206  -8.45408
  -7.628798  -8.928752  -9.28638   -8.578954  -7.706228  -8.798194
  -8.385466  -8.91953   -8.384654  -9.202338 -10.262868 -10.229866
 -10.640506 -10.637664 -10.730348 -10.596948 -10.69375  -10.61516
 -10.27789  -10.568006  -8.812868  -9.459162  -7.83928  -10.982706
  -9.998156 -10.642188  -9.867192 -10.602052 -10.93126  -10.902376
 -10.378056 -10.437564  -9.989862 -10.434606 -10.341284 -10.69897
 -10.013584  -9.919508 -10.02878  -10.470102 -10.145592 -10.033188
 -10.406998  -9.88117   -9.984468 -10.437622  -9.972752  -9.894278
  -8.855556 -10.188628 -10.48785  -10.666664 -10.960956 -10.261708
 -10.11955   -8.329496  -9.901934 -10.78278   -6.489156]"
1282,"[ -8.967612  -9.512754  -7.938344  -9.10078   -7.129244  -7.531822
 -10.150348  -9.647662 -10.35851   -9.650794  -9.822764  -7.195306
  -8.745704  -8.364412  -9.06917   -7.102274  -8.513646  -7.937938
  -8.777604  -7.210154  -8.417076  -6.50035   -6.706888  -7.891248
  -8.760204  -7.830638  -5.911418]"
1283,"[ -9.232556  -7.835162  -9.842658  -9.817544 -10.312168  -9.796896
 -10.570964  -9.96759   -9.974898  -9.246534  -9.795098  -9.87769
 -10.88718  -10.115896 -10.338964  -7.863002  -8.115012  -7.783078
  -6.621396  -8.693388  -9.458698  -8.795932  -9.118238  -9.544712
  -9.01581   -7.957658  -9.157736  -8.85921   -9.492048  -7.720496
  -9.909764  -8.1693    -8.999628 -10.71608  -10.313966  -9.203324
  -8.295508  -7.104014  -8.610216  -9.875022  -9.941432  -8.8885
  -9.177572  -9.735706  -9.00102   -9.898686  -9.454058  -8.702958
  -9.327618  -9.334636  -9.207616  -8.936292  -9.302156  -9.768998
  -8.507904 -10.134224  -8.8015    -9.319266  -9.470472  -8.844652
  -8.89894  -10.083242  -9.543842  -8.774414  -9.540768  -9.608454
  -9.012736  -8.455588  -8.96796   -8.78613   -7.99124   -8.037814
  -7.792474  -8.158106  -8.294     -8.110256  -7.051582  -6.99538
  -8.347534  -8.664562  -8.875508  -9.814818  -8.65041   -9.047014
  -9.10078   -8.71073   -9.699572  -9.098112  -9.11151   -8.89459
  -8.616132  -9.442168  -8.747792  -8.605344  -8.753882  -8.782128
  -8.705336  -8.103412  -8.547634  -8.998236  -9.40818   -8.89575
  -8.704234  -8.726738  -9.328546  -8.869766  -8.66056   -9.273794
  -8.781026  -8.56051   -9.158026  -9.400408  -8.41783   -8.03996
  -9.948334  -8.564222  -8.794888 -10.611158 -10.447018 -10.816768
  -9.368972 -10.628558 -10.364426 -10.853366  -9.541348 -10.352768
  -9.972984 -10.31617   -8.919994  -9.705836  -6.948516  -8.48743
  -9.64337   -9.995836 -10.208174  -9.866786  -9.638672 -10.682614
 -10.90516  -10.040438 -11.091746  -8.795294  -8.780098  -8.700058
  -8.35606   -9.807684  -9.929948  -9.615704  -8.600994  -8.618626
  -6.79122   -5.821576  -5.72286   -6.989522  -9.065226  -9.518496
  -9.061108  -8.046166  -7.100476  -8.78323   -8.881134  -8.712876
  -9.657406  -8.464694  -9.333998  -7.691728  -8.785086  -8.440624
  -8.073252  -8.607664  -8.535048  -8.510398  -9.194334  -7.711448
  -7.591852  -7.557168  -8.643914  -8.670536  -9.056468  -9.717204
  -9.231222  -8.251776  -8.605112  -7.848386  -8.031318  -8.873072
 -10.423412  -8.74147   -8.53731   -8.949748  -9.26405   -9.58479
  -9.316076  -9.007284  -9.521048  -9.219448  -9.252334  -9.032108
  -9.60915   -9.064994  -9.621156  -8.981068 -10.481412 -10.328582
 -10.420744 -10.665388  -8.911526  -9.618488  -9.526036  -9.151472
  -8.995046  -8.419164 -10.18074  -10.733074  -8.908974  -8.965756
  -8.906306  -8.57965   -7.501082  -8.341386  -9.174904  -9.05612
  -8.573444  -8.800862  -8.817392  -9.17589   -9.079668  -9.177978
  -8.034914  -8.630052  -8.933334  -8.534062  -7.61714   -8.993248
  -9.240792  -9.337768  -9.058034  -8.963262  -9.150196  -8.772268
  -9.194856  -7.426842  -8.2853    -8.8247    -7.894902  -7.343554
  -8.049066  -8.451354  -8.295624  -8.04431   -8.049472  -7.824432
  -9.11325   -9.433932  -7.922858  -6.781418]"
1284,"[-11.37844  -10.01747  -11.07887   -9.887028 -10.446206  -9.619938
  -9.405222  -9.147702 -10.55397  -10.677858  -9.24926   -9.325008
  -9.032166  -9.347628 -10.064508 -10.923778  -9.189984 -11.370494
  -9.41717   -9.783092 -10.845768 -10.460242 -10.749256  -9.55115
  -9.495818  -9.652302 -10.740614 -10.397776 -10.53425  -11.002078
 -10.833646 -10.672174 -11.043142  -9.754962  -9.45835  -11.51532
  -9.532416  -9.284408  -9.879198 -11.008168  -9.723758 -10.915774
  -8.26703   -6.799862  -5.968954  -7.372264  -9.4047    -9.562518
  -9.524992  -8.22498   -9.357836  -8.93316   -9.74951   -7.511464
  -9.482536  -6.41248 ]"
1285,"[ -7.832146  -7.164218  -5.923598  -5.94094   -6.917776  -8.989826
  -8.35258   -9.5874   -11.808162  -8.87284   -7.015796  -6.073818
  -7.139394  -8.27631   -8.277586  -8.184322  -5.296792]"
1286,"[ -8.892502  -9.682578  -9.905994  -9.221478  -9.918986 -10.02298
  -9.91162   -9.353428  -8.875218  -8.230142  -8.264188  -8.78033
  -9.428538  -8.777836  -9.543378  -9.51896   -9.144512  -9.424072
  -9.144628  -8.99232   -9.44298   -8.72436   -8.874986  -9.090804
  -8.937046  -9.877458 -10.142692  -9.354356  -9.201642  -9.279188
  -9.729094  -9.50533   -9.839526  -8.980894  -9.475112  -9.2829
  -8.734974  -8.743326  -7.480376  -9.007168  -9.367232 -11.098358
 -10.660226  -9.365202  -8.676162  -9.860116  -9.755252 -10.390642
 -10.96954   -9.570116  -9.62336   -9.3931   -10.869316 -10.964204
 -11.272242 -10.776516 -11.219752 -11.183618 -11.062862 -11.150906
 -11.114192  -9.104898 -11.03682  -11.189418 -11.321194 -10.612376
 -10.46813  -11.184488 -11.205252 -11.086178 -11.323224 -11.289178
 -11.769476 -11.304142 -10.507454 -11.294398 -10.662256 -10.684528
 -11.514508 -11.14412  -10.96983  -11.07162  -11.29463  -10.935784
 -10.880974 -11.21488  -11.127184 -11.192666 -10.609186 -10.502698
 -11.239008 -10.822626 -11.07858  -10.926852 -10.828948 -11.465208
 -10.93416  -11.14702  -11.271314 -10.902956 -11.320788 -11.24533
 -11.249854 -11.046622  -9.912374 -11.516886 -10.842694 -11.186576
 -11.317424 -10.35329   -8.64664  -10.428284  -9.902572 -10.197328
 -11.384994 -10.756274 -10.29268  -10.355204  -9.57957  -10.6256
 -11.405816 -11.059208 -11.076956 -10.764278 -11.231178 -10.987984
 -11.016984 -10.630124 -10.84658  -11.242256 -10.317562 -10.74363
 -10.908118 -10.098032 -11.21604  -11.15079   -9.114236  -8.638926
  -9.302156  -9.82694   -9.991718 -10.291868  -9.849154  -8.140648
  -7.30626   -8.483486  -8.260534  -9.658682  -9.670398  -8.004696
  -9.950248  -8.698608  -9.212778  -8.408608  -9.081814  -8.118202
  -8.469218  -9.74255   -9.97542   -9.654158  -9.32959   -9.288642
  -9.499936  -9.995198  -9.224784  -9.680084  -8.709338  -8.643218
  -8.43175   -6.942542  -7.403758  -6.316316  -6.92578   -9.451332
  -9.22838   -9.388228  -8.814608  -9.009604  -9.695048  -8.722388
  -9.133608  -9.52882   -9.027236  -9.24868   -8.147956  -7.167814
  -6.47889   -9.760704  -9.277158  -8.798658  -9.49083   -8.624484
  -9.050784  -8.546532 -10.145592 -11.467934 -11.635496 -11.274098
 -11.44485  -11.446996 -10.568992 -12.466114 -11.122428 -10.642826
  -8.949748 -12.24815   -9.583862  -9.100316  -8.904102  -9.511594
  -8.32793   -8.109676  -9.346932  -8.744312  -8.084098  -8.668448
 -11.863958 -11.96946  -11.1186   -11.844586 -11.57564  -11.893886
  -8.477628  -5.267792]"
1287,"[ -9.178616  -9.316714  -9.739418 -10.028258  -9.207094  -8.26123
  -8.195342  -7.42429   -9.996532 -10.211538  -9.78344   -9.08425
 -10.215424 -10.42521  -10.07982   -9.836916 -10.170706  -9.922524
  -8.752432  -9.682462  -9.477896  -8.971962  -9.42529   -8.357394
  -9.115744  -8.720416  -8.345968  -8.408434  -8.912628  -9.850546
 -10.856498 -10.262752 -10.617886 -10.679598  -9.68426   -8.626978
  -8.305368  -8.988666  -8.665258 -10.243206  -9.491642  -9.317584
  -8.862806  -8.472814  -8.592526  -9.51838   -8.098192  -9.96788
  -9.19909   -8.378912  -9.823518 -10.00935  -10.089448 -11.328328
 -10.261534  -9.162318  -8.293014  -8.35287   -8.687124  -9.401568
  -9.914114  -9.752178 -10.299988 -10.237    -10.20742   -9.587342
  -9.982148 -10.124364  -9.820792  -9.216838 -10.130628 -10.370632
 -10.339486 -10.080458 -10.293202 -10.476134 -10.15754  -10.270988
 -10.33705   -8.958622  -9.616226  -7.643472  -8.045934  -9.524586
  -7.525384  -8.800398  -8.80904   -9.889638  -7.783774  -8.030506
  -9.460206  -8.675466  -7.770492  -8.130092  -8.741122  -8.59908
  -7.227438  -9.047072  -8.720416  -9.111336  -9.116208  -8.688284
  -9.467514  -8.12232   -9.115164  -8.89807   -7.59655   -8.782244
  -8.797208 -10.056214  -8.927708  -7.90511   -8.653368  -9.071606
  -8.491026  -8.960014  -9.43515   -8.994234  -9.193058  -7.797636
  -8.359192  -8.66694   -8.380362  -9.323674  -7.744334  -9.02364
  -9.694816  -9.230526  -9.738722  -8.523564  -8.991392  -9.024046
  -7.840556  -9.867192  -6.726956  -5.996852  -6.487126  -9.536824
  -9.823286  -8.196154 -11.147194  -9.492686  -8.774472  -9.976812
  -9.67962   -8.396602 -10.13695   -6.462766]"
1288,"[-10.407578 -10.369472  -9.363462  -9.897236  -8.821162  -9.867482
 -10.358278 -10.603618 -10.179928 -10.058186  -9.425522 -10.321622
  -9.92496  -10.607214  -9.915274  -9.336898  -8.749938  -8.884904
  -8.226082  -8.216106  -9.307956 -10.36895  -10.959622 -10.201678
  -9.65816  -10.403982  -9.27739  -10.520736  -9.621446  -8.077544
  -7.38659  -10.509658  -8.73886   -6.156758]"
1289,"[ -8.403098  -9.064356  -8.958216  -9.264862  -9.408818  -9.229656
  -9.186794 -10.101686 -11.177354 -11.025742 -10.975804 -10.668404
 -11.513348 -11.145918  -9.347454  -9.265732  -7.966126  -9.009256
  -9.772246  -7.967634  -6.55255   -8.851496  -7.630132  -7.68674
  -8.54659   -7.683318  -8.684456  -9.340378  -8.242032  -8.67506
  -8.915528  -9.333708  -9.037792  -9.164464  -9.036226  -9.456204
  -8.302062  -8.71972   -8.718676  -9.18807   -8.696114  -9.081872
  -8.014092  -8.514052  -9.014708  -9.438572  -7.810744  -8.860254
  -7.385372  -8.840534  -8.525884  -9.178674  -8.506338  -9.245026
  -9.41862   -8.881424  -8.976312  -9.173628  -9.165218  -9.061688
  -8.865416  -8.650468  -8.640666  -9.462178  -7.871818  -9.808322
  -9.250304 -10.20945  -11.34712  -11.191274 -11.29898  -10.285778
 -10.260432 -10.3182    -9.61263   -8.87487  -10.63923   -9.919102
 -10.338616  -9.120442  -9.758558 -10.012076  -9.204252  -9.097706
  -8.970454  -8.569442  -9.363578  -9.116034  -8.8392    -8.085258
  -8.581912  -9.182908  -8.738918  -8.396834  -9.158896  -8.314996
  -9.369668  -8.810548  -8.902362  -8.338196  -9.705256  -7.57248
  -8.282632  -8.552912  -8.693794  -8.052546  -6.926998  -8.005914
  -7.899484  -7.053612  -6.942658  -8.316446  -9.38498   -8.472756
  -9.343684  -8.735844  -9.813948  -9.436774  -8.959956  -8.669724
  -8.641362  -8.165124  -8.944296  -7.89119   -7.714     -6.17787
  -7.826346 -11.375366 -11.284596 -10.718922 -11.914534 -10.693808
  -9.458002  -9.845326 -12.597426 -10.535294 -10.6952   -12.131048
 -10.886948 -10.611564  -8.573212  -7.838236  -7.840556  -9.915564
 -10.195472 -10.990072 -11.911228  -9.2307   -10.025648 -10.158584
  -8.728304 -10.630472  -8.948878 -11.11135  -10.795366 -10.020834
 -11.493744  -9.49402   -9.860464 -10.30428  -10.998946 -10.662778
 -10.925402 -10.366456 -10.71057  -11.505112 -11.835074 -11.267022
 -11.455348 -11.460626 -10.456066 -10.245526 -10.02472  -10.351956
  -9.51084   -9.363462  -9.877516  -9.012794  -9.972346  -9.636062
  -9.880068  -9.717784  -7.91961   -6.68131   -7.497892  -7.266878
  -8.317838  -9.426682  -9.144454  -9.602712 -11.029918 -10.612318
 -10.977718 -10.011612 -10.802558 -10.277832  -6.385568]"
1290,"[ -8.400198  -8.731842  -8.444104  -8.693272  -8.559408  -8.292956
  -8.587944  -8.407448  -8.01241   -8.452398  -8.854744  -8.176434
  -8.03097   -8.637244  -8.99319   -8.887978  -8.230316  -9.282842
  -8.47206   -7.951394  -8.26964   -7.833422  -8.893024  -8.918776
  -9.295834  -9.18372  -10.029012  -9.579918  -9.461482  -8.572516
  -7.500734  -8.262042  -8.838098  -6.942542  -5.32295   -5.5448  ]"
1291,"[ -8.61677   -8.573618  -8.7435    -8.652614  -7.740738  -8.201258
  -8.075978  -9.064472  -8.936466  -8.567354  -9.561242  -8.946326
  -9.02654   -8.257112  -9.869976  -7.324588  -7.055874  -8.080328
  -9.057164  -9.63351  -10.682382  -9.526906  -9.841556 -10.412972
 -10.450324 -10.006624 -10.328756  -9.894046  -8.867562  -9.234876
  -9.783788  -7.11805   -5.842746  -7.718756  -7.62265   -6.960638
  -8.925794  -8.681788  -9.323036  -8.729638  -9.448258  -9.250942
  -9.40064   -7.503866  -9.395304  -9.287424  -9.862436  -9.997808
  -9.918     -9.920204  -8.819422  -8.324334  -8.420324  -8.109502
  -7.80129   -9.457422  -6.481152  -7.20418   -9.446634  -9.19184
  -8.96883   -6.834604  -7.111786  -8.218136  -8.237856  -8.70928
  -8.145346  -8.090188  -7.259918  -7.471676  -9.263934  -8.076964
  -8.771804  -8.328684 -10.134514  -9.926874  -7.287642  -7.515988
  -7.705416  -8.170344 -11.02841   -8.343764  -8.74814   -8.275208
  -8.151726  -7.992168  -9.463338  -8.49091   -9.6077    -8.874058
  -9.15994   -8.39115   -9.834712  -8.216048  -7.554152  -5.973072
  -6.346186 -10.023908  -9.519366  -9.144512 -10.830746 -10.137182
  -9.413632  -9.552426 -10.390178  -8.11913   -8.531278  -9.137088
  -8.28501   -9.943404  -7.640978  -7.731284  -8.285648  -8.833864
  -9.89509   -7.796244  -9.16661   -8.245338  -9.495644  -7.560938]"
1292,"[ -8.41493   -8.09071   -7.919842  -8.704002  -8.969352  -7.766664
  -8.431228  -8.662996  -8.3143    -8.826672  -7.906792  -8.955084
  -8.107646  -8.256068  -8.052952  -8.378622  -9.610948  -7.968504
  -8.465564  -9.122762  -7.96659   -8.920052  -8.721228  -8.12319
  -7.834756  -9.44936   -9.660538 -11.085714 -10.00297   -9.933138
 -11.213024  -9.557008  -9.441762 -10.015382  -9.969214 -10.688066
  -9.721612  -8.992146  -9.119572  -7.908126  -9.073984  -9.139466
  -8.761422  -9.070446 -10.04299  -10.091826 -10.123494 -10.197734
  -9.383646  -9.436948 -10.475612 -10.341922 -11.458248 -10.99854
  -8.028534  -7.996692  -9.953844  -8.666592  -9.907618 -12.087084
  -9.701718  -9.26724   -8.554304  -6.45801   -5.851156]"
1293,"[ -9.951408 -10.482688 -10.395282 -10.128772 -10.403112 -10.47161
  -9.925134 -10.010916  -9.385734  -9.479926  -8.883512  -9.28957
  -9.308362  -6.381624  -6.983026  -7.547772  -7.150066  -9.124676
  -8.81803  -10.50612  -11.331924 -11.023712 -10.692822  -9.47981
 -10.313212 -11.030266 -11.249042 -10.750764 -12.254182 -11.243126
 -10.635112 -10.518068 -11.243068 -11.973404 -10.881728 -10.919428
 -11.672036  -9.38788  -10.196516 -11.647038 -11.555978 -11.40454
 -11.343002 -11.670876 -10.999526 -10.590336 -10.65837  -11.010894
 -10.830166 -10.364484 -11.10091   -9.931572  -8.953576  -7.980046
  -7.915144  -8.677206  -9.343626  -9.7991   -10.760914 -11.513
 -10.289026 -11.136116 -11.70759  -11.72847  -10.949356 -11.490206
 -11.295442 -11.780264 -11.269226 -11.2752   -11.395724 -10.418424
 -11.671456 -11.790182 -10.85818  -10.97708  -11.9451   -10.87848
 -12.301916 -10.874884  -9.375642  -7.898498  -9.208312  -9.070736
  -9.600102  -8.798252  -8.916978  -9.423492  -9.233832  -8.519794
  -9.952336  -8.960362  -8.641188  -8.50019   -8.071396  -7.695904
  -9.139234  -9.022306  -8.396892  -9.517742  -8.692576  -9.421056
  -9.320368  -8.626224  -9.200366  -8.224806  -8.193718  -8.037698
  -8.739092]"
1294,"[ -9.00363   -9.459336  -9.007342  -9.39861   -9.1582    -9.701834
  -8.331642  -9.440486  -8.877944  -9.296472  -8.960768  -9.407136
  -9.101824  -9.319382  -9.597898  -9.020334  -9.472444  -8.935248
  -9.258308  -8.931188  -9.118296  -9.184938  -9.412414  -9.05525
 -10.078196  -9.592156  -9.287424  -9.073694  -8.42102   -8.99493
  -8.31488   -8.03967   -9.06221   -7.627754  -7.953772  -8.438594
  -8.932058  -9.105768  -8.799006  -9.08106  -11.004688 -10.243612
 -10.732146 -10.182306 -11.168016 -10.789044 -11.220274 -10.89646
 -10.274062  -9.625854 -10.035218 -10.284676 -11.215866 -11.461322
 -11.14383  -11.032122 -10.946514 -11.11164  -11.069706 -11.478664
 -11.113206 -10.399342  -9.972346 -10.518474 -10.341922  -7.887188
  -7.342684  -7.217462  -5.081612]"
1295,"[ -8.433258  -8.25137   -8.055214  -8.155032  -8.508658  -9.272228
  -8.650874  -8.008698  -8.638404  -8.693678  -8.34794   -8.231418
  -8.732712  -8.348868  -8.71682   -8.117738  -8.42827   -8.274628
  -8.189948  -8.477338  -8.198126  -8.177768  -8.469566  -8.183626
  -9.297342  -8.585682  -8.34388   -8.345504  -8.735844  -8.38013
  -8.45669   -8.294928  -8.83079   -8.361512  -8.60604   -8.349796
  -8.308152  -8.400488  -8.437956  -8.359308  -8.840128  -8.251196
  -8.355074  -8.261984  -6.650048  -7.990312  -7.927846  -7.716378
  -8.680744  -8.427052  -8.24383   -9.350412 -10.75784  -11.20038
 -10.945238 -11.0142   -11.521004 -11.222362 -11.352804 -11.661596
 -10.576764  -7.60902   -6.54501   -7.2181    -9.517046  -8.390396
  -7.888348  -8.920052  -8.233854  -7.684304  -8.699826  -9.029904
  -9.684724  -8.510398  -8.59531   -7.995822  -8.61126   -7.461642
  -8.355596  -9.117658  -9.101302  -8.752548  -8.961058  -8.513762
  -8.873072  -8.359656  -8.756086  -8.455994  -7.971114  -7.96978
  -8.269582  -8.447004 -11.203744  -9.948044  -9.687972  -7.997852
  -9.557472 -10.36924  -10.643    -10.28891  -10.041772 -10.352188
 -10.360424  -7.831392  -6.771152  -6.656312  -8.212278  -5.868208
  -6.14684   -8.954736  -8.931594  -8.488764  -8.690778  -7.267748
  -7.34367   -5.74867   -5.923888  -8.136356  -8.893894 -10.11781
 -13.151848 -13.1109   -13.634292 -13.107304 -12.458574 -13.102664
 -13.51951  -12.58368  -13.038168 -13.07291  -11.952002 -10.629718
  -9.159302  -9.087498 -10.198778 -10.07547   -9.700326  -9.965792
  -9.807626  -9.468558  -9.564026 -10.389714 -10.787014 -11.379832
 -10.238798 -10.808996  -9.544016  -9.98818  -10.75523   -9.55637
  -9.116266  -9.808264  -8.79918   -8.367022  -9.401858  -7.25754
  -6.844174  -7.719916  -8.395152  -9.554456  -9.750728  -9.502256
  -9.007226 -10.276382  -9.36613  -10.572356 -10.063986 -10.867344
 -10.954982 -10.213104 -10.519866  -9.47517   -9.37657   -9.82491
  -9.425464  -9.45487   -9.519482  -9.697658 -10.107602 -10.01631
 -10.231084  -9.902514  -9.676952 -10.60646  -10.92894   -9.96498
 -10.422542 -10.148144 -10.250804 -11.17138  -11.0026   -10.352188
  -9.931804 -10.609824  -9.313292  -9.66077   -9.205528  -7.803552
  -8.485052 -10.01921   -9.584674  -9.390084  -9.652824  -8.306934
  -8.396892  -8.772326  -7.812832  -7.65571   -9.15472   -9.664714
  -9.036632 -10.14507   -9.233368  -9.047478  -9.943926  -9.219042
  -8.677554  -9.381906  -9.504228  -9.467456  -9.623186  -7.730182
  -9.063834  -9.689828  -7.86103   -6.900666  -7.342336  -8.556276
  -6.998338  -8.111126  -8.555522  -8.847726  -8.798194  -8.958796
  -9.156576  -8.530234  -9.391882  -9.419432  -9.936386 -10.040148
  -9.586414  -9.28029   -9.10223   -8.337558  -8.697216  -7.621548
  -7.632278  -8.39115   -8.09854   -7.86973   -7.083888  -6.986042
  -9.048116  -9.403134  -8.59647  -10.758478 -10.220992  -9.841788
 -10.316054  -7.157722  -6.218122  -8.966916 -11.073128  -9.857216
  -9.700036  -9.517278 -10.122624  -9.871832 -10.130918 -10.502002
 -10.589524 -10.754476 -11.206354 -10.258924 -10.057316  -8.241104
  -8.144824  -7.993966 -10.36895  -10.10447  -10.539528 -11.235876
 -11.514334 -12.200126  -9.514842  -9.29856  -10.784172  -9.814296
  -7.112946  -6.799978  -7.969258  -7.969896  -7.107784  -7.494992
  -8.407216  -8.935944  -9.57435  -10.65112   -9.363288  -6.720228]"
1296,"[ -5.826332  -7.409152  -9.180878  -9.712912  -8.370154 -10.806096
  -5.922728]"
1297,"[-12.906276 -12.431952 -12.394136 -12.13621  -12.179188 -12.781286
 -12.931854 -12.695794 -12.380912 -12.687964 -12.792886 -12.647596
 -12.778038 -12.586348 -12.917934 -12.876754 -12.78813  -12.874956
 -12.585362 -13.15382  -12.88557  -12.354116 -12.373662 -12.573704
 -11.22619  -12.836676 -12.236028 -12.596614 -12.390076 -12.729318
 -12.857672 -12.32442  -12.49842  -12.62573  -12.40533  -12.749792
 -12.960216 -12.758666 -12.799962 -12.614942 -12.620394 -12.272278
 -12.415364 -13.110958 -13.010734 -12.997626 -12.947746 -12.002984
 -12.948558 -13.116758 -12.752692 -12.742658 -12.758434 -12.691328
 -12.834646 -12.902448 -12.85454  -12.943918 -12.61877  -12.874434
 -12.704842 -12.530552 -12.642492 -12.970888 -12.487632 -12.56831
 -13.06334  -13.08306  -12.901288 -12.144272 -12.560248 -12.486762
 -12.657978 -12.735176 -12.585362 -12.731928 -12.770672 -12.217178
 -12.987534 -12.776994 -12.454108 -12.344546 -12.959056 -12.681874
 -12.806922 -12.109124 -12.20465  -12.405678 -11.828346 -12.546618
 -12.799556 -12.467448 -12.711164 -12.32935  -12.628746 -12.36067
 -12.491518 -12.471044 -12.946296 -12.833486 -12.462924 -12.420352
 -12.39837  -12.830934 -12.842476 -12.803732 -12.60514  -12.50248
 -12.289968 -12.47957  -12.755882 -12.637272 -12.773862 -12.705422
 -12.658442 -12.920602 -13.145816 -12.492678 -12.952038 -12.65763
 -12.86991  -12.462054 -12.335382 -12.602414 -12.999076 -12.938582
 -12.443494 -12.572544 -12.415654 -12.891776 -12.819624 -12.7484
 -12.064    -12.558566 -12.85657  -12.84468  -12.733146 -12.5367
 -12.28933  -12.67474  -12.500566 -12.720212 -13.003774 -12.877566
 -12.84613  -12.725954 -12.786564 -12.953604 -12.991884 -12.641158
 -12.828034 -12.856106 -12.398544 -12.984112 -12.785056 -13.048492
 -12.882032 -12.714006 -12.80205  -12.710004 -12.58629  -12.699506
 -12.061274 -12.274714 -12.489778 -12.6469   -12.13505  -12.684368
 -13.076506 -12.986896 -12.75188  -12.80901  -12.30151  -12.617842
 -12.578808 -12.788072 -12.727636 -12.68895  -12.389554 -12.687906
 -12.961956 -12.823568 -12.991478 -12.916948 -12.692952 -11.62146
 -10.574676 -12.56657  -12.693358 -12.583274 -12.543022 -12.889572
 -12.713948 -12.217526 -12.721952 -12.98533  -12.624918 -12.88093
 -13.014388 -12.466462 -12.540992 -12.757448 -12.75304  -12.59006
 -12.916832 -12.581476 -13.056322 -12.225762 -12.911438 -12.842302
 -12.045614 -12.122174 -12.628862 -12.357074 -12.67329  -12.39489
 -12.882496 -12.556478 -12.805588 -12.37981  -12.701362 -13.032136
 -12.575908 -11.871498 -12.554796 -12.906392 -12.685122 -12.749212
 -12.984286 -12.394774 -12.631298 -12.850654 -12.284574 -12.632516
 -12.493258 -11.967256 -12.136674 -12.060578 -11.405584 -12.253138
 -12.261548 -12.047644 -12.732972 -12.486472 -12.99722  -12.636286
 -11.926714 -12.856222 -12.147752 -11.815528 -11.858622 -11.656318
 -12.643246 -13.011662 -12.886846 -12.680424 -12.57556  -12.810924
 -12.677698 -12.502538 -12.570514 -12.259866 -12.448192 -12.642086
 -13.013402 -12.86875  -12.898968 -13.020072 -13.00215  -11.801144
 -12.160744 -12.929244 -12.046774 -12.598354 -12.934986 -11.735082
 -12.20987  -11.74558  -12.25685  -12.708496 -12.75159  -12.777922
 -12.751822 -13.10568  -13.015432 -12.653628 -12.289098 -12.95836
 -12.722764 -12.634778 -12.475974 -12.667258 -12.788362 -12.495926
 -12.133658 -12.510716 -12.777922 -12.950356 -12.361308 -12.594352
 -12.860862 -12.657224 -12.700724 -13.07871  -12.716442 -13.233802
 -12.684368 -12.562974 -12.90616  -12.253892 -12.364614 -12.790392
 -12.876812 -12.374416 -12.97315  -12.533684 -12.532292 -12.850248
 -12.415886 -12.826352 -12.824206 -12.03442  -12.995016 -12.488966
 -12.71882  -12.520344 -12.918456 -12.885802 -11.748306 -12.583912
 -12.796076 -12.208768 -11.767156 -10.624788 -12.673116 -12.966944
 -12.925648 -12.73709  -12.803674 -12.60572  -12.999366 -12.57991
 -12.496216 -12.772354 -12.8992   -13.068792 -12.694054 -12.738424
 -12.34791  -12.385668 -12.624222 -12.691792 -12.944846 -12.291534
 -12.813418 -12.402604 -13.092514 -12.688718 -12.942758 -12.93458
 -12.42592  -12.75217  -12.495752 -12.37227  -12.76377  -12.605488
 -12.911844 -12.279354 -12.837082 -12.579156 -12.350752 -11.359474
 -12.452948 -12.31833  -13.00215  -13.009806 -11.927642 -12.593134
 -12.075078 -12.366006 -12.19972  -12.684078 -12.849204 -12.61616
 -12.972918 -12.83917  -12.957026 -12.881684 -12.108486 -12.069046
 -12.454166 -12.151754 -12.498014 -12.954068 -12.8238   -12.53757
 -12.730942 -12.464084 -13.044548 -13.04362 ]"
1298,"[-12.965958 -13.41047  -12.400632 -11.495774 -11.07684  -12.359858
 -12.068698 -12.399936 -11.846094 -11.955076 -12.642144 -12.395296
 -12.505902 -11.054278 -12.41461  -12.65038  -13.122268 -12.855236
 -10.793162 -12.151406 -10.876334 -10.014802  -9.818646  -8.84442
 -10.033942  -9.23766   -9.40876   -9.636584  -9.561648  -8.414524
  -8.654818 -12.406606 -11.711302 -11.86854  -12.87687  -12.53061
 -12.541978 -12.670912 -13.114496 -12.366064 -12.712498 -13.137754
 -12.83743  -12.044686 -10.347374  -7.810106  -9.176934  -6.129556]"
1299,"[-10.156902  -8.124814 -10.383218 -10.641434  -7.24652   -7.072868
  -8.408086 -10.175172 -10.459372  -9.165102 -10.19263   -9.360098
 -10.096698  -9.0799    -9.959992  -9.65874   -9.447214  -9.733038
  -9.982032 -10.795598 -10.207826 -10.30776   -9.845326  -9.349252
  -8.707482  -9.816964 -10.080168 -10.2805    -9.979596 -10.11694
 -10.290592  -9.860058  -9.3612   -10.494056  -9.57667   -9.84028
  -9.397276 -10.707902  -9.79214   -9.673994  -9.271184  -9.584384
  -9.404352 -10.246512  -8.508948  -9.099736  -8.94476   -8.40565
 -10.132658 -10.918616  -9.669992  -9.103506 -10.119666 -10.655818
 -10.684238  -9.13645   -5.421376  -5.933342  -8.651048  -9.508694
  -9.455218 -11.33784   -9.897816 -10.634822  -8.680512  -8.303454
  -9.033036 -10.498812  -8.649656  -8.816348  -8.477222  -8.407216
  -8.483022  -6.947414  -7.02322   -7.29582   -7.715334  -9.762328
  -9.839178  -8.480644  -8.961928  -9.403714  -8.837344  -7.502706
  -5.811774]"
1300,"[-10.887992 -11.10816  -12.060984 -12.302902 -12.162716 -12.347504
 -11.782758 -12.273322 -12.002694 -10.353812 -10.547416 -10.678902
 -11.06321  -11.939184 -11.975898 -11.529588 -11.057526 -10.084576
 -11.732878 -11.90276  -11.546118 -10.536164  -6.85734 ]"
1301,"[ -9.248622  -8.316446  -9.501154  -9.463396  -9.690582  -8.534468
  -8.650294 -10.093218 -10.129236  -7.395928  -6.617452  -9.196422
 -10.8199    -9.972578 -10.089854  -9.407426]"
1302,"[ -5.524036  -7.71284   -8.143664 -10.127844 -10.151044 -10.314024
 -10.361468  -9.708736  -9.491352  -9.51925   -9.694236  -9.546858
  -9.510086  -9.60741  -10.303758  -9.106406 -10.6807    -9.985802
 -10.071932  -9.985744 -11.148644 -10.7619   -10.48959  -10.103194
  -9.070388  -9.344322  -8.855266  -9.669122  -9.08106   -9.435556
  -9.95773   -9.666686 -10.388844  -9.25535   -8.752722 -10.082082
  -9.022828  -8.689096  -9.072012 -10.169546  -9.212662  -9.005486
  -9.192362  -9.603698  -8.6275    -9.376222  -9.522382  -8.390396
  -8.165008  -8.013918]"
1303,"[ -9.57957   -9.230932  -9.119804  -9.517162  -9.312016  -9.371002
  -9.157736  -9.53172   -9.17676   -9.438398  -9.528124  -9.259584
  -9.420882  -9.426218  -9.45719   -8.897896  -9.334636  -9.531546
  -9.734314  -9.305984  -9.327328  -9.534794  -9.591808  -9.254364
  -9.1234    -9.004442  -9.413342  -9.539202  -9.57725   -9.081582
  -9.051886  -8.853932  -9.0016    -9.542334  -9.385502  -9.404642
  -9.270662  -9.40267   -9.614544  -9.140452  -9.220956  -9.27362
  -9.351398  -9.098576  -8.896968  -9.167132  -9.575916  -9.060992
  -9.180878  -9.604684  -9.136334  -9.572262  -9.510434  -9.328198
  -9.46154   -9.047652  -9.399306  -9.275244  -9.40847   -9.493962
  -9.284002  -9.064994  -9.306332  -9.250652  -9.658044  -9.371292
  -9.5207    -9.572088  -9.43892   -9.322456  -8.865184  -9.612224
  -9.499298  -9.324138  -9.478418  -9.550628  -9.348788  -9.34641
  -9.56507   -9.29073   -9.030136  -8.870984  -9.16255   -9.081234
  -9.354414  -9.360852  -9.158722  -9.33771   -9.330634  -9.444952
  -9.267066  -9.523948  -9.127576  -9.266776  -9.320484  -8.617582
  -8.773718  -9.468442  -9.276636  -9.436832  -9.242358  -8.928172
  -9.34612   -9.29653   -9.406788  -9.360736  -9.47546   -9.47343
  -9.155416  -9.151356  -9.025148  -9.601378  -9.340088  -9.247636
  -9.489786  -9.363578  -9.518322  -9.413052  -9.36352   -8.889486
  -9.126184  -9.454754  -9.482188  -9.521512  -9.23882   -9.356154
  -9.312422  -9.440718  -9.366536  -8.95114   -9.211966  -8.896736
  -9.300068  -9.31799  -10.100932  -9.401278  -9.548424  -9.368682
  -9.452724  -9.34322   -9.278318  -9.449766  -9.28696   -9.868642
  -9.52824   -9.235224  -9.182502  -9.308072  -9.348904  -9.432366
  -9.143468  -9.148978  -9.336956  -9.35076   -9.434048  -9.257728
  -9.491294  -8.85109   -9.394086  -9.01001   -9.552484  -9.442168
  -9.131694  -9.105826  -9.47923   -9.301518  -9.37686   -9.24839
  -9.445706  -9.306796  -9.23302   -9.455276  -9.3351    -9.596332
  -9.425406  -9.474996  -9.233716  -9.55521   -9.564838  -9.67875
  -9.32263   -9.391998  -8.665954  -8.916108  -9.525804  -9.281856
  -9.517104  -9.499356  -9.518728  -9.062036  -9.393854  -9.3206
  -9.069112  -9.084772  -9.201526  -9.160868  -8.936002  -9.069808
  -9.542798  -9.328604  -9.359576  -9.457306  -9.612224  -9.03002
  -9.46386   -9.0509    -9.739708  -9.636816  -9.174498  -9.553238
  -9.556544  -9.0393    -9.219448  -9.52679   -9.005254  -9.263412
  -9.345018  -9.328488  -9.095154  -9.683042  -9.570812  -9.54216
  -9.193116  -9.299662  -9.241836  -9.414212  -9.408296  -9.548076
  -9.040402  -9.345192  -9.56333   -9.259642  -9.034428  -9.234006
  -9.512522  -9.500458  -9.390142  -9.275476  -8.856194  -9.15936
  -9.02828   -9.529632  -9.398262  -9.178442  -9.275882  -9.57406
  -9.080074  -9.20634   -9.409108  -9.281334  -9.113772 -10.189324
  -9.988934 -10.411232 -10.609244 -10.370052 -10.054822  -8.88415
 -10.81584   -9.70224  -10.524158 -10.807836 -10.463664 -10.699666
 -10.670318  -9.990384 -10.120942  -9.988586 -10.2805    -9.753396
 -10.2631    -9.143352  -9.216084 -10.864676 -10.888514  -9.260164
 -10.772978 -10.407056 -10.018746 -10.482978 -11.051378 -10.630008
 -11.074114 -10.78423   -9.50359  -10.623338  -9.803914 -11.02957
 -10.17175  -10.76538  -10.590684 -10.364484 -10.52903   -9.867076
 -10.480078  -9.735358 -10.754766 -11.56172  -11.0925   -10.55455
 -10.626064 -10.448004 -10.864154 -10.378056 -10.312806 -10.790204
 -10.730812  -9.97919   -9.910518 -10.73406   -8.324392  -9.010358
  -7.90482   -9.77735   -6.863082  -7.572654  -6.468334  -9.892016
 -11.402742 -10.10215   -7.981322  -8.793844 -10.290476  -9.757746
 -11.189302 -10.852496 -10.760856 -10.370748 -10.182074  -9.668426
 -10.501538 -10.041656 -10.760044 -10.652802 -10.698738 -10.515922
 -10.548228 -10.550026 -10.895706  -7.884172  -9.652128  -9.498602
  -9.629682  -9.006066  -5.73707 ]"
1304,"[ -7.546786  -7.842528  -8.098076  -8.311458  -8.311806  -8.112692
  -8.31082   -8.11275   -8.048312  -8.025054  -8.496362  -7.841252
  -8.050806  -8.672566  -7.8416    -8.331584  -8.113968  -8.223994
  -8.591424  -8.498856  -8.199402  -7.892292  -7.270648  -8.302874
  -8.207232  -7.954642  -7.52173   -6.900434  -5.23334   -6.44815
  -5.794316  -6.846842  -8.937626  -9.493846  -9.536824  -9.292934
  -8.26326   -8.483718  -8.736192  -8.97608   -8.583072  -8.283502
  -8.828992  -6.289056  -7.128606  -8.302758  -9.064878  -9.543146
  -9.026018  -7.874776  -8.044194  -7.63715   -7.700138  -9.53143
  -8.382914  -9.478708  -9.564548  -9.538448  -9.963356 -10.108414
  -9.958136  -9.918174  -9.64627   -9.770912  -9.238646  -9.408064
  -9.290672  -9.602132  -9.860464  -9.797012  -9.853562  -9.537462
 -10.166414  -9.29682   -9.93453   -9.975536  -9.363346  -8.561728
  -8.966742  -7.3225    -8.972658  -7.79578   -8.846624  -7.135682
  -7.265718  -8.867388  -8.822902  -9.801768  -8.48047   -8.782592
  -8.197082  -7.77055   -9.232904  -8.9349    -9.949958  -9.416184
 -10.16392  -10.178826  -9.861334  -9.391302  -9.626724  -9.474532
  -9.548598  -9.934588  -9.2771    -8.467304  -9.53085   -9.855476
  -8.810026  -9.776132  -8.698898  -7.740332  -8.384538  -8.268944
  -9.218404  -9.677184 -10.078196  -9.686522 -10.231722  -9.812208
  -9.840628 -10.011612  -9.68774   -8.599196  -7.913404  -7.399234
  -6.545358  -7.182778  -8.358206  -7.421854  -6.598486  -8.000288
  -6.617858]"
1305,"[ -8.477802  -9.759428  -9.708272  -9.648126  -9.532532  -9.420592
  -8.955954  -9.350644 -10.992044 -11.435454 -11.109204 -11.422404
 -10.945644 -11.067618 -10.83382  -11.238602  -8.607896  -9.590996
  -8.655398  -7.709476  -9.378832  -9.572146  -9.785354  -9.673994
  -9.65439   -9.32727   -9.235804  -6.936394  -6.962146  -7.657508
 -10.154524  -8.18873   -8.450194]"
1306,"[ -8.96129   -9.812498  -8.953344  -9.586878  -9.046434  -9.90292
  -9.090804  -9.50504   -8.368588 -10.761378  -8.652556  -7.182952
  -8.077196  -9.796316  -9.027816  -7.523818]"
1307,[-6.414336]
1308,"[-8.93345  -8.410754 -7.502184 -7.931674 -9.092312 -8.961928 -8.974398
 -6.783216]"
1309,"[ -9.257438  -9.88175   -9.65294   -9.809482  -9.435672  -9.379586
  -9.075318  -7.25406   -8.995916  -9.5642    -9.208544  -8.78207
  -8.951546  -9.59117   -9.303316  -8.828354  -9.710766  -9.66686
  -8.562656  -9.060122  -9.291542  -7.46141   -7.82043   -7.078552
  -7.91062   -9.169278  -8.219354  -9.580498  -9.375352  -9.343336
  -8.160484  -9.209762  -9.28174   -9.24636   -9.156808  -8.580694
  -9.110698  -9.287772  -9.61756   -9.879778  -9.214344  -8.920168
  -9.579686  -9.362244  -9.290208  -8.888442  -8.610158  -9.249028
  -9.045738  -8.860718  -8.956476  -7.50288   -9.47923   -7.387692
  -8.01821   -8.60778   -8.137574  -7.423826  -7.65861   -8.955316
  -9.127982  -9.266428  -8.890646  -9.42848  -10.068626  -9.801072
  -9.033674  -9.71529  -10.002622  -8.988956  -9.168466  -9.466006
  -8.7174    -9.895496  -9.689944  -9.502024  -9.966662  -9.727412
  -9.985048  -9.582296 -10.141706 -10.01776   -9.67237   -8.813332
 -10.332642 -11.401524  -9.170554 -10.83585   -8.869534 -10.396964
  -9.96498   -9.501792 -10.163166 -10.792002  -9.8078   -10.304918
  -9.850546  -9.671036  -9.660422 -10.425558  -8.69188  -10.745602
 -10.420744 -10.68128   -9.47894   -9.742724 -10.630008  -9.448838
 -10.947906  -9.92815  -10.613884  -9.438688  -8.22585  -10.030056
 -10.63778  -10.67577  -10.769498 -10.817116  -9.987542  -9.711926
 -10.948312 -10.09316  -11.252638 -10.78887   -9.088252 -10.95997
 -11.280826  -9.794518 -10.275744 -10.797802 -10.529146 -10.512152
 -10.279746 -10.346504 -11.07684  -10.86514  -10.28224  -10.217048
 -10.486342  -9.781004 -10.882076  -9.29943  -10.551534 -11.007298
 -11.066052 -10.470624 -10.327944  -9.840686 -10.941236 -10.555246
 -10.224646 -10.73841   -9.198568 -11.395028  -9.377788 -10.031274
 -10.405548 -10.641202 -10.912874 -10.027446 -10.009582 -10.05256
 -10.988796 -10.757318 -10.572472 -10.85441  -10.738526  -9.714304
 -10.968554 -10.361294  -9.076652 -10.07199   -9.086048  -8.499494
  -9.52157   -9.850256 -10.598108  -8.214424  -8.39695   -8.043846
  -9.162724  -8.843724  -8.386626  -7.585646 -10.673508  -9.757688
  -9.204136  -8.860022 -10.446264 -10.33995  -11.421708 -11.06988
 -10.304628 -10.676176  -9.317874  -9.061746  -8.832008  -8.532554
  -8.819248  -8.875798  -8.154626  -8.854164  -5.877024]"
1310,"[ -9.267008  -9.439152  -9.294906  -9.716102  -9.482188  -9.59784
  -9.431496  -8.968598  -9.475112  -8.994234  -9.285162  -8.929622
  -9.262774  -9.09527   -9.826534  -9.98963  -10.08968   -9.825722
 -10.222268  -9.65584  -10.686732  -9.436716  -9.348614  -8.763742
  -9.234528  -9.489902 -10.257474  -9.961442  -9.248564  -9.429118
  -8.401474  -9.005486  -9.019638  -9.199902  -9.393796  -9.468326
  -9.471342  -9.387474  -9.363752  -9.515596  -9.205702  -9.593142
  -9.282378  -9.686696  -9.623882  -9.795794  -9.804726 -10.476714
  -9.093008  -9.644704  -9.441878  -9.173744  -9.526152  -9.404294
  -8.903522  -9.554108  -9.35946   -9.318106  -8.957868  -8.980546
  -8.958158  -8.97318   -9.265326  -9.433584  -9.43515   -9.240386
  -7.929702  -8.046108  -7.685058  -7.552586  -8.64432   -7.789632
  -7.415068  -7.220594  -6.075152  -7.218158  -7.891654  -8.226778
  -7.906386  -8.767686  -7.891132  -8.160832  -8.46771   -7.53768
  -9.767722  -9.167944  -9.017144  -9.266022 -10.066828  -9.643254
 -10.193732  -8.777488  -9.173686  -8.502452  -9.372336  -8.57849
  -9.426798 -10.45073  -10.356538  -9.662916 -10.165718 -10.54527
  -9.851532  -8.232404  -8.13624   -7.737084  -7.518482  -9.912838
  -8.889892 -10.702044 -10.382174 -10.57427   -9.490482 -10.164094
 -10.445858 -10.093972 -10.614754  -9.917536  -9.454     -9.869164
  -9.321702  -8.77888   -9.778452  -8.584928  -8.759856  -8.806024
  -9.154198  -9.67005   -7.723396  -7.869498  -7.700544  -6.206406
  -6.320608  -5.776742  -8.74234 ]"
1311,"[ -9.13964   -9.178964 -10.60269   -8.634518  -8.121682  -6.799224
  -7.85378   -7.630422  -8.960652  -9.06598   -9.43573   -9.92554
 -10.108124  -8.390396 -10.686152  -9.15646  -10.3356   -11.48748
 -10.757434 -11.306288 -11.201076 -11.034906 -10.351144 -11.610034
  -9.957962 -10.843506  -9.414908  -9.639774  -9.694584  -9.889174
  -9.542972  -9.03727   -9.268516  -9.034486  -9.009314  -9.646444
  -9.29566   -7.81318   -9.650446 -10.810156 -11.076202 -11.760718
 -11.392766  -9.984062  -9.772072 -10.747632 -10.302192  -9.650852]"
1312,"[-10.285894  -9.911968 -10.087302 -10.941526 -10.595846 -10.42376
 -11.249796 -10.317214 -10.009756 -10.006972 -10.264086 -10.370284
 -10.897446 -10.476482 -11.039314 -10.91502  -10.539876  -9.831986
 -11.451056 -10.839794 -10.316982  -9.086048  -9.819864 -10.290128
 -10.710222  -9.23215   -9.58711  -11.48284   -8.736714  -8.649366
  -8.697506  -9.313814 -10.247904  -9.99485  -10.170242  -9.929194
 -11.41411   -9.896018  -9.703342 -10.132426 -10.28282  -10.85122
 -10.025764  -9.541116  -7.568652  -6.507948  -7.516684  -8.95578
  -8.229098 -10.168734 -10.489358 -10.107892 -11.398798 -11.415676
 -11.423448 -11.078812 -11.155604 -10.76538   -9.4163    -9.281856
  -9.638672 -11.774696  -5.392956]"
1313,"[ -8.942266  -9.462062  -9.034486  -9.472676  -8.38245   -8.31024
  -9.373206  -9.426102 -10.262984  -8.70435   -7.659538  -9.036864
  -7.595042  -9.065748 -10.214032  -6.018834]"
1314,"[ -5.756036  -7.112482 -10.120246  -9.314742 -10.330032  -9.374308
  -9.166146  -9.10281   -6.400532  -6.468566  -8.978226  -9.076652
  -8.73103   -9.183778  -9.62829  -10.024546  -9.703748  -9.27942
 -10.194892  -9.958194 -10.220934  -9.606366  -9.59755  -10.388032
  -9.789994  -8.802428]"
1315,"[ -9.268052  -9.001194 -10.08765  -10.825874 -10.833066 -10.97969
 -10.441276  -9.051654  -8.710556  -9.564548  -9.672138  -9.069576
  -9.6222    -8.08984  -10.502756  -7.23782   -6.516242]"
1316,"[-10.758072 -11.690248 -11.745406 -11.33494   -9.453652  -8.178058
  -7.673632  -9.934994  -5.709056]"
1317,"[ -9.203034 -10.415872  -7.862944  -7.639876  -7.726412  -7.901224
  -8.691648  -7.64701   -7.730588  -6.802878  -8.895344 -10.627166
  -9.620634 -10.219948  -9.714942 -10.492026 -10.631168 -10.388728
 -10.20858  -10.617422  -9.220028 -10.24396   -8.36882   -8.50309
  -7.814514  -6.949908  -7.059876  -9.05293   -8.919066 -10.177028
 -10.568238  -8.965002  -7.423188  -7.10384   -6.89794   -8.55384
 -10.231722  -9.341886  -8.656674  -9.201874  -9.443618  -8.8421
  -8.696868  -8.574604  -8.503438  -8.989652  -9.737736  -9.407716
  -7.973376  -7.309972  -9.991544 -10.065842  -9.17821  -10.131498
 -10.578562 -10.032956 -10.404098 -10.257532 -10.698332 -10.608258
 -10.75668  -10.544574 -10.25962  -10.333628 -10.191412 -10.38403
 -10.257938 -10.303236  -9.407658 -10.61081  -10.15435  -10.635286
 -10.152146 -10.706916  -9.862842 -10.3095   -10.400908 -10.548112
 -10.235898 -10.339254 -10.513486  -9.75067  -10.452586 -10.343662
 -10.183118 -10.406824  -9.519772 -10.032028 -10.585116 -10.058534
 -10.542022 -10.208116 -10.191122  -9.972114  -9.763198  -9.895322
 -10.455718 -10.467782 -10.24599  -10.100758 -10.485588 -10.12738
 -10.19756  -10.6836   -10.504206  -9.844862  -9.448896 -10.53831
 -10.124074  -8.572226  -8.342546  -8.879974  -9.03611   -9.5062
  -9.185228  -9.167306  -7.865206  -8.877248  -9.215562  -9.44414
  -9.536998  -8.857702  -9.348788  -9.161912  -7.81724   -8.179972
  -8.257054  -8.195632  -9.073694  -8.959898  -9.762328  -9.275824
  -8.066176  -7.141714  -6.93187   -8.349796  -9.886796  -9.603176
 -10.062188  -9.717146  -9.148688  -8.790074  -9.027526  -9.11992
  -9.368218  -9.84231   -9.926932  -9.720104  -9.261266  -9.321354
  -8.72958   -8.753418  -9.119804  -9.473024  -8.839316  -8.017108
  -7.85813   -9.95048   -8.562772  -8.789436  -9.503532  -9.544828
  -9.38585   -9.040692  -9.74545   -9.355284  -9.660074  -9.570522
  -8.859848  -8.77192   -8.725752  -9.43457   -9.275244  -9.27884
  -8.658472  -8.252298  -9.8078    -7.827448  -8.702378  -8.379724
  -7.603742  -9.955004 -10.410478  -9.977508  -7.731226  -8.448164
 -10.091652 -10.143736  -9.1147    -8.81832  -11.29666   -9.133782
  -6.544778  -7.18997   -6.37681   -6.557364  -8.297306]"
1318,"[ -9.573132  -9.643718  -9.686058  -9.263528  -9.364564  -9.98441
  -9.101592  -9.695628  -9.358242  -9.633626  -9.595578 -10.058766
  -9.607468  -9.892364  -9.341364  -9.109016  -9.720046 -10.00268
  -9.489322  -8.583826  -9.747538  -9.821024  -9.692438  -9.119978
  -9.502778  -8.95636   -8.941106  -9.653694  -9.662858  -9.297806
  -9.548366  -9.36555   -9.6831    -9.822706  -8.963146  -9.239806
  -9.290092  -9.601958  -9.605264  -9.798404  -9.257728  -9.60973
  -9.846138  -9.470008  -9.869164  -9.888942  -9.921538  -9.537172
  -9.386082  -9.724164  -9.38092   -9.42065  -10.072686  -9.2394
  -9.137958 -10.014512  -9.712158  -9.569246  -9.734894  -9.852228
  -9.31712   -9.567274  -9.41891   -9.78692   -9.480216  -9.154778
  -9.81244   -9.45806   -9.241314  -8.924692  -9.458814  -9.630436
  -8.771804  -9.774566  -9.049624  -9.330576 -10.045194  -9.327154
  -8.82499   -9.995256  -9.504402  -9.30929   -9.1582    -9.42674
  -9.562286  -9.496688  -9.49953   -9.075202  -9.538158  -9.469486
  -9.33046   -9.866786  -9.516698  -9.746552  -9.605844  -9.716044
  -9.22606   -9.854026  -9.620518  -9.88842   -9.356328  -9.748234
  -9.793358  -9.514958  -9.499298  -9.874848  -9.78721   -9.682114
  -9.579396  -9.774624  -9.828042  -9.161622  -9.46763   -9.97397
  -9.663148  -9.303954  -9.49518   -9.90495   -9.480506  -9.561938
  -9.879314  -9.577482  -9.38759   -9.609962  -9.598652  -9.03756
  -9.535142  -9.007516  -9.527892  -9.246766  -9.373844  -9.02712
  -8.669492  -9.174266  -9.153734  -9.199148  -9.882794  -9.962428
  -9.323152  -9.76981  -10.18132   -9.856404  -9.28667   -9.481144
  -8.944702  -9.548366  -9.407832  -9.36236   -9.362534  -9.603988
  -9.276636  -9.447794  -9.693308  -9.35221   -8.921502  -8.671232
  -9.34612   -9.332432  -8.73393   -9.21852   -9.686     -8.923996
  -8.859442  -8.873246  -9.505678  -9.283886  -9.504634  -9.223508
  -8.725172  -8.414698  -8.101788  -7.685232  -8.63098  -10.052444
  -9.101302  -9.65062  -10.274874 -10.465114  -9.58943   -7.985614
  -8.020704  -8.595078  -8.235188  -9.958252  -8.600356  -9.172468
  -8.458952  -9.139176 -10.010858  -9.241778  -9.253088  -8.037408
  -6.703582  -7.341292  -8.404026  -8.823076  -9.356792  -7.632858
  -9.328604  -7.89902   -7.329402 -10.075586  -9.603234 -11.010082
 -10.745022  -9.891494  -8.530698  -8.056664  -8.657428  -8.97463
  -8.1577    -8.977008  -8.61503   -9.72196   -9.975942  -9.974028
 -10.589002 -10.35213  -10.175636  -9.633916  -9.828448  -8.756724
  -9.84579  -10.14565   -9.585718  -7.594926  -6.328496]"
1319,"[ -8.34214   -8.382392  -8.81107   -6.015818  -6.310574  -9.276578
  -8.64548  -10.315358  -9.775726  -8.748546 -10.206434  -7.317512
  -6.942948  -5.276492]"
1320,"[-8.769368 -8.896388 -7.888348 -8.481978 -8.562018 -9.022422 -8.735322
 -8.36447  -8.82905  -9.022828 -9.317526 -9.75038  -9.45197  -8.6188
 -8.714442]"
1321,"[-10.333628 -10.684064  -8.483486  -9.930818  -9.708388  -9.452782
 -10.173258 -10.606054 -10.256372  -9.889464 -10.436462 -10.616088
 -10.187004  -9.370306 -10.465404  -9.673356  -7.78795   -9.072998
 -10.108298  -9.630784  -9.55173   -8.938902 -10.57282  -10.564178
 -10.620148 -10.215598 -10.231548 -10.596194  -9.612572 -10.6256
 -10.43072  -10.324812  -9.718596  -9.8484   -10.414074 -10.630472
 -10.268088 -10.278528 -10.404794 -10.205332 -10.35851  -10.79409
 -10.113924  -7.524978  -8.805038  -9.911388  -7.775828  -8.653136
  -8.790364  -8.8566    -9.211502  -8.857296 -10.179116  -9.049856
  -9.423144  -9.65497   -9.944042  -9.756238  -9.85362   -9.209878
  -9.005486  -9.91394   -9.237544  -7.917464  -8.559292  -9.070388
  -9.044172  -9.271474  -9.241604  -8.88618   -8.483312  -8.182408
  -8.341038  -6.645698  -7.946812  -7.08644   -7.934226  -8.175332
  -8.883222  -9.58508   -9.607294  -9.091384  -9.381384  -9.00044
  -9.206514  -9.292238  -8.950038  -8.314532  -9.06685   -9.069576
  -8.652962  -8.695534  -8.289534  -9.213648  -8.952068  -9.269038
  -9.217824  -9.991602  -9.784078  -9.636062 -10.22888   -9.212952
  -8.679642  -9.6396    -9.385792  -8.315402  -8.628254  -9.743072
  -9.436658  -8.424558  -8.485284  -7.88684   -8.23513   -8.886296
  -7.979756  -8.47844   -9.491758  -6.695984]"
1322,"[-6.447918 -7.911374 -6.773704 -8.262854 -9.047072 -7.461178 -7.119442
 -7.920538 -9.832044 -9.880764 -9.882098 -8.221616 -8.024938 -8.99783
 -8.86153  -9.808844 -8.880206 -7.778032 -8.300902 -8.568804 -8.43001
 -9.702182 -9.1988   -8.775748 -8.389178 -9.307724 -9.05003  -8.663518
 -7.78679  -8.55616  -8.288258 -8.176898 -8.661836 -9.027294 -9.20141
 -8.14407  -8.799354 -8.531916 -8.988898 -7.951452 -8.323    -8.353218
 -6.995264]"
1323,"[ -8.659574  -9.34322   -9.87682  -10.410304  -8.093378  -8.754578
  -9.037096  -8.60459   -8.43262   -9.339044  -8.755158  -8.65447
  -9.147122  -8.762814 -10.004246  -8.62112   -8.855092  -8.990754
  -8.417018 -10.073498  -8.415278  -9.423202  -8.834212  -8.588466
  -9.390316  -8.689908  -9.210922  -8.808808  -9.031006  -9.012562
  -8.462026  -8.84848   -9.045738  -9.270952  -8.941744  -8.93229
  -9.108262  -9.57087   -8.918022  -9.722134  -8.29226   -8.930666
  -9.407542  -8.818146  -8.879162  -9.69905   -9.573596  -8.929854
  -9.477664  -8.823308  -8.97869   -8.327408  -8.038278  -8.909264
  -9.568318  -9.314626 -10.062826  -8.661778  -9.068242  -9.192652
  -9.101592  -9.37976   -9.528124  -9.177804  -8.971034  -9.695976
  -9.046202  -8.781142  -9.231106  -9.529458  -8.908916  -9.033848
  -9.94961   -9.265326  -9.510202  -9.130418  -9.06598   -9.092892
  -9.291832  -8.783636  -9.365492  -9.640006  -9.258134  -8.410116
  -7.794852  -9.602016  -9.98267  -10.31095   -9.365202  -9.238762
  -9.366072  -8.673552  -8.969874  -9.81128   -8.325262  -8.755796
  -8.93954   -8.28559   -7.855636  -7.503344  -6.683166  -5.710448]"
1324,"[ -8.119478  -7.883534  -9.58595   -8.858804  -9.831696  -9.319324
  -9.74748   -9.28696  -10.136196  -9.128098  -9.501096  -9.904834
  -9.21852   -9.943346 -11.00405  -10.230214  -9.342872 -10.758246
 -10.142344  -9.054786  -9.833668  -8.715776  -8.823134 -10.152262
  -9.548134  -8.64171  -11.34306   -8.706902  -7.893684  -7.845022
  -8.553144  -9.428422  -9.912316  -9.777002  -9.13558  -10.711266
  -9.160636 -10.09606   -8.545894  -8.937452  -9.976464  -9.103738
  -9.983134  -9.362128  -9.840396  -9.760414  -8.07215   -8.486038
 -11.387894  -8.91054  -10.068278  -9.555964  -9.02132   -9.148514
  -9.827636  -9.607062  -9.545756 -10.002216  -9.404932  -9.78721
  -9.106638  -9.578468 -10.979516  -8.412262 -10.126162  -9.586994
 -10.539934  -9.429582  -8.06519  -10.360192  -9.280986 -10.816188
  -9.25535   -9.509738 -10.686442  -9.229888 -10.00558   -9.204774
  -9.704154  -9.68136  -10.397486 -10.390004  -9.114294 -10.320404
  -9.497848  -9.382834  -9.475808  -9.317004  -9.31161   -9.347918
  -9.984526  -9.854374  -9.086802 -10.647524 -10.451136  -9.442922
  -8.806024 -10.505482  -8.823366  -9.588966  -9.9296    -9.047884
 -10.147216  -9.565534  -9.78402   -9.30088   -9.596738 -10.295464
  -9.562344  -8.758464 -10.33763   -9.393042  -9.937024  -9.538738
  -9.366072 -10.329974  -9.908894  -9.453478  -9.75183   -9.176238
  -9.586936  -8.96042   -9.74516   -9.333128  -9.577888 -10.860616
 -10.110328 -10.704306  -9.306506  -7.056396  -8.241568  -9.41108
  -7.546322  -9.87943   -7.772696 -10.507222  -6.370836  -5.874066
  -9.226118  -7.29176   -6.343054  -9.262542  -8.46423   -5.297778]"
1325,"[-10.422948 -10.307934  -9.82259   -9.870092  -9.463512  -9.332722
  -9.196422  -8.982808  -9.9963   -10.344996  -8.78729   -6.656834
  -8.03735   -7.721482  -7.974884 -10.2109   -10.805748  -9.998852
 -10.02588   -8.815362  -7.770608  -7.497602  -9.648938 -11.191796
 -11.633466 -11.622272 -11.62436  -10.092464  -9.291948  -8.603256
  -9.282668  -8.713398  -7.978712  -7.813876 -10.15261   -8.663692
 -11.013446  -9.942824 -10.997902 -11.049464  -9.261614 -10.977834
  -9.170496  -8.915876 -10.792176  -9.707808  -8.354726  -7.962936
  -6.77614   -6.279312  -8.768382  -8.937452  -9.361548  -7.21143
  -8.01589  -10.08794   -7.923032  -6.904958  -8.485574  -9.61756
  -9.4308    -9.18662   -9.347744 -10.041018  -9.64946   -9.91858
  -9.535722  -9.774972 -10.156438  -9.840048  -8.236522 -10.166936
  -9.853388 -10.311182  -9.849444 -10.083764  -9.512464  -9.425522
  -9.1466    -9.87276   -9.647836 -10.208058  -9.906632 -10.1587
 -11.18414  -10.414596 -10.64242   -9.347628 -10.196864  -8.292144
  -9.100026  -9.274548  -9.11557   -8.985418 -11.157634 -14.121144
 -12.691328 -12.095552 -13.195986 -12.905232 -13.444458 -11.700282
 -11.702138  -8.330888  -7.666266  -9.921596  -8.865706  -9.480158
  -8.632778  -9.63612   -8.316388 -10.339718  -6.447454  -6.229896
  -9.082626  -8.334542  -8.236696 -10.090898 -10.192398  -9.310276
 -10.981314 -11.82446  -10.6981   -10.312458 -10.249818  -8.858572
  -9.053626  -9.017898  -9.07352   -9.895786  -8.928752  -9.640702
  -8.692112  -8.493114  -9.371698  -8.074876  -8.288142  -8.989594
  -8.138676  -7.426726  -8.894242  -8.418642  -9.190622  -8.871332
  -8.331004  -9.072882  -9.785992  -9.745102  -9.037676 -10.144084
 -10.969192 -11.01217   -8.211698  -7.34367   -7.18794   -6.14307
  -5.064038]"
1326,"[ -9.180994 -12.067828 -11.050044 -11.802826 -11.249622 -12.459676
 -10.582854 -11.670238 -10.265304  -9.83854  -10.045426  -9.654506
 -11.796446 -11.479534 -12.232084 -10.893502 -11.08148  -10.610114
 -11.573842 -11.104912 -12.118694 -12.327436 -12.985562 -10.360424
 -11.64321  -10.625252  -9.76285   -5.949756]"
1327,"[ -8.746458  -9.59929   -9.606134 -10.438782  -9.790284  -9.826186
  -9.321006  -9.31045  -10.199764  -8.248876  -7.07136   -8.620888
 -10.838518  -5.618576]"
1328,"[-10.08939  -10.136834 -10.501886  -9.98586   -9.825548  -8.920226
  -8.381812  -8.162572  -9.101186 -10.254516  -8.330018  -6.419846
  -8.246614  -9.889812 -11.150094 -10.370342 -10.270872 -10.884164
 -10.129062 -11.33117   -8.537774  -7.899832  -9.321876  -7.961312
  -7.056106  -8.70058   -9.347744  -6.637404  -5.381704  -9.314046
  -5.863974]"
1329,"[ -9.218868  -9.744464  -9.458524  -9.765982 -10.451716 -10.972034
 -10.923662  -9.542624  -8.084272 -10.02501   -9.996474  -9.321238
 -10.269828 -10.62763   -9.132738  -9.016854 -10.05923   -9.543784
  -9.075202  -7.701878  -8.35548   -8.24238 ]"
1330,"[ -9.718248  -8.419164  -8.4303    -8.586842  -8.593686 -10.018862
  -9.331736  -8.73596   -9.039764  -9.193     -8.883454  -8.809852
  -9.916434  -8.899868  -8.332976  -6.324204  -6.183554  -7.122748
  -9.387474 -10.044962  -9.385096  -7.850822  -8.74002   -8.869418
  -8.766004  -9.51751   -9.304012  -9.308826  -9.241024  -9.167364
  -9.645864  -9.706416  -8.93664   -8.531684  -9.28232  -10.879698
 -10.366746  -7.124198  -7.23985   -5.7826    -5.64543   -6.428546
  -8.286634  -7.302258  -7.252552  -8.218948  -9.277216  -9.990094
  -9.240618  -9.03176   -9.174034 -10.018108  -6.890632  -6.511138
  -7.810338  -8.930782  -6.165632  -6.048356]"
1331,"[-10.115722  -9.721322 -10.124132 -10.571834 -10.616958  -9.807104
 -10.725766 -10.03052  -10.670318 -10.636388 -10.668346 -10.746414
 -10.894894 -10.113344 -10.287054  -9.22374  -10.628732 -10.299118
 -10.568122  -8.787406  -8.59357  -10.595614 -10.055692  -8.849582
  -9.001368  -9.637918  -9.892306 -11.370494  -8.882816  -9.884302
 -12.122058 -10.41738   -6.956346  -5.670312  -8.593106  -8.610564
  -9.34438   -7.194262  -8.111242  -6.796904  -7.515698  -8.56051
  -7.028498  -8.123538  -8.91924   -8.729812  -8.553608  -8.605518
  -7.984338  -7.837192  -9.238646  -7.798274  -7.960094  -6.951184
  -6.523724  -8.162398]"
1332,[ -9.796084  -9.538274  -9.541928 -10.624208  -7.919088]
1333,"[ -5.333912  -6.944398  -7.134812  -8.562018  -6.150958  -5.401424
  -6.475758  -5.80319   -7.178718  -8.901898 -10.04879 ]"
1334,"[-10.253994 -10.865488 -11.660088 -11.384762 -11.141974 -10.646828
 -10.589466  -9.275302  -9.086744  -9.723004  -9.284756 -10.518996
  -9.066908  -8.220804  -8.078936]"
1335,"[ -9.71964   -9.613848  -9.002644  -8.526754  -8.781142  -9.57812
  -9.155706  -8.747038  -8.449266  -8.302642  -9.615704 -10.383566
  -9.331098  -9.207152  -8.808402  -9.84492   -9.645806  -8.791176
  -9.022074  -8.44393   -9.399074  -9.009488 -10.976848 -10.566556
 -10.568934  -8.12783  -10.298074 -10.557218 -10.674204 -10.085562
  -9.839352 -10.090028  -9.102926  -9.331562  -9.168756  -7.479622
  -8.464636  -8.352464  -8.553376  -8.251544  -8.807938  -9.209414
  -9.554804  -8.160832  -8.696752 -10.184684  -9.453884  -9.545176
  -9.448374  -9.153038 -10.04821   -9.512986  -9.943462  -9.607584
  -9.676372  -9.307666  -7.919436  -9.224784  -7.826172  -7.702168
  -8.066988  -8.40768  -10.398878  -9.349542  -9.508172  -8.252994
  -7.60554   -8.97434   -9.629682  -9.890044  -9.308304 -10.421672
 -10.447714  -9.794982  -9.369204  -9.467978 -10.23526  -10.640622
 -10.39766  -10.472074 -10.284792 -10.725418 -10.612434 -10.928534
  -9.974028  -9.69296   -9.683738  -9.157388  -8.802544  -9.223334
  -8.389642  -7.82768   -6.751954  -9.933544  -5.531402]"
1336,[-5.619968 -6.950778 -5.754412]
1337,"[ -7.608614  -6.787044  -6.366718  -8.588524  -8.718908  -6.140576
  -8.461446  -8.293188  -7.36368   -7.084178  -8.442016  -6.748126
  -6.958086  -9.304998  -8.363658  -9.4076    -8.884034  -8.416206
  -9.695338  -8.559582  -9.066212  -9.938416 -11.254088  -6.991958
  -5.652158  -6.49223   -6.292884  -8.501234  -8.807416  -8.842912
  -8.296146  -8.274976  -8.753766  -8.23107   -8.193892  -8.565788
  -8.487952  -7.98312   -8.045412  -7.290716]"
1338,"[ -9.599696  -9.163652 -10.126858 -10.431068 -10.461576  -8.642696
 -10.356538  -9.672776  -7.20795   -6.635374  -7.484204  -9.647836]"
1339,"[ -9.099562  -9.207268  -8.96738   -8.45118   -9.716856  -8.624948
  -8.892966  -9.622606  -9.763082 -10.757666  -8.993596  -7.888174
  -9.07526   -9.76111  -10.01225  -10.468478  -9.058266  -9.324486
  -9.030368  -9.815746 -10.485066  -9.863596  -9.44936   -8.698782
  -8.245686  -9.29798   -8.333846  -8.967496  -8.63504   -8.99116
  -9.174324  -6.828746]"
1340,"[ -9.631886  -9.21649   -9.194566  -9.828158  -9.480854  -9.600508
  -9.497094  -8.526116  -8.600182  -9.002992  -9.675444  -9.391708
  -9.397566 -10.49539   -8.43291   -7.16938   -8.593222  -8.263782
  -6.95043   -7.965488  -9.036284  -7.068808  -8.363484  -9.382022
  -9.45168  -10.36257   -7.457234 -10.017702  -8.912686  -9.070156
  -9.120558  -9.200598  -6.495826  -5.237632  -5.820068  -8.543632
  -7.819154  -9.608976  -9.532474  -8.581564  -8.477744  -9.299546
 -10.048906  -8.64867  -10.833704 -10.24251   -9.086628  -8.738976
  -8.868258  -9.417634  -9.479056  -8.209784  -9.168524  -9.61843
  -9.681012  -9.93192   -9.813136  -9.229018  -9.879024  -9.605148
  -9.76633   -9.541     -9.758674  -9.80432   -9.76952   -8.497812
  -9.757224  -9.599522  -8.942092  -9.482942  -9.580382  -8.788276
 -10.319708  -7.886202  -6.363818  -7.630712  -6.106124  -8.763046
  -7.631988  -8.945398  -9.297922  -9.487582  -9.244678  -9.498196
  -9.765808 -10.005174  -9.633104 -10.014222 -10.389134  -9.42442
  -9.760936  -9.6802    -9.674284  -9.313756  -9.620228  -9.95396
 -10.146636  -8.706786  -9.134188  -9.1756    -9.448664  -9.766852
  -8.389062  -9.753744  -8.664214  -7.639818  -7.39355   -8.02604
  -8.863792  -9.142308  -8.88647   -9.062964  -9.5323    -9.082974
  -9.050668  -8.79048   -8.95259   -9.236558  -9.012446  -8.807706
  -8.984896  -9.122646  -9.418156  -9.137088  -8.512892  -7.848386
  -7.52608   -8.842448  -9.535954  -9.414966  -8.18438   -7.215142
  -8.112982  -5.191522  -6.020168  -7.595796  -8.958216  -6.760248
  -5.081496]"
1341,"[-8.599718 -8.290578 -8.652788 -8.489982 -8.68115  -8.369458 -8.073484
 -9.000382 -8.426646 -8.73857  -8.48424  -8.716414 -8.638926 -7.956266
 -8.618626 -8.694606 -8.672798 -8.89227  -8.552738 -8.619612 -8.676974
 -8.57907  -7.148326 -9.387648 -8.495782 -8.076268 -8.49207  -8.771688
 -8.53238  -8.477744 -8.45147  -8.733466 -8.574894 -8.99667  -7.88075
 -8.065712 -8.937684 -8.80527  -8.26732  -8.661488 -8.394456 -8.493056
 -8.615726 -8.64867  -8.540674 -8.596876 -8.484762 -8.827542 -8.612478
 -8.309544 -9.076594 -8.343532 -8.80092  -8.77308  -8.425776 -8.598094
 -8.276194 -8.631502 -8.364876 -8.475888 -8.664504 -8.615726 -8.786246
 -8.003536 -8.723084 -8.581274 -8.571936 -9.11267  -8.650758 -8.698028
 -8.945572 -8.601342 -8.559988 -8.466724 -8.861994 -7.868338 -9.060876
 -9.293746 -8.527566 -7.798564 -8.958912 -8.722098 -8.484704 -9.138654
 -8.62895  -8.773254 -8.016296 -8.342082 -8.621932 -8.356118 -8.12667
 -8.605866 -8.340342 -8.543748 -8.9726   -8.396544 -9.16574  -8.356234
 -6.509456 -6.86488  -8.989884 -7.518424 -8.496362 -8.783868 -8.547518
 -9.347396 -8.704988 -8.540616 -8.54224  -6.93622  -8.29864  -8.866576
 -9.14225  -8.87661  -8.68057  -8.397588 -8.396776 -9.327444 -9.247694
 -8.680164 -8.908452 -8.230664 -8.419222 -8.68434  -8.319346 -8.13479
 -8.772326 -9.30842  -8.87922  -8.835662 -8.589742 -8.73567  -8.503322
 -8.519968 -8.573734 -9.09962  -9.036806 -9.300416 -9.0567   -8.949748
 -8.419048 -9.010416 -9.518032 -9.139582 -8.586958 -9.154894 -9.404294
 -9.243634 -9.10658  -9.078682 -8.516836 -9.479578 -9.258134 -7.959456
 -9.006008 -8.4651   -8.869302 -8.392426 -8.387206 -8.31981  -8.78323
 -8.268538 -6.862502 -5.990646 -6.332614 -8.450078]"
1342,"[ -9.116498  -8.332164  -9.266486  -9.077406  -9.39426   -9.358706
  -9.097126  -9.295196  -9.249898  -9.023756  -9.140162  -9.335854
  -9.120732  -8.7957    -8.761886  -9.578816  -8.859616  -9.439848
 -10.074948  -8.75481   -9.382834  -8.985302  -9.609672  -8.873014
  -8.559466  -9.47169   -9.059078  -9.859594  -9.458118  -9.179486
  -9.241372  -8.726854  -8.98449   -9.477606 -10.285952  -9.04452
  -9.362766  -8.852018  -8.907582 -10.202084 -10.09867   -8.591366
  -9.595056  -9.574466  -9.535084  -9.555326 -10.450034 -10.043976
 -10.157192  -9.377846  -9.28957   -9.332896  -9.096952  -9.405918
  -9.226234  -8.42769   -9.333592  -9.088136  -9.414038  -8.850452
  -9.40441   -9.588908  -8.75423  -10.101454  -9.508694  -8.809446
  -8.625644  -9.148456  -9.579222  -9.171308  -9.004558  -9.358532
  -9.15878   -9.247404  -9.070446  -9.814528  -9.067488  -9.281972
  -9.117194  -9.13123   -9.309928  -8.99754   -9.333476  -9.47865
  -9.441182  -9.373206  -8.98362   -8.70522   -9.031876  -9.048
  -8.932522  -9.152574  -9.39484   -9.822648  -8.958738  -9.762966
  -8.77221   -9.221884  -9.21939   -9.494716  -9.15182   -8.956244
  -8.901086  -9.111974  -9.36381   -9.633394  -8.693214  -9.03234
  -8.862748  -9.057106  -9.380224  -8.94824   -9.055714  -8.346374
  -8.715138  -9.36671   -8.876552  -9.476504  -9.31944   -9.009372
  -8.641478  -8.864894  -8.162282  -8.43465   -8.580984  -8.381058
  -9.581948  -7.200062  -8.965814  -9.370654  -9.395652  -9.462468
  -9.251812  -8.288606  -8.97115   -8.803704  -9.593838  -9.314336
  -9.596332 -10.484022  -9.06801   -9.125024 -10.361758  -9.286148
  -9.492976 -10.126046  -9.242474  -9.104492  -9.09208   -8.778126
  -9.297922  -8.771456  -9.328488  -8.912222  -9.038372  -8.519504
  -8.698608  -9.389794  -9.259758  -9.083728  -8.915528  -9.285626
  -9.265964  -9.044578  -8.921386  -9.040228  -9.165856  -9.483058
  -9.60799   -8.975964  -9.671442  -9.475982  -9.331272  -9.28
  -8.754578  -9.19938   -8.470088  -9.425406  -9.66077   -9.091616
  -9.322282 -10.427994  -9.203266  -7.640398  -9.03176   -9.168756
  -9.231396  -9.931746  -9.219912  -9.64453   -9.707286 -10.402532
  -9.568782  -9.703226  -8.363948  -9.589604  -9.617908  -9.172178
  -9.32814   -8.877364 -10.272496  -9.178558  -9.160694  -9.633916
  -9.194566 -10.361004  -9.272924  -9.688204 -10.509542 -10.119434
  -8.216164  -8.4883   -10.210378 -10.121232  -8.47728   -9.435498
 -10.124712  -9.16864  -10.63401   -9.094864  -8.721576 -10.225284
  -9.66918   -8.946094  -9.137436  -9.176992  -9.25303   -9.36381
  -9.09063   -9.159534  -8.86269   -9.60364   -9.151008  -9.73095
  -9.138654  -9.34119   -9.816964  -9.775262  -8.739498  -9.785876
  -9.135406  -9.36004  -10.102266 -10.097626  -8.646292  -9.313466
  -9.753396  -9.40615   -9.758384  -9.473256  -7.972912  -9.332838
  -9.452202  -9.086338  -9.350412  -9.242068  -9.263354  -9.44733
  -9.452434  -8.27718   -8.778126 -10.138864 -10.68592   -9.003862
  -8.962624  -9.3032    -8.59067   -9.153096  -9.235514  -8.971614
  -9.195668  -9.440486  -9.811918  -8.905436  -9.976116  -9.044636
  -9.069576 -10.575024  -9.01842   -9.028164  -8.544966  -9.338638
  -8.741586  -9.33887   -9.25506   -8.989594  -9.359054 -10.114156
  -9.052582  -9.487408  -9.633568  -9.306448  -8.919298  -9.245258
  -9.232904  -9.119862  -9.642152  -8.95607  -10.045716  -8.491896
 -10.07228   -9.31683   -9.07265   -9.673124  -9.296356  -9.175368
  -8.982286  -9.226872  -9.050494  -9.22403   -9.63873   -9.001658
  -9.526732  -9.154894  -9.293108  -9.22229   -8.616712  -8.964364
  -9.397566  -9.21794   -9.485958  -8.977646  -9.330112  -9.183256
  -9.481028  -9.126474  -8.587306  -8.93374  -10.39041   -8.900216
  -8.836532 -10.514704  -9.504982  -9.270604  -9.450868  -9.187896
 -10.323014  -9.65584   -8.904508  -9.008096  -9.379644  -9.39803
  -8.887224  -9.107334  -9.280406  -9.162492  -9.066328  -9.212604
  -9.097706  -9.56275   -9.191202 -10.049428 -10.210436  -8.909206
  -9.057744  -9.228496  -9.393042  -9.185982  -9.043418  -8.56138
  -9.232556  -8.799528  -9.225944  -9.08164   -9.113772  -9.104144
  -9.311146  -9.224842  -9.18256   -8.958158  -9.192014  -9.17676
  -8.925214  -8.779054  -9.377382  -8.749416  -9.337594  -9.191608
  -9.221826  -8.821742  -8.070932  -8.506106  -8.345968  -8.756492
  -9.593316  -8.273178  -9.358532  -9.64511   -9.055308  -8.833516
  -8.459706  -9.181748  -9.139408  -9.176412  -8.61213   -9.2452
  -8.921154  -9.74197   -8.775574  -9.354124]"
1343,"[ -9.465948 -10.182306 -10.571196 -10.336876 -10.277368 -10.817986
 -10.546836  -9.840918  -9.658044 -10.53396   -9.495122 -10.08707
  -9.80055   -9.71819   -9.52389   -9.643544 -10.080516  -9.594882
  -9.559328 -10.350042  -9.388286  -9.509216  -9.593374  -8.304614
  -8.760784 -10.357118  -9.868004  -8.874754  -8.00342   -8.273294
  -9.802464 -10.561336 -10.261766  -9.944332  -9.508984  -9.269096
  -9.745566  -9.94352   -9.5468    -7.662554  -9.91539   -9.022886
 -10.520098  -9.182792  -9.939344 -10.600138 -10.00268   -9.800782
 -11.374322 -12.205578 -11.248926 -11.174396  -9.547554  -9.046666
  -7.288744  -7.164044  -7.951568  -8.633822  -7.66702   -8.324624
  -8.272482  -7.457582  -6.187498  -6.810302  -8.623672  -8.69565
  -9.730254 -10.078834  -9.642152  -8.17713   -9.449592  -9.010242
  -9.132158  -9.677764  -9.98644  -10.33676  -10.377244 -10.35938
 -11.151138 -11.2317   -10.998192 -10.780982 -11.267602 -11.010198
 -10.974412 -10.850698 -11.37786  -10.978472 -11.393288 -11.271024
 -10.673276 -10.47857  -10.357234 -11.580106  -9.1611   -10.430314
  -9.888652  -8.951836  -9.535838 -10.945412  -8.536962 -10.403402
 -11.25258  -11.065588 -11.087164 -10.736206 -10.691778 -11.147948
 -10.68853  -10.908872 -11.329662 -11.037574 -10.392672 -10.472654
 -10.488314 -10.371966 -10.128772 -10.105572  -7.094618  -7.810454
  -8.551868  -9.314104  -8.526     -8.94157  -11.001846 -11.061586
 -10.790842 -11.444212 -10.528392 -10.74189  -11.434584 -10.898142
 -11.030382 -10.654194 -10.584884  -9.51461  -10.734408 -10.455544
 -10.38548   -9.27304  -10.346272  -8.580578 -10.130222 -10.193616
 -10.648858  -9.79736   -7.547076  -8.44335   -8.524318  -8.590902
  -8.907118  -8.614682  -8.892792 -11.323398 -10.889906 -10.44261
 -10.027446 -11.259656  -9.962022 -10.68563  -10.696418 -11.23866
 -11.268298 -11.042098 -11.627086 -11.53446  -11.130606 -10.702508
 -11.402916 -11.198988 -10.351956 -10.032202 -10.77031  -11.152878
 -10.529552 -11.181704 -10.461924 -10.602284  -8.744138  -8.677554
  -7.215374  -8.835836  -9.10426   -9.619648  -9.758326  -9.299198
  -9.115802  -9.31364   -9.580962  -9.816674  -9.959586  -9.099794
  -8.184786  -7.46866   -7.841252  -8.5463    -8.25659   -9.191202
  -9.295486  -8.891284  -9.442342  -9.209704  -9.5207    -9.741448
  -8.920458  -9.62974   -9.46009   -8.887514  -9.016564  -9.274896
  -9.288236  -9.44327   -9.461482  -9.045738  -8.752374  -9.304592
  -9.384922  -9.625506  -9.98673   -9.613268  -9.314452  -8.994176
  -9.534678  -8.834212  -9.129664  -9.367116  -9.30088   -9.18401
  -9.068126  -9.171424  -9.318338  -9.484856  -9.269792  -8.549954
  -9.59001   -9.71993   -9.709722  -8.729232  -9.603118  -8.422818
  -9.096082  -9.615878  -9.592852  -9.387474  -9.40064   -8.967728
  -9.507824  -9.230642  -9.497964  -9.104202  -7.97877   -7.266704
  -5.80232   -6.645698  -7.53681 ]"
1344,"[ -9.450752  -9.713608  -9.530908  -9.644066  -9.395246  -9.133318
 -10.029302  -9.995546  -9.2104    -8.279732  -8.805502  -8.49787
  -9.250362 -10.37272   -9.227684  -8.164196  -7.211836  -8.405476
  -9.123284  -6.937786  -6.841042  -8.814898  -8.955258  -9.288468
  -9.657464  -9.54564   -9.56217   -9.61669   -9.092254  -9.582238
  -9.51258   -9.83448   -9.30552  -10.0804    -7.756456  -7.957078
  -9.49779   -9.536012  -9.541232  -6.686646  -6.17468   -7.981496
  -9.262832  -7.743058  -7.236718  -8.385466]"
1345,"[ -8.664678  -7.08354   -8.735496  -7.319658  -9.090398  -7.002166
  -8.408318  -8.779634 -10.066654  -9.839468 -10.353986  -9.530676
  -8.901202  -9.236326  -9.040402 -10.132948  -7.920828  -8.071222
  -9.853852  -9.608396  -9.343916  -7.68384   -8.48105   -8.96651
  -8.854918  -8.328684  -5.048262  -5.578498  -9.01929   -5.682492]"
1346,[-6.923982 -8.055562 -5.358156 -5.006154]
1347,"[-12.601892 -12.585594 -12.965842 -12.408346 -12.301046 -12.467912
 -12.816608 -12.368616 -11.614964 -12.71708  -12.804254 -12.727868
 -12.888876 -12.35052  -12.771368 -12.58658  -12.993334 -12.63994
 -12.479512 -12.764872 -12.91515  -12.986026 -12.93545  -11.68903
 -12.372328 -12.890558 -13.107014 -12.837604 -13.035558 -12.924778
 -12.848856 -12.52974  -12.647248 -12.823046 -12.760928 -13.088222
 -12.353884 -12.438796 -12.767656 -12.761044 -12.760522 -12.864342
 -12.849552 -12.74753  -12.515472 -12.411942 -12.574516 -12.957316
 -12.988868 -12.694576 -12.299364 -12.835168 -12.784186 -12.87919
 -12.981328 -12.769222 -12.823394 -12.201576 -11.73514  -12.548242
 -12.718472 -12.551084 -12.569412 -12.749038 -12.438564 -12.34675
 -12.775428 -12.803674 -12.833602 -12.814288 -12.371806 -12.788188
 -12.56193  -12.967234 -13.049246 -12.656296 -12.683556 -12.5483
 -12.646262 -12.941482 -12.556246 -12.493954 -12.774442 -12.711686
 -12.43404  -12.46275  -12.592786 -12.585188 -12.93313  -12.624512
 -12.750604 -12.647016 -13.003426 -12.68982  -12.314618 -12.71099
 -12.818348 -12.87919  -12.650264 -12.972512 -12.897866 -12.969264
 -12.74028  -12.646958 -12.616218 -12.93603  -12.86672  -12.599166
 -12.682918 -12.692082 -12.889746 -12.846826 -12.573878 -12.498826
 -12.763306 -12.65966  -12.135572 -12.460082 -12.88673  -12.870432
 -12.833428 -12.776356 -13.115424 -12.881452 -12.924778 -12.769686
 -12.008552 -12.588726 -12.981676 -12.76783  -13.02854  -12.69301
 -13.021754 -13.136188 -12.949312 -12.82641  -12.129018 -11.880604
 -12.895372 -12.697592 -12.690632 -12.85338  -12.380622 -12.424238
 -12.765684 -13.08335  -12.497956 -12.962768 -12.57904  -12.486356
 -11.87666  -12.42795  -12.718994 -12.331264 -12.862196 -12.221296
 -12.487748 -12.385958 -12.105876 -12.833892 -12.828382 -12.635938
 -12.996582 -12.661516 -12.807792 -12.463214 -12.67068  -12.671492
 -12.58861  -12.937828 -12.211262 -12.71389  -12.72636  -12.752518
 -12.77392  -13.058352 -12.695098 -12.85309  -12.445118 -12.502712
 -12.746486 -13.115888 -12.523244 -12.574632 -11.486842 -12.258358
 -12.56483  -11.62059  -12.377316 -12.851466 -12.885454 -12.589538
 -11.37612  -12.421744 -12.45695  -11.499834 -12.396398 -12.78262
 -12.8615   -12.491518 -12.932898 -12.63356  -12.12722  -12.81887
 -12.476322 -12.928026 -12.514196 -12.80698  -12.750546 -12.700028
 -12.872404 -12.82496  -12.662212 -12.912424 -13.065486 -12.562858
 -12.708786 -12.691096 -12.922864 -12.909466 -12.666156 -12.844912
 -12.89398  -12.614942 -12.803616 -12.89978  -12.454108 -12.639534
 -12.461242 -12.97083  -13.038748 -12.749444 -10.839794 -12.102512
 -12.706292 -12.425166 -12.541224 -12.3308   -13.005224 -12.620394
 -12.810692 -12.70635  -12.766148 -12.8296   -12.761276 -12.505206
 -12.825308 -12.835284 -12.628224 -12.568716 -12.918746 -12.67474
 -12.936668 -12.084648 -12.7513   -12.795438 -12.703856 -13.103302
 -12.99693  -12.988114 -12.774558 -12.900418 -12.911438 -12.473828
 -12.320244 -12.830992 -12.230518 -12.617088 -13.004354 -11.73021
 -12.287532 -12.913062 -12.907494 -12.779778 -13.010502 -12.85715
 -12.89224  -12.288518 -12.495114 -13.029642 -12.87948  -11.9161
 -12.727868 -12.341994 -12.808662 -12.788072 -12.17942  -12.401676
 -12.467796 -12.50306  -12.197226 -12.46855  -12.803094 -12.685238
 -12.124262 -12.633386 -12.669346 -12.451324 -12.892762 -12.271814
 -12.583854 -12.33283  -12.644406 -12.37285  -12.801412 -12.0002
 -12.76232  -12.95314  -12.816318 -12.213698 -12.3801   -12.833834
 -12.466752 -12.47696  -12.80031  -12.931912 -12.895662 -11.539622
 -11.141568 -10.588306  -8.94998   -9.23389   -9.365376  -9.455856
  -8.452804  -8.50425 ]"
1348,"[ -9.664076  -9.087034  -9.855186 -10.415292 -10.319302 -10.259968
 -10.661444 -11.080262 -10.84977  -10.453456 -10.261592  -9.742608
 -10.178652  -9.820502  -9.20199   -9.258772  -9.652418  -9.34525
  -8.853178  -8.312328 -10.307354  -8.560104  -9.301808  -8.879394
  -8.463824  -7.777046]"
1349,"[ -9.419606  -9.165392 -10.925576 -11.06582  -10.896054 -11.586892
  -9.119978  -9.520642  -9.959238  -8.850046 -11.361214 -10.613536
 -10.890776 -11.018202 -10.433736 -11.242024 -10.697462 -10.657384
  -9.545988  -8.0649    -8.199576  -9.16429   -7.23492 ]"
1350,"[ -9.60045  -10.545502  -8.657486  -9.59465   -9.569768  -8.972484
  -9.724512  -9.802696 -10.091768  -9.468442  -9.837554  -9.742898
  -9.453072 -10.255618  -9.75183   -9.997112 -10.74102   -9.841788
 -10.221224  -9.209298 -10.310022  -9.799622  -9.701312  -9.413342
 -10.824134 -10.165138  -8.275962  -8.656268  -8.845986  -8.66723
 -10.208696  -9.970258  -9.077754  -9.764532  -8.512544  -9.739186
  -9.189578  -8.812926  -9.815398 -10.097452  -8.561786  -9.563214
  -9.014476  -8.138154  -8.654934  -8.777198  -8.020994  -9.27333
  -8.955838  -9.172758  -9.073984  -9.170786  -9.342698  -8.97492
  -8.894822  -9.319614  -9.04394   -9.040402  -9.512754  -9.055598
  -8.894242  -9.110698  -8.930028  -9.134188  -8.908278  -8.630516
  -9.075724  -9.08338   -8.180494  -8.504482  -8.99986   -8.943658
  -9.178094  -8.56689   -8.78671   -8.390744  -8.117158  -8.976196
  -8.603488  -9.05873   -8.183858  -8.816812  -8.63997   -7.031514
  -6.489562  -9.17009  -11.340798  -9.395478  -5.906314  -5.312742
  -6.682238 -10.500726 -10.23642  -10.204636  -9.137436  -9.41543
  -9.624172  -9.92467  -11.394796 -11.058164  -8.85689  -10.943962
 -10.681628  -8.799992  -8.853526 -10.9069    -9.275012 -10.44812
  -8.050052  -7.607802  -7.30481   -8.956476  -8.678192  -7.790618
  -6.564672  -7.906328 -10.290882 -10.882482  -9.434802 -11.463178
 -10.548228 -11.470486 -10.827382 -11.068546 -11.265108 -10.72623
 -10.216584 -10.833704 -10.624034  -9.077638 -11.135768  -9.783382
 -10.030578  -7.495456  -8.114838 -11.520076  -7.748974  -7.127388
  -7.487162  -7.881968  -5.826216  -6.67812   -9.885114 -10.959796
 -10.411696 -11.618618 -10.615044 -12.831862 -12.973382 -13.048376
 -13.082306 -12.589016 -12.763422 -12.348838 -12.631008 -12.82119
 -12.273728 -12.601486 -12.184988 -13.270226 -13.01636  -12.881452
 -12.457298 -12.749792 -12.613028 -13.225972 -12.785636 -12.837894
 -13.022508 -13.204628 -13.20486  -12.722242 -13.134622 -12.10721
 -12.122348 -11.441022 -10.899418 -11.91233  -10.67867  -11.010082
 -11.170162 -12.257778  -7.6705    -7.89815   -7.13023   -8.354088
  -8.189774  -9.121254 -10.573168 -11.00521   -9.77387   -9.599812
  -9.719234 -10.134282  -8.915006  -7.248086  -9.54448   -9.983946
  -9.102114  -9.655782  -9.367928  -9.188998  -8.676858  -9.020508
  -9.598768  -9.167364  -8.620366  -9.290324  -9.806408  -9.28464
  -8.674074  -7.904878  -9.184184  -9.465716  -9.210922  -7.886144
  -8.779112  -8.721576  -9.141902  -8.67477   -8.93722   -8.866576
  -8.316562  -9.688378  -8.985882  -8.819596  -7.958934  -8.879336
  -9.61437   -9.042026  -8.346664  -7.804248  -7.791546  -7.40428
  -8.910888  -8.101324  -5.755282  -6.437188  -6.820858  -8.586204
  -9.449708 -10.906436  -8.546532  -9.821198  -8.73596   -8.396776
  -9.38063   -9.96759   -9.661698  -9.869396  -9.210284  -9.383298
  -9.954772  -6.692272  -5.587952  -5.08022   -5.280726  -6.555624
  -8.283792]"
1351,"[-11.342016 -11.01362  -10.771644 -11.37699  -10.305672 -10.19292
  -9.709548 -10.713934 -10.404214 -11.712114 -10.680062 -10.342618
 -11.306578 -11.137972 -10.937814 -10.82918  -10.806038 -10.24135
 -10.631864  -9.646618 -10.581462 -10.622468 -10.768744 -10.80076
 -10.909162  -9.862842  -7.09949   -6.802704  -9.693888  -8.723432
  -8.375316  -9.219506  -9.597202  -7.45532   -8.846566  -8.00516
  -9.218404 -10.026576 -11.406744 -10.59515  -10.899186 -11.294108
  -9.56333   -8.212278 -10.785506 -11.028874 -11.22474  -11.555978
 -11.025104 -10.882192 -10.953764  -7.818864  -7.360838 -10.063174
  -9.156982  -8.864662  -9.069518  -9.801478  -6.184482]"
1352,"[ -8.411798 -10.39447   -9.987658  -9.129374  -9.048232 -10.12245
  -9.902514  -9.491236  -8.00023   -7.896468  -8.577562  -8.135022
  -8.497754  -8.974978  -8.025634  -8.109618  -8.295392  -9.021146
  -8.580752  -8.744602  -8.765308  -8.294348  -8.619786  -8.179682
  -8.460402  -8.470378  -8.466956  -8.490678  -8.75104   -8.16321
  -8.1316    -9.01407   -8.449324  -8.31314   -8.692402  -8.058288
  -8.511848  -8.896504  -8.214772  -8.405592  -8.550418  -8.35867
  -8.616886  -7.908938 -10.672464 -11.40367  -10.84339  -10.007842
 -10.164152 -10.316576  -8.994234  -9.569304 -10.286358  -9.213474
  -8.89691  -10.144084 -10.445684 -10.085214  -9.240676 -10.551012
 -11.36539  -10.07315  -10.184278 -10.46755  -11.062688  -7.882606
 -10.288214  -9.638904  -8.964712  -8.489112  -9.630436  -9.86464
  -8.415394  -7.70675   -5.442372]"
1353,"[-10.0543   -10.07054  -10.407752  -9.727528 -10.103078  -9.982728
  -9.935168  -9.853214  -9.875022  -9.696498  -8.797324  -9.49402
  -9.976116 -10.05952   -8.96593   -9.997692  -9.82549  -10.006102
  -9.53317   -9.986324  -9.608048  -9.990674  -9.78025   -9.39426
 -10.045252  -9.997402  -9.452666  -9.816326 -10.163862  -9.889058
  -9.47865  -10.288214  -9.203962  -9.674632  -9.93337   -9.750322
 -10.061434  -9.589604  -9.813194  -9.197698  -9.784948  -9.744232
 -10.042758  -9.631248  -9.58943   -9.96904   -9.343974 -10.02646
  -8.9291    -9.3351    -9.379586  -9.729964  -9.661466  -9.750844
  -9.338116 -10.395166  -9.033616  -9.070446 -10.081966  -9.559444
  -9.647488  -9.956918  -9.524644 -10.01544   -9.05003   -8.017804
  -7.9054    -7.788356  -7.673226  -9.564954  -9.999896 -10.480426
  -8.836242  -8.492882  -7.12675   -9.700268  -8.993654  -9.977276
 -10.058418 -10.196922  -7.901746  -9.547032  -9.153734  -7.208182
  -9.35917   -8.743732  -9.022364  -9.813658  -9.459046  -9.185402
 -10.056446  -9.361374  -9.06163   -9.724396  -9.795098  -9.652012
 -10.178536  -9.362418  -9.90234   -9.594186  -9.988586  -9.694178
  -9.655318  -9.557588 -10.09983   -9.610078  -9.66715  -10.061376
  -8.495782 -10.08823   -9.402728  -9.110524  -9.510318  -8.894242
 -10.081908  -9.74313   -9.37164   -9.598768  -9.448838  -8.613058
 -10.006102  -9.382138 -10.277194  -9.394028  -8.784738  -9.88262
  -9.801362  -8.954794  -8.791466  -9.480216  -8.427748 -10.147738
 -10.081966  -9.518902  -8.408318  -7.757442  -8.407622  -8.43001
 -10.447134  -8.31053   -7.064748  -7.93875   -7.872456  -8.667288
  -6.490316  -5.171222  -6.866388  -8.848538  -6.330294  -7.17605
  -9.601204  -6.471002  -7.355328  -9.25303   -8.23774  -10.450382
 -10.657268 -10.891356 -10.68389  -11.628942 -11.161056 -11.18211
 -11.046738 -10.935146 -10.812244 -10.810678 -10.478686 -10.239494
 -11.533474 -10.918384  -8.944702 -11.45152  -10.027388 -11.689494
 -11.425478 -11.803812 -11.240342 -11.521352 -11.228742 -11.942838
 -10.967916 -10.755462 -10.727796 -10.580012 -10.454442 -11.036124
 -10.545734  -9.68223   -9.135406  -9.224378 -10.250688  -9.68745
 -11.073302 -11.505228 -10.70129   -9.345656  -9.773928 -12.088708
 -11.249506 -10.727042 -10.431358  -9.158374  -9.497268  -9.881228
 -10.494752  -9.021262  -8.690256  -7.92918   -7.780642  -9.348788
  -8.826208  -9.18604   -6.571748]"
1354,"[ -8.630748  -9.256046  -9.450462  -9.270662  -8.950734  -9.308478
  -9.45197   -9.625274  -9.534852  -9.476272  -9.24694   -9.00334
  -9.601204  -9.827868  -9.617096 -10.14014  -10.90806  -10.127554
  -9.974376 -11.035776 -10.313154 -11.205832 -10.376838 -10.695432
  -9.890392 -10.518648 -10.783186 -10.348998 -10.531524 -10.464302
  -9.907212  -8.029404  -9.246534  -7.89032   -8.138386  -6.564382
  -7.342394  -6.11697   -8.023372  -5.976958]"
1355,"[ -7.343612  -7.792764  -6.123466  -5.68661   -7.205514  -9.912954
  -8.621236  -9.807974  -8.1838    -9.55028   -8.729986  -7.439544
  -8.080908  -9.629334  -9.833726  -9.904892  -9.388634  -9.632524
 -10.337224  -9.083264  -9.27188   -7.083946  -6.145564  -5.130854
  -5.968548  -9.506026  -8.735554  -9.506838  -9.62858  -10.599326
 -10.680294 -11.178108 -10.847392 -10.2544   -10.693576 -10.237928
 -10.897504 -11.134782 -11.364636 -11.478142 -11.315162 -11.37873
 -10.706394 -11.149514 -10.203534  -9.757514  -9.504576  -9.408876
  -9.036864  -9.515886  -9.563852 -11.259076 -10.737192 -10.640448
 -10.722402 -10.25846  -10.460706 -10.11665   -9.49228  -10.066132
 -10.342154 -10.893734 -10.242104  -8.781026  -9.057976  -9.307492
  -8.862342  -8.911294  -8.504424  -8.413074  -7.889914  -8.69623
  -8.514806 -10.566266  -9.598884 -10.28021   -9.315612  -9.293572
  -9.859188 -11.098996 -10.29152  -10.29471  -10.605938  -8.999686
  -9.765228 -11.00086   -7.781918 -11.045868  -8.657312  -9.420244
 -10.825468  -8.347766 -10.568006  -7.66006   -9.338406  -9.364564
  -8.509412 -10.575372  -8.916804 -10.79525  -10.908756 -10.492722
 -11.313596 -11.373162 -10.566266  -9.656826  -7.726702  -6.159832
  -7.031224  -6.428952  -5.66399   -8.812404  -9.687276  -9.290266
  -8.731784  -8.330598  -8.56834   -9.279768 -10.419062 -11.370146
 -10.650018 -10.959274 -10.649786 -11.243706 -10.990594 -10.50293
 -10.940946  -9.757572  -7.94658   -8.56573   -8.729     -9.031702
  -7.477186  -7.354226]"
1356,"[-12.999772 -13.73092  -13.03666  -13.26808  -11.04059  -11.051552
 -13.101504 -12.584434 -12.82931  -13.299922 -12.909988 -11.63596
 -10.766424 -11.28825  -13.67234  -13.175976 -12.738308 -12.448076
 -11.921436 -12.750604 -12.614536 -12.99577  -13.190302 -13.231076
 -12.075426 -12.1249   -12.02079  -12.684658 -12.214452 -12.837894
 -12.477482 -12.948848 -11.048652  -9.20779  -10.808126 -11.52518
 -11.727252 -13.510984 -13.818674 -13.573682 -12.531248 -11.872832
 -13.67147  -13.82981  -13.50878  -13.008878 -12.863994 -12.378128
 -13.278114 -13.590618 -13.878414 -12.125016  -8.773776  -9.747016
  -9.755832  -9.596216  -8.985824  -9.14051   -8.263492  -8.542588
  -8.038742  -6.169692  -6.714138  -6.655674  -8.58574   -8.012004
  -9.439442 -11.72586   -9.479578  -9.882272  -9.467108  -9.898338
 -10.164558  -9.757862  -9.150834  -6.532598  -7.29031   -8.359308
 -11.50343  -11.061296 -11.28245  -11.691872 -10.291636  -6.99451
  -6.415612  -9.524238  -8.916688  -9.160926  -8.079284  -8.938554
  -9.774218  -8.132412  -8.252182  -9.100432  -9.20634   -9.061456
  -8.972426  -9.053742  -7.245244  -8.405476  -8.06461   -8.410058
  -9.255466  -9.713898  -7.39674   -8.02633   -8.191398  -8.36882
  -6.904378  -7.393086  -7.986484  -8.852714  -9.17096   -8.95433
  -9.441762  -8.069424  -8.398342  -6.619018  -6.781128  -7.725832
  -7.99704   -7.68471   -8.137574  -7.849546  -6.172882  -7.393376
 -10.487792  -8.2563   -10.279456  -7.148442  -9.04597   -7.781686
  -6.538108  -9.153676  -7.750192  -7.947914  -8.303048  -8.357394
  -7.715624  -8.818842  -9.741448  -8.05446   -5.652332  -6.169924
  -7.184692  -9.754962  -7.222566  -7.818632  -6.64245   -7.921002
  -8.13972   -8.833458  -8.876842  -6.929492]"
1357,"[ -8.44799   -6.91969   -7.038648  -6.996424  -9.085294  -9.382312
  -8.092972  -6.85995   -8.352     -8.596992  -8.302236  -8.091406
  -8.288954  -8.25282   -8.001796  -8.628022  -8.320332  -8.982344
 -10.216526  -9.485204  -9.49228   -9.907212  -8.661778 -10.079472
  -7.995764  -6.491998  -8.604822  -6.807634  -9.732516  -7.896468
  -8.183858  -9.626202 -10.547996  -9.744232  -8.422992  -8.66868
  -6.873464  -7.403758  -7.73894   -6.324784  -7.714058  -9.778626
  -9.293166  -9.352268  -8.444974 -10.213336  -9.36497   -7.678678
  -9.041388  -8.17568   -9.254016  -7.03308   -7.086556  -5.291282]"
1358,"[-10.964784 -10.503858  -9.900194  -8.870636  -9.74603   -9.433352
  -9.33423   -9.332432 -10.400966  -7.097576  -5.75128   -5.40183
  -6.461432  -6.56241   -5.799768  -6.141446  -7.1891    -7.63918
  -7.791082]"
1359,[-9.806234 -8.707656 -9.111626 -8.17771  -6.181698]
1360,"[-10.269248 -10.440638  -8.58661   -9.514436  -9.780366  -9.269618
  -8.099352  -8.928288  -8.207812  -7.861088  -7.050074  -8.411566
  -7.563722  -9.202686  -9.202222  -9.92728   -9.198858  -8.80817
  -8.493926  -8.632778  -8.326132  -9.032862  -7.739462  -8.552912
  -8.416264  -8.547924  -8.63939   -7.85726   -9.448374  -8.768904
  -8.742282  -8.147202  -9.28348   -8.837634  -9.755136  -8.928288
  -8.304266  -8.477338  -6.46729   -5.674778  -6.674176  -6.688038]"
1361,"[ -8.862806  -9.299256  -9.153908  -8.736714  -9.838076 -10.351666
  -9.82955   -9.1176    -9.554108  -9.235282  -8.535686  -9.190564
  -9.180008  -9.545756  -8.970222  -9.508578  -8.942034  -9.55144
  -9.305578  -9.123922  -9.034022  -9.763024  -9.242358  -9.113308
  -9.742724  -8.542588  -9.445706  -9.881634 -10.317736  -9.121196
  -9.589952  -9.369146  -8.972832  -9.770274  -8.701044  -8.04837
  -9.685652  -9.81766   -9.518902  -9.33916   -9.577656  -9.22809
  -9.371524  -9.718074  -9.604858 -10.49365   -8.739034  -9.225422
  -9.560314  -9.328198  -9.454     -9.261208  -9.288642  -9.26695
  -9.002238  -9.57841   -9.061282  -8.824294  -9.962138  -9.800028
  -8.836706  -9.19242   -9.325008  -9.445938  -9.543842  -8.91402
  -9.407194  -9.737678  -9.350702  -9.097938  -9.521918  -9.182386
  -9.22316   -9.894394  -8.713224  -9.581658  -9.22403   -9.23882
  -9.468616  -9.512116  -9.123342  -9.274548  -9.178674  -9.582238
  -9.16777   -9.347918  -9.316598  -9.559444  -9.325066  -9.31277
  -9.337536  -9.477896  -9.895902  -7.988804  -6.755202  -8.710788
  -8.567296  -8.558016  -8.691474  -8.241162  -8.879974  -7.121588
  -9.619184 -10.38693   -9.970026 -10.356422 -10.696244 -10.00993
 -10.454384  -9.902282 -10.551766 -10.167632 -11.24794  -10.902782
 -12.954938 -11.888724 -12.431894 -12.01122  -11.466078 -12.64429
 -12.722242 -12.776472 -12.41983  -12.45753  -12.338514 -12.262128
 -13.207644 -12.713194 -11.010894 -12.64545  -12.37227  -12.362642
 -13.052204 -12.076528 -12.754142 -12.941076 -12.660762 -12.651888
 -12.871418 -11.666236 -13.021174 -12.308644 -13.242038 -11.510506
 -11.735488 -13.201032 -12.491286 -12.859528 -12.498942 -12.432474
 -13.244242 -13.280376 -12.999598 -12.333874 -12.665054 -12.287242
 -11.710258 -13.14715  -13.419866 -12.930172 -13.302648 -12.311312
 -13.157764 -13.177194 -12.590814 -12.11562  -13.325674 -12.890906
 -12.420062 -13.176208 -13.295398 -12.087838 -12.496564 -13.094602
 -13.066414 -12.992696 -12.025952 -12.684948 -12.214568 -13.12192
 -13.132592 -11.063442 -10.983576 -12.340312 -13.221622 -12.504742
 -10.568934 -11.620822 -12.108022 -10.691256 -12.236376  -9.26869
 -11.706314 -12.742832 -12.69011  -11.925554 -13.26518  -12.827512
 -13.37944  -13.1776   -12.867938 -12.856338 -12.006522 -12.859354
 -10.806096 -10.738294 -12.280572 -10.411348  -8.81542   -9.948392
  -9.063602  -8.941976 -10.544284  -8.807242  -8.541834  -9.995314
 -10.128772  -9.35975   -9.388518  -9.409398  -8.628486  -9.475228
  -9.460438  -9.330866 -10.2022    -9.04539   -9.250884  -9.204716
  -9.270894  -8.896156  -8.974572 -10.100642  -9.52157  -10.086838
  -9.202686  -9.904486  -9.342408  -9.73559   -9.30117   -9.386662
  -9.692728  -9.875022  -9.682868  -9.871368  -9.670166  -9.515364
  -9.809192  -9.599232  -9.480332  -9.72225   -9.282668  -9.7759
  -8.794424  -9.503532  -9.957962 -10.189846  -9.47169   -9.585544
  -9.801768  -9.634322  -9.377614  -9.859826  -9.83593   -8.908452
  -8.139952]"
1362,"[ -8.692112  -8.197198  -8.35838   -8.431518  -7.802276  -9.681708
  -9.763836  -9.787094 -10.132368 -10.507744 -10.189962 -10.730406
  -9.271416  -9.613674 -10.370574 -11.468572 -10.987404 -10.93416
 -10.62357  -10.504554 -10.61284   -9.801884  -7.193218]"
1363,[-9.432192 -7.115498 -6.347172]
1364,"[ -8.790596  -8.493868  -8.65099   -7.658088  -7.818632  -8.891458
  -8.590148  -9.521802  -8.975384  -7.628218  -5.992618  -5.01845
  -5.09182   -5.727326  -8.085432  -9.66019  -10.667882 -10.24222
 -11.05248  -10.475148  -7.709534  -7.019218  -8.476526 -11.05944
  -9.276288  -8.268422  -8.918776  -9.161158  -8.040598  -9.364274
  -6.031884  -6.11233   -6.33157   -9.012272  -8.698434  -7.187418
  -9.27652   -9.693482  -8.875798  -8.956766  -9.391592  -6.733974
  -6.051198  -8.484878  -7.366986  -9.21881   -9.434802 -10.37997
 -10.226444 -10.781272  -9.974318 -10.62241  -11.100098 -10.85644
 -11.39033  -11.690712  -9.889058  -7.434788  -5.955904  -7.716146
  -9.877458  -9.209298  -9.014708  -9.020044  -8.638404  -8.894764
  -9.64279   -9.412182  -9.350006  -9.437644  -9.301344 -10.088462
  -9.955932  -9.937314  -8.23513   -8.096394  -8.697854  -9.904312
  -8.475656  -9.272808  -9.585892  -7.894438  -9.750728  -9.314046
  -8.546474  -8.259664  -8.458894  -8.97579   -8.55152   -6.88576
  -7.539072  -7.744682 -10.342966  -9.773754 -10.921574 -11.667222
 -11.699412 -11.737054 -11.369392 -10.118622 -11.299908 -10.43913
  -9.681128  -9.467746  -9.91336   -9.116092  -9.212024  -8.892502
  -9.02306   -9.748698  -9.439094  -9.543262  -9.060586  -7.118224
  -8.757768  -8.884034  -8.447468  -6.754854  -8.079052  -9.378716
  -9.478476  -9.545988  -9.501792  -9.257032  -9.271822  -9.052698
  -9.097126  -9.024336  -9.079552  -9.136624  -8.628196  -7.545452
  -8.83311   -9.05989   -8.406114  -8.55848   -9.950538  -8.935886
  -9.49286   -9.425058  -8.97898   -9.495818  -9.109248  -9.394956
  -9.049914  -9.75183   -9.22577   -9.262484  -8.915644  -8.903638
  -9.73124   -9.292934  -9.18778   -8.796512  -8.212394  -8.892502
  -9.029498  -9.532068  -9.19126   -9.375584  -8.855556  -9.222116
  -8.78642   -9.057048  -9.028396  -9.31393   -9.201004  -9.838018
  -8.366268  -9.43863   -9.166088  -9.275128  -8.504888  -9.537056
  -8.93461   -8.695882  -7.013708  -6.728     -6.21441   -8.003246
  -9.269328  -7.678504  -8.0823   -10.392788  -9.202512 -10.046122
  -9.92206   -8.769716  -9.192188  -8.439058 -10.229576  -9.942882
 -10.01109  -10.556812 -10.562264 -10.283864 -10.532916 -10.601124
  -9.602654  -8.768672  -9.965908  -8.541486  -9.10977   -9.640876
  -9.433758  -8.85167   -9.146426  -7.977494  -8.812346  -9.00015
 -11.134202 -10.151972 -10.714978  -9.899962  -9.3293   -10.809692
 -10.150928 -10.248194  -9.823518 -10.54875  -10.266116  -9.931108
 -10.467376  -9.614544  -9.657754  -9.656652 -10.14913   -9.793706
  -9.435092  -9.264862 -10.241408 -10.66707   -9.674806 -11.260294
  -8.260244  -7.005472  -8.294986  -7.457988  -7.373076  -7.350978
  -9.981684  -9.412646  -9.062384  -9.402264  -9.783324  -9.455566
  -9.648938  -9.129606  -9.376048  -8.962218  -8.768266  -8.308268
  -8.978806  -9.25767  -10.299292  -9.211038  -9.627188  -9.974898
 -10.009988  -9.859362  -9.95628   -9.474068  -9.365434  -9.770042
  -9.849038  -8.102542  -8.830906  -8.302642  -6.790234  -7.867584
  -7.168394  -8.776038 -10.371154  -9.601842 -10.599094  -9.928788
  -9.154662  -8.941338  -9.218172  -7.878894  -9.467398  -9.941606
  -7.709708  -6.756014  -5.618402  -6.247528  -9.97165   -7.365884
  -8.174694  -9.12659   -6.85821   -8.355828  -9.905936  -9.163536
  -7.991066  -9.035124  -8.614566  -7.971578  -8.863038  -9.275708
  -8.82064   -7.073042  -6.251994]"
1365,"[ -9.17966   -9.302388  -7.983758  -9.70717  -10.402416  -9.073926
  -9.642964  -9.57435   -9.914636  -9.94004   -9.762966  -9.761458
 -10.058012  -8.478846  -8.5898    -9.39223   -9.879546  -8.60952
  -9.299372  -8.95172   -9.496978 -10.22018   -9.916608 -10.316228
  -9.8977    -7.331432  -6.67609   -5.284322  -7.147282  -7.000542
  -7.56552   -8.443002  -7.956556  -9.033326  -8.450484  -9.715696
 -10.508382  -9.512464  -9.278202 -10.10041   -9.395246 -10.484254
  -8.995568 -10.398878 -10.117114 -10.432112 -10.065436  -9.523774
  -9.705198  -9.542334  -9.091906  -9.549004  -9.286612  -9.167248
  -9.12688   -8.713514  -8.789146  -9.036342  -8.80846   -8.58458
  -8.121682  -8.744718  -8.695882  -7.666324  -7.619112  -7.576308]"
1366,"[-6.830254 -6.432838 -8.039322 -6.760306 -8.911004 -8.397646 -7.012606
 -5.393884]"
1367,"[ -9.817602  -9.649518  -9.547032  -9.945782  -8.974688  -9.53491
  -9.832508  -9.604394  -9.459046  -9.744406  -9.447852  -9.457712
  -9.921944  -9.605786  -9.95338   -9.632002  -9.528472  -9.44762
  -9.683796  -9.78895   -9.553296  -9.691626  -9.679736  -9.437296
  -9.101882  -9.906168  -9.708968  -9.43544   -9.13935   -9.572668
  -9.47053   -9.860638  -9.332084  -8.133804  -9.026018  -9.483638
  -9.337246  -9.779032  -9.701312  -9.776944  -9.204426  -9.578236
  -9.773116  -9.774392  -9.565708  -9.544538  -9.45284   -9.25013
  -8.992494  -9.386198  -9.118528  -9.94961   -9.701254 -10.025416
  -9.606308  -9.728688  -9.676082  -9.300068  -9.348324  -9.96382
  -9.524644  -9.504576  -9.679272  -9.413458  -9.6164    -9.799796
  -9.860058  -9.705952  -9.29392   -9.366478  -9.83564   -9.838424
  -9.521918  -9.782396  -9.120964  -9.36845   -9.831232  -9.738838
  -9.531662  -9.567506  -9.424884 -10.025068  -8.79686   -9.298096
  -9.755716  -9.944912  -9.932558  -9.293804  -9.590822 -10.022168
  -8.682832  -9.24462   -9.516466  -9.451158  -9.794402  -9.798868
  -9.361258  -9.461656  -9.508578  -9.651026  -9.996996  -9.82636
  -9.053104  -9.798926  -9.343684  -9.49605   -9.529748 -10.086722
  -9.694874  -9.989166  -9.718306  -9.737562  -9.69847   -9.893988
  -9.326806  -9.489844  -9.634438  -9.549758  -9.245142  -9.872006
  -9.68368   -9.581484  -9.201178  -9.59204   -9.743014  -9.012852
  -9.28174   -9.792604  -9.992066  -9.60074   -9.758732  -9.85739
  -9.298386  -9.118644  -9.333592  -9.388866  -9.364854  -9.531662
  -9.639542  -9.658276  -9.521686  -9.739128  -9.264514  -9.834712
  -9.638266  -9.30958   -9.436484  -9.94613   -9.668252  -9.707054
  -9.318976  -9.590126 -10.01776   -9.161158  -9.103506  -9.218056
  -9.324718  -8.980894  -9.306332  -9.777002  -9.476562  -9.633858
  -9.792836  -9.314568  -9.695512  -9.426972  -9.904776  -9.228612
  -9.756818  -9.755078  -8.906364  -8.949806  -9.917188  -9.133492
  -6.439102  -7.617256 -10.546082  -8.55123   -7.364724  -8.77453
  -7.678968 -10.627804  -9.815224  -8.0388  ]"
1368,"[ -9.707518 -10.12245   -9.041156  -9.26376  -10.263332  -9.262948
  -9.074042  -8.897548  -8.699826  -9.72341   -7.23927   -7.088818
  -6.727188  -5.838976  -6.775966  -7.690104  -7.975174 -10.131672
  -8.968076  -5.669442]"
1369,"[ -9.151472  -9.45487   -8.992378  -9.43051   -8.903464  -9.846428
  -9.254422  -9.294384  -9.4221    -9.437644  -9.025844  -9.814934
  -9.374656  -9.276346  -9.827114  -9.600914  -9.390026  -9.544828
  -9.04945   -9.471632  -9.056758  -9.986266  -9.526848  -9.114584
  -9.32176   -9.756238  -8.322942 -10.190484  -9.619242  -9.401278
  -8.12667   -8.924518  -9.764068  -9.623244  -9.581136  -7.881678
  -9.90553  -10.394238 -10.075354  -8.938032 -10.211596  -9.355342
  -8.791118  -7.652172  -8.065944  -7.64411   -6.630328  -8.776618
  -9.116614  -9.648068 -11.110422 -11.564678 -10.025068  -9.707982
 -10.433794 -10.595266 -10.180218  -9.844456  -9.81215  -10.435302
 -10.52178  -10.232186 -10.01109   -9.434512  -9.729036  -9.43689
 -10.926272 -10.062768 -10.386002  -8.763336 -10.025648 -10.346794
 -10.02646   -8.806256 -10.07866   -9.990384  -9.768708 -10.517198
 -10.002448 -10.383972  -9.896946 -10.246048  -9.79794   -9.622084
 -10.216004  -9.224378  -8.819712  -8.455704  -9.144918  -9.125256
  -5.817574]"
1370,"[ -9.891262  -7.943912  -9.74371   -8.439464  -9.04278   -9.4308
  -8.81223   -9.5642    -8.6391    -9.66425   -8.991856  -9.166088
  -8.787522  -9.026772  -8.724012  -8.951662  -8.60488   -8.908336
  -9.132158  -8.809852  -8.426878  -9.55782   -8.22208   -9.66396
  -8.524086  -8.44973   -9.46821   -8.627036  -9.512754  -9.15617
  -9.230758  -8.904218  -9.234122  -9.01755   -8.745124  -9.5323
  -9.216954  -8.396776  -8.766468  -8.814724  -9.168234  -8.643566
  -9.18285   -8.063624  -8.35345   -8.568166  -8.799528  -8.609346
  -8.795236  -9.569072  -8.588524  -9.01465   -8.867504  -9.504982
  -9.558516  -8.240814  -8.695882  -8.310472  -9.320194  -9.466586
  -8.834792  -8.499842  -8.774298  -9.703632  -8.353856  -8.99754
  -9.27072   -8.925098  -9.034254  -8.506164  -8.280138  -8.843318
  -9.476852  -8.886354  -9.056758  -9.723178  -9.087382  -9.706184
  -9.259758  -9.275998  -9.193232  -9.731994  -8.775922  -9.65033
  -9.570406  -9.785238  -9.245026  -8.46191   -9.206166 -10.721242
  -9.05148  -10.23526   -9.277506 -10.995756 -10.176854 -10.415292
 -10.826512 -10.774486 -10.6256   -11.25838  -10.568296 -10.461286
 -10.530074 -10.70361  -10.355958 -10.224414  -9.309116 -11.058512
 -10.531988 -10.674262 -10.672928 -10.946456 -10.274874 -10.61168
 -11.015824 -10.614522  -9.966372 -10.35532  -10.407984  -8.346722
  -8.508542  -9.317236 -10.267102  -9.688958  -9.5178    -9.338638
  -8.89865   -8.904972  -9.899382  -8.436796 -10.04502   -9.46212
  -8.714442  -9.97049   -9.716624  -8.935132  -8.63678   -9.361896
  -9.388112  -9.406382  -8.91315   -9.656072  -9.114874  -9.126416
  -8.977414  -8.825512 -10.02994   -8.861936  -9.672602  -9.414154
 -10.164964  -9.987368  -8.752548  -9.86957   -9.515422  -8.174868
 -10.331772  -9.015926  -9.461308  -8.678714  -9.64482  -10.000708
  -9.1698    -8.268364  -8.571936  -9.124444  -7.969142  -9.098286
  -8.96332   -9.211502  -8.523506  -8.731668  -8.791872  -8.777836
  -9.105304  -7.671718  -8.7551    -8.453732  -8.901086  -7.913114
  -7.584138  -7.356836  -7.390708  -7.555428  -8.991624  -9.140858
  -8.404896  -7.843804  -9.481956  -9.031412  -8.01154   -8.972948
  -9.093008  -9.182734  -8.15277   -9.424594  -9.658392  -9.036168
  -9.645574  -8.799992  -7.9808    -7.189216  -8.118434  -9.116092
  -9.12137   -8.992262  -9.377788  -9.517568  -9.254654  -8.909322
  -8.646814  -9.944042  -9.176818  -9.910518  -9.48735   -9.934008
  -9.598478  -9.530908  -8.833632  -9.033384 -10.61574  -10.152784
  -8.782534  -7.78041   -7.784528  -9.192304 -10.28514   -9.711868
  -9.998156  -8.8972   -10.019848  -6.588626  -5.45142   -5.488366
  -7.092704  -5.713406  -6.976414 -10.160788  -7.842992  -8.964016
  -6.94724   -7.309508  -8.75684   -9.452608  -8.283444  -9.126126
  -6.927636  -8.010264  -7.602756  -8.471132  -9.188592  -8.141054
  -8.503844  -8.200504  -8.385698  -7.694976  -8.457792  -8.640434
  -8.093842  -8.055098  -7.601944  -9.017492  -9.003978  -9.321876
  -8.801732  -8.718792  -8.257112  -7.888986  -8.736308  -8.429662
  -9.700094  -9.130824  -9.766968  -9.732052  -9.601784 -10.41419
  -9.914172  -8.531626  -8.273468  -8.541544  -8.576576  -7.57741
  -7.740854]"
1371,"[ -8.279848  -8.12      -8.971904  -8.532902  -8.844884  -8.854744
  -9.852402  -8.31865   -7.34019   -7.284742  -8.495956  -9.492918
 -10.28456  -10.727854 -10.752214 -10.489648 -10.207536  -9.617676
  -9.954076  -8.044368  -8.57878   -8.628138  -8.191746  -6.279254
  -6.128802  -5.391912  -6.866156 -10.457864 -10.016658  -6.001608]"
1372,[-7.460308 -6.110184 -5.955962 -6.37826  -6.98465 ]
1373,"[ -7.954236  -6.427676  -8.086766  -8.496362  -8.232172  -8.925562
  -9.688146  -8.68579   -7.809178  -8.759102  -8.432736  -8.832414
  -9.406034  -9.718944  -8.175912  -7.910794  -8.455762  -7.778322
  -8.551578  -7.429742  -7.71719   -8.19772   -8.688922  -7.53275
  -8.698144 -10.0427    -9.882562  -9.967648 -11.011532 -10.171054
  -8.887978 -10.7097    -9.27797   -8.580462  -9.345714  -7.759298
  -8.34388   -8.468348  -8.007886  -8.780156  -7.139858  -6.149972
  -6.388062  -6.24689   -7.252958  -7.494296  -6.786522  -5.956078
  -6.40697   -9.355168  -7.793924  -9.375874 -10.533322  -9.24752
  -7.746654 -10.459836  -9.074564  -9.781526  -9.433178 -10.341748
  -9.802754  -9.370132  -9.1118    -8.861646  -7.329344  -8.129338
 -10.431532 -10.938162  -9.74226   -9.343394  -9.034022  -9.227858
  -9.576612  -9.44588   -9.494774  -9.149036  -9.203498 -10.058012
 -11.230424 -10.311878  -9.835118 -10.837184  -9.745276 -10.515168
 -10.230388 -10.973716  -9.94091  -10.848436 -10.760508 -11.031136
  -9.766736  -9.77416  -10.80076  -10.532046 -10.423934 -10.49046
 -10.305556 -10.945934 -11.041634 -11.030614 -11.215866 -11.228684
 -10.234622  -9.848864 -10.33589  -10.340936  -8.83891   -6.54994
  -8.177768  -8.789436  -7.72937   -9.95947   -9.463106  -9.329996
  -9.4627    -9.160056  -9.272866  -8.631154  -9.291774  -8.456226
  -9.25303   -8.98072   -9.116962  -9.1901    -8.645654  -8.7812
  -8.978458  -9.06511   -8.913788  -8.297828  -8.747676  -9.079552
  -9.340204  -9.161042  -8.66288   -9.294152  -7.331026  -8.62692
  -7.255394  -8.1635    -8.535396  -8.831428  -9.106754 -10.300162
  -7.560764  -6.858442  -9.549874  -9.135406  -6.94057   -8.745472
  -8.596064  -9.02712   -8.641304  -8.36505   -9.269908  -9.28841
  -9.592504  -8.90561   -9.131694  -9.345656  -8.239538  -9.387242
  -9.154894  -9.295718  -9.219796  -9.221014  -9.394028  -9.070446
  -9.30204   -9.725788 -10.079472  -9.056352  -9.471632  -9.055192
  -8.853468 -10.090666  -8.932812  -9.425638 -10.227198  -9.01494
  -9.164928  -9.312654  -9.38469   -9.469428  -9.557472  -8.93258
  -9.210632  -9.510608  -8.635156  -9.77387   -9.480854  -9.186272
  -9.293746  -8.674828  -9.486712  -9.042258  -9.209936  -9.114584
  -9.226814  -9.158316  -9.344612  -9.010532  -9.293398  -9.275998
 -10.074078  -9.325356  -9.213822  -8.995278  -8.893778  -8.969874
  -8.506744  -9.01871   -9.497152  -8.999512  -9.200018  -8.542008
  -9.34844   -9.526732  -7.671312  -6.268408  -5.001862  -5.957818
  -8.995046  -7.858652  -7.505722  -8.36012   -8.686138  -8.639796
  -9.188476  -8.672856  -7.47272   -7.97761   -8.789088  -7.787022
  -7.730762  -8.65418   -8.547576  -8.141634  -7.33555   -8.544154
  -7.725426  -8.876552  -8.548098  -8.334426  -7.940548  -8.578432
  -8.98275   -8.451818  -8.510978  -8.371836  -8.713688  -8.661952
  -7.861958  -8.367544  -7.561576  -8.548156 -10.022574  -9.074216
  -7.470632  -8.725056  -8.561032  -8.761422  -9.22026   -9.445068
  -9.324834  -8.598964  -9.33075   -8.961928  -9.397102  -9.36845
  -9.165044  -9.3583    -9.440776  -7.419244  -7.64411   -8.295624
  -8.779576  -9.795852  -9.22316   -8.886586  -8.554362  -8.86878
  -9.755948  -8.483718  -9.519598  -8.636664  -8.321782  -8.854686
  -8.776676  -9.323442  -8.7522    -8.879626  -9.177398  -9.031876
  -8.450484  -9.206224  -9.25564   -6.831008  -9.188302  -8.258388
  -8.156946]"
1374,"[ -9.442168  -8.48221   -7.92135   -8.874232  -7.570276 -10.214322
  -8.08462   -7.228656  -7.96311   -7.434788]"
1375,"[ -9.88465   -9.574466 -10.135384  -9.476852  -8.580926  -9.613906
 -10.32574   -9.38034   -8.686312]"
1376,"[ -9.233252  -8.500654  -9.485146  -8.25775   -9.004326  -8.952126
  -9.460264  -6.193066  -5.525022  -5.50391   -6.254604  -7.344134
  -6.47947   -8.212162  -5.908808  -5.894482  -9.299082  -8.31227
 -10.397718 -10.69578  -11.743144  -9.581774  -8.007886  -5.360418]"
1377,"[-10.543704 -10.155394 -10.458908 -10.471146  -9.893582 -10.285488
  -9.678866  -9.716972  -9.90669   -7.892988  -7.871818  -8.929854
  -7.617894  -5.345976]"
1378,"[ -8.477396  -8.955896  -9.248332  -7.826578  -9.8049    -9.520236
  -7.489482  -6.084722  -6.09261   -7.14618  -10.351028  -9.561242
  -9.56275   -8.4129    -8.775458  -8.125568  -8.674828  -8.256648
  -7.78998   -8.318824  -7.874486  -7.508042  -7.1369    -8.48859
  -6.210698  -6.599588  -5.952656]"
1379,"[-10.90284  -10.172504 -10.100642 -10.325334 -11.179964 -10.33183
  -9.812208  -9.38121  -10.965016  -9.4743   -10.070598  -8.41116
  -8.023662  -6.58097   -6.966148  -6.410102  -8.921502  -7.229004
  -5.909214  -8.97985   -8.944296  -8.342314  -7.597014  -8.335006
  -7.64498   -7.799666  -8.071512  -8.15422   -8.437028  -8.247832
  -7.880808 -10.643348  -8.7116    -9.944854 -10.267334 -10.005348
  -9.996184 -11.460394  -9.736286  -9.66686   -8.918486  -7.406426
  -9.24984   -9.468848  -7.91932   -7.435078  -8.719546  -7.575786
 -10.37968  -10.821524 -10.309152 -11.242836 -11.179616  -9.125836
  -9.333186  -9.792662  -8.411798  -7.717422  -8.205318 -11.501574
  -8.289302 -10.479962 -10.850872 -10.800586 -11.431626 -11.069358
 -10.417438 -11.415966 -10.515052 -10.49887   -9.038894  -8.35374
  -8.536962 -10.340124  -6.607592  -5.056092]"
1380,"[ -9.580788  -9.186562 -11.226016  -9.767432 -10.398588 -10.033594
  -9.821372  -9.1872   -10.79902  -10.570558 -10.142402 -10.035392
 -10.141822  -9.397798 -10.100178 -10.555884 -10.692474  -8.083344
  -8.491838  -7.524282  -7.524108  -8.148884  -8.041352  -8.193718
  -8.167734  -7.904646  -8.573618  -8.601922  -8.732074  -8.555058
  -8.616886  -8.066234  -8.331468  -7.471966  -7.254988  -7.752918
  -5.412038  -6.7599    -5.857884  -9.48735   -8.27863   -6.61258
  -6.163892  -6.591004  -8.07012   -8.430184 -10.12245   -9.446924
  -9.547728  -9.61437  -10.227198 -10.429502 -10.393194  -8.810954
  -9.927048  -9.454928 -10.462504 -11.483768 -10.828716  -9.943636
  -9.923974  -9.595694  -9.987426 -11.315858 -10.867576  -8.536614
 -11.679402  -9.048464  -9.655666 -10.605184  -9.783266  -9.684956
  -9.331794  -9.547844 -11.638744 -10.2283    -9.953786  -9.771782
 -10.723214 -11.370146 -10.677568 -11.930194  -9.844862 -10.798962
 -10.601936  -9.71935  -10.624904 -10.555478 -11.447982 -10.65402
  -9.460554 -10.398298 -10.79409  -10.49162  -10.32313   -8.612884
  -9.65352  -11.33639   -9.652766 -10.111778 -10.96345  -10.957824
 -10.925054 -10.188744  -9.22403   -8.236986]"
1381,"[ -9.594302  -9.449824  -9.014186  -9.37222   -9.282378  -9.282088
  -8.266334  -8.685152  -8.07737   -9.329242  -8.496362  -8.525594
  -8.947022  -9.06192   -9.280754  -9.491062  -9.098402  -9.884708
  -9.938822  -9.331446  -9.74458   -8.386568  -9.088542 -10.685804
 -10.739976 -11.326182 -11.123356  -8.259142  -8.146622  -6.70915 ]"
1382,"[-10.484718 -10.188802  -8.897664 -10.070076 -10.139444  -9.077754
 -10.05633   -9.10078  -10.060216  -8.702146  -8.894764 -10.614812
  -8.814898  -9.593374  -9.398668  -9.898686 -10.344416  -9.616632
  -9.43602   -9.403656 -10.29964   -8.759798  -9.98383   -9.396174
  -8.047616  -8.799528  -9.65468   -7.870194  -7.429684  -8.574198
  -9.564548  -7.925584  -6.484516  -7.42458   -8.500074  -5.268894]"
1383,"[ -9.51432  -10.629602  -9.284234  -9.521048  -7.564882  -6.123872
  -6.459518  -9.163652  -9.000034  -9.840106  -8.584464 -10.283226
  -7.782092  -8.87458   -9.196016  -8.82006   -9.331562  -8.635272
  -9.174788  -9.748756  -8.427284  -8.771746  -7.831276]"
1384,"[ -9.120674  -8.661894  -8.16524   -9.21185   -9.29885   -8.89517
  -9.305578 -11.124922 -10.62589  -10.240248 -11.186692 -10.406708
 -10.41796  -10.32284  -10.655296 -10.179696 -10.229286 -10.424166
 -10.6604   -10.844202 -10.664982 -10.478338 -10.061202  -9.62278
  -7.70501   -7.963052  -8.759334  -8.835372  -8.520896  -7.98399
  -8.703016  -9.590532  -7.506824  -9.522266  -7.269952  -6.177522
  -6.303382  -7.10181   -9.631944  -9.610252 -11.48429   -9.45951
  -8.800688  -9.16661  -10.279862  -9.691916  -9.157562  -9.795504
  -9.836742  -7.759008  -8.095698 -10.174824  -9.818182 -10.276904
 -11.219694 -10.808416 -10.40027  -10.860152 -10.262926 -10.44174
 -10.054184 -10.584768 -10.74015  -10.519866 -10.185844 -10.19669
 -10.806096 -10.210204  -9.872876 -10.76016   -8.130092  -8.288664
  -8.26065   -7.69863   -8.915992  -9.253436  -8.477976 -10.513254
 -10.380782 -10.566034  -9.635946 -10.805574 -10.4603   -10.170648
  -9.702704 -10.841012 -10.861602  -9.397334 -10.82251  -10.611158
  -9.821198 -11.088034 -10.199532 -10.796874 -10.503626 -10.421266
 -10.332526 -10.120884  -9.841498 -10.030868  -9.734488  -9.292238
  -9.765924 -10.505946 -10.1703   -10.855164  -8.665954  -7.36687
  -8.166922  -8.784158  -8.866286  -8.636084  -8.162108  -8.442016
  -8.889486  -7.497138  -8.476526  -8.867214  -7.841426  -7.772
  -8.082242  -7.991008  -6.873928  -7.880866  -9.278202  -9.46328
  -8.723664  -7.810686  -8.693678  -8.54166   -8.194878  -8.474148
  -8.307224  -9.072708  -8.487952  -8.320042  -8.792452  -7.212822
  -6.974906 -10.212118  -8.61271   -5.549904]"
1385,"[-11.429422 -10.192572 -10.263854 -11.164304 -11.010198 -11.875384
 -10.903536 -12.194036 -11.264586 -10.884686 -11.855838 -11.118194
 -12.516052 -11.352514 -11.280362 -11.780496 -12.514544 -11.077942
 -11.092674 -10.533032 -11.176774 -11.81721  -11.725454 -11.646748
 -11.436556 -11.83258  -11.816804 -10.419004 -11.551222 -11.70353
  -9.789588 -11.67424  -10.730696 -11.776088 -10.509484 -12.195544
 -11.165928 -11.37815  -11.823822 -10.747226 -13.216924 -11.302518
 -11.748944 -12.816492 -11.093834 -12.078384 -10.90545  -12.455848
 -11.87376  -12.161904 -10.6256   -11.47617  -10.630472 -12.52394
 -11.767968 -12.461648 -12.070902 -11.640832 -12.834936 -10.020892
  -9.145962  -9.55608   -9.072766  -7.03772   -6.725622  -8.499204
 -10.370864  -9.79301   -9.293456  -9.088716  -8.623382  -8.125336
  -9.517626  -8.295914  -9.364216  -9.540536  -8.903058  -9.51461
  -8.876726  -8.928926  -9.013142  -9.920088  -9.398204 -10.045194
  -9.195668  -9.07207   -8.593396  -9.965734 -10.020428 -10.181552
 -10.207014  -9.971766 -10.092174  -9.618604 -10.478454  -9.934704
  -9.435266  -9.776828  -9.524006  -8.945688  -8.976022  -7.402946
  -7.875762  -9.149384  -9.17241   -9.167886  -8.153524  -8.249978
  -8.753244  -8.531336  -8.713398  -9.83941   -9.978378 -10.495042
  -9.192942  -9.880822  -9.953322  -9.599812  -8.459764  -9.575626
 -10.43942   -9.35424  -10.185902  -9.667672  -9.28986   -9.834306
  -8.6884    -7.477012  -8.147144  -9.019928  -8.951082  -9.926758
  -8.663866  -8.892444  -9.509042  -9.758964  -9.856636  -9.611354
  -9.788776  -9.516118  -9.721612  -9.521048 -10.27847  -10.002506
  -9.428016  -9.296124  -9.97658   -9.77851   -9.972056 -10.033942
  -9.417576 -10.229228  -9.66077   -9.878096 -10.030462  -9.926236
  -9.716914  -9.659668  -9.746726  -9.861044 -10.147854  -9.471168
 -10.555072  -9.168582  -9.364158  -9.615356  -8.988898  -9.39513
  -9.719466 -10.169372  -9.58276   -9.502836  -9.899904  -9.404294
  -9.518554 -10.03777   -9.271126  -9.394608  -9.905994  -9.54709
  -9.546046 -10.326204  -9.987716  -9.824156  -9.555906 -10.29645
  -9.601958  -9.960862  -9.727296  -9.265674  -9.990442  -9.175426
  -9.875834  -9.7469    -9.833842 -10.260722 -10.27412   -9.275592
  -9.320832  -9.75357   -9.041446 -10.089042  -9.013838 -10.04386
  -9.990442  -9.958194 -10.322898  -9.592968  -9.977682  -9.768244
  -9.812962  -9.810062  -9.269792  -9.103216 -10.29935   -9.45777
 -10.479324  -9.465078  -9.396696  -9.912026  -8.929912 -10.009988
 -10.322086  -9.789124  -9.344264  -9.44704   -9.778278 -10.249702
  -9.405454  -9.832508  -9.41804   -9.868062 -10.208696 -10.0485
  -9.482536  -9.106406  -9.904602  -9.79562   -9.001368  -9.949262
 -10.034986  -9.838772  -9.73501   -9.531024  -9.72573   -9.47372
  -9.713898  -9.77706   -9.715116 -10.314662  -9.933776  -9.636816
  -6.632416  -7.602118  -9.243286  -7.994894  -9.437934  -9.205934
  -8.83398   -8.560336  -8.682832  -9.587168  -9.152864  -9.666048
  -9.80722   -9.91452   -9.858666  -9.668368  -9.881402  -9.464904
  -9.983076 -10.333338  -9.85246   -9.916318  -9.563562  -9.70369
  -9.740752  -9.29218   -9.058788  -9.031644  -9.672834  -9.516002
  -9.626376  -9.894974 -10.005348  -9.191434  -9.560198 -10.009756
 -10.192746  -9.927106  -9.532416  -9.787442  -9.803914  -9.875312
  -9.766968  -9.701312  -9.988238  -9.87711   -9.068706  -9.770274
 -10.058534  -9.951234  -9.806524  -9.818472 -10.286068 -10.511746
 -10.218266  -8.74321   -8.661604  -9.49257   -9.551498  -9.376396
  -7.043984  -6.682412]"
1386,"[ -8.412204  -8.881018  -8.82934   -7.22535   -9.906284  -7.613602
  -9.083148  -9.936618  -9.343394  -9.147818  -9.507998  -9.611006
  -9.978378  -9.790574 -10.390584 -10.966872  -8.856252  -9.498196
  -7.047754  -5.286526  -5.427408  -7.295066  -7.764054  -8.767106
  -8.908452  -7.656986  -9.205238  -8.661024  -8.866808  -8.684688
  -8.796338  -9.337304  -8.75858   -9.198394  -7.62352   -6.714254
  -7.550092  -8.680686  -5.168206]"
1387,"[ -8.556624 -10.034232  -9.724686  -8.877074  -9.367754  -9.930992
  -9.710534 -10.133006  -9.21388   -9.156866  -8.665838 -10.10447
  -9.640122  -9.484566  -9.770448 -10.032434  -9.8281    -9.643834
 -10.341632 -10.09664   -9.57203  -10.920588  -9.937256 -10.636852
  -9.407078  -9.725846 -10.628558 -10.380724 -10.446264 -10.845362
  -9.97919  -10.677394 -11.37293  -11.409644 -10.76132  -11.386502
 -10.755462 -11.202352 -10.239958  -9.572378  -9.13703   -8.322304
 -10.002158  -6.548258  -6.083852]"
1388,"[-8.011656 -8.43494  -9.58363  -9.256626 -9.598304 -6.555972 -8.567064
 -8.19395  -8.091232 -8.693736 -8.80788  -5.62165 ]"
1389,"[-10.061376 -10.295406  -8.196618  -8.04605   -8.69565   -7.766954
  -8.634344  -7.107088  -6.30431   -7.406658  -9.041736  -8.870926
 -11.082408 -11.310522 -11.625462 -12.010176 -11.915172 -11.494788
 -10.326494 -10.475786 -11.07626  -10.855802 -11.226132 -11.307622
 -11.850502 -11.040474 -10.702682 -11.054974 -11.571406  -9.661814
  -9.762502  -7.168394  -7.26218   -7.935908  -9.749916 -10.400966
  -9.98673  -10.486516  -9.569652 -10.36663   -9.59813   -9.083728
  -8.789726  -9.48561  -10.59225  -10.247672  -9.759718  -9.734604
  -9.96759   -9.368914  -8.681846 -10.688936  -9.940098 -10.554086
  -9.921422  -9.544828 -10.569688  -9.505852 -10.548808 -10.559828
 -10.304338 -10.823148  -9.683622 -10.390584 -10.363788 -10.703784
 -10.480136 -10.308514 -10.114562 -10.530016 -10.401488  -9.652824
 -10.287808  -9.655608 -10.121     -9.242764  -9.582818  -8.991798
  -8.915876  -9.784078  -9.61263   -9.813542  -7.116948  -8.372822
  -7.973376  -8.259722  -7.76591   -8.202186  -7.702574  -7.461642
  -7.30655   -7.328764  -7.662322  -5.381182  -6.178856  -7.27146
 -10.342328 -10.189034 -10.93155  -10.048732  -7.803262  -6.87967
  -9.48271   -8.91518   -7.814978  -8.000752  -8.117912 -10.32342
  -8.84152   -8.70841   -9.550048  -9.285974  -8.975442  -9.0915  ]"
1390,"[ -8.691416  -8.432272  -8.33808   -8.425022  -8.532032  -8.353972
  -8.476468  -9.35743   -8.392194  -8.512834  -9.363346  -8.616712
  -7.896874  -8.634634  -5.969186  -7.926106  -8.197952  -8.31662
  -9.144918  -9.963936 -10.01689  -10.369936  -8.821046  -6.236334
  -6.966148  -9.125778  -7.20882   -8.521476  -7.72966   -9.113134
  -8.519214  -8.951778  -8.269292 -10.123726  -7.66528   -7.30858
  -8.534758  -8.402518  -7.998142  -9.05119   -8.597282  -9.049044
  -8.66491   -9.7121   -10.558088  -9.997402  -8.185308  -8.595368
  -8.394224  -8.498856  -8.514864  -8.519968  -8.583188  -8.303454
  -8.456458  -8.329032  -7.842528  -8.966684  -8.767106  -8.824526
  -8.491142  -8.440566  -8.552042  -8.589858  -7.99153   -9.050088
  -8.558596  -9.149964  -8.457212  -8.225328  -9.153502 -10.005
  -9.551382  -8.967206  -8.797904  -9.83651   -8.558132  -9.272692
  -8.736076  -9.9586    -8.462954  -9.663206  -8.230838  -7.966242
  -8.788044  -7.88075   -8.459996  -8.486096  -8.026388  -8.540152
  -8.404374  -8.164776  -8.569268  -8.33866   -7.771884  -8.555638
  -8.240292  -8.201026  -8.182002  -8.468812  -8.830674  -9.247346
  -9.072244  -8.565324  -8.536672  -7.948204  -7.97036   -8.76583
  -8.286286  -8.093146  -7.765272  -8.136008  -8.489112  -8.20062
  -8.166574  -8.459126  -8.773022  -8.575068  -7.829826  -8.457328
  -8.010032  -7.867642  -8.868316  -8.174404  -8.234782  -8.832414
  -8.381638  -8.49729   -8.20874   -8.538528  -8.189832  -8.524376
  -8.457212  -9.007168  -7.668122  -8.584116  -8.145868  -7.919552
  -8.479426  -8.672856  -8.040772  -8.55674   -8.225444  -8.221442
  -8.428444  -8.78555   -7.922568  -8.98681   -7.997562  -8.57356
  -8.484646  -8.130846  -8.082474  -8.722794  -8.148536  -7.50288
  -8.235246  -9.199554  -8.872666  -9.255582  -8.486444  -7.975522
  -8.872202  -8.247774  -8.480586  -8.147492  -8.34243   -8.193486
  -8.43001   -7.542378  -9.08338   -8.198938  -8.45698   -8.02169
  -8.212162  -8.247542  -7.814572  -9.414734  -8.59067   -8.742804
  -9.289222  -8.494042  -9.205064  -9.346294  -7.210096  -7.739172
  -7.78708   -6.822598  -6.785304  -7.68355   -9.392752  -8.546938
  -8.805096  -9.078624  -9.07381   -9.027874  -8.855788  -8.237624
  -9.012794  -7.041084  -9.403424 -10.757028  -9.251754  -8.952532
  -7.388098  -9.02973   -8.702726  -6.711354  -6.068482  -7.016492
  -9.44472   -9.115976  -9.155706  -7.506998  -9.27855   -8.568514
  -9.541116  -9.689654  -9.981568 -10.353812 -11.336042 -11.148006
 -11.116918 -10.925924 -10.62502   -9.988934  -9.94062  -11.325196
  -9.390084  -9.28348  -10.014512  -9.756644  -9.715232 -10.120826
 -10.442726 -10.66649  -10.332178 -10.741426 -10.437506 -11.897714
 -10.264028 -11.137218 -10.875464  -9.5816   -10.44754  -10.391512
 -10.621018 -10.670028 -11.268646 -11.320498 -11.06321  -10.841128
 -10.686674 -10.516908 -11.40483  -11.321252 -10.900868 -10.624324
 -10.899882 -10.782548 -10.47538  -10.990884  -9.609266  -6.322638
  -8.142388  -8.416902  -8.453384 -11.204034 -10.067524  -9.779728
  -8.877886  -8.101788  -8.94795  -10.10041   -8.079748  -8.873594
  -8.986288  -8.758058  -7.54551   -7.145484  -6.610782  -5.11763
  -5.82929   -8.19221   -8.330656  -7.897454  -8.077022  -9.088136
  -9.111046  -8.004116  -8.594382  -8.859732  -9.13848   -9.03553
  -9.080016  -8.527972  -7.45126   -9.347512  -8.686428  -8.56747
  -9.006878  -9.685014  -9.553006  -8.048312  -7.655246  -9.034196
  -6.2843    -5.801914  -7.731284]"
1391,"[-10.659356  -9.867308 -10.46494  -10.441624 -10.573806 -10.091942
 -10.500378 -10.837474  -9.68339  -10.734756  -9.173106  -7.855462
  -9.057454  -9.764996  -8.655398  -7.177036  -6.177928  -7.819792
  -7.777336  -6.892488  -6.840926  -8.30125  -10.039336  -9.712158
 -10.040264  -9.629972 -10.131788  -9.244504  -8.69884   -8.700928
 -10.120188  -9.976406  -8.312676  -9.537868  -9.568144  -9.28406
  -9.672312  -8.844014 -11.01623   -9.391128  -9.393274  -9.56478
  -9.478128  -9.200656  -9.235398  -8.933102  -9.24665   -9.571624
  -9.755774 -10.436752 -10.248194 -10.03661  -10.071468 -10.16624
 -10.266928 -10.535758 -10.378868  -9.899962  -9.398494  -9.658102
  -9.31915   -9.538158  -9.38556   -9.846254  -9.46531  -10.029012
 -10.374924  -9.83709   -9.245316  -9.490482  -8.615146  -8.859674
  -8.680628  -8.708816  -9.30494   -8.270336  -8.892792  -8.359134
  -8.454602  -7.942462  -7.509144  -5.67675   -7.104188 -10.10998
 -10.69143   -8.871738  -8.891864  -8.8566    -8.43929  -10.266638
 -11.1998   -10.413784 -10.059694 -11.173294 -10.855396 -10.58529
 -10.521374 -11.198814 -11.473038 -12.031462 -12.389322 -11.882634
 -11.656318 -11.28419  -10.908234 -10.868388 -11.402684 -10.761378
 -11.787456 -10.92198  -10.93851  -10.172272  -8.028824  -5.918726]"
1392,"[ -9.488974  -9.281276  -9.330808  -9.376048  -9.074158  -9.215214
  -8.542066  -9.111104  -9.247926  -9.170264  -9.446866  -9.514726
 -10.008422  -9.608802  -8.889428  -9.82288   -9.90698   -8.9465
  -9.971186  -9.79446   -9.222812  -9.449766  -9.974434  -9.096256
  -9.35511   -9.088368  -9.84956   -9.226582  -9.372162  -9.213126
  -9.39281   -9.567622  -8.77337   -9.07323   -9.827636  -8.833748
  -9.056468  -9.218346  -8.731494  -9.424594  -8.915992 -10.073266
  -9.085004  -9.711926  -8.801326  -8.60459   -9.230468  -8.980372
  -8.954736  -9.269444  -8.984432  -8.78932   -9.268516  -9.214402
  -9.130186  -8.871274  -9.199612  -8.56573   -8.877654 -10.181958
  -9.230642  -9.124212  -9.060354  -9.180472  -9.665352  -8.844072
  -9.130708  -9.526674 -10.109574  -9.086976  -9.965792  -9.82288
  -8.764786  -9.497906  -9.35395   -9.666686  -9.24955   -8.915006
  -8.777024  -9.141902  -9.582354  -9.196074  -9.567738  -9.058092
  -9.708794  -8.971266  -9.584442  -9.558284  -9.029498  -9.319382
  -8.846566  -8.96709   -9.065458  -9.05786   -9.190216  -9.26318
  -8.986752  -9.243576  -9.197756  -9.212024  -8.87951   -9.391302
  -9.24723   -9.37657   -9.18082   -9.451854  -8.610042  -9.353602
  -8.880322  -9.395246  -8.748894 -10.152668  -8.713862  -9.58682
 -10.087186  -8.530756  -8.920168  -9.522962  -9.707228  -9.119514
  -9.657986  -8.905784  -8.899288  -9.23302   -9.25796   -9.256916
  -8.991972  -9.217128  -9.33249   -9.28696   -8.949864  -9.33945
  -8.604242  -7.880866  -8.679932  -9.452318  -9.330286  -8.320738
  -8.866866  -9.760878  -9.791966  -9.794344  -9.78692   -9.724164
  -9.043592  -9.88871   -9.703226 -10.033884 -10.195008  -8.98043
  -9.02654  -10.021588  -9.505098  -9.295544  -9.060702  -9.040286
  -8.314474  -8.518518  -8.515444  -8.641768  -8.52803   -8.43407
  -8.562366  -8.572226  -8.724824  -8.11449   -7.902674]"
1393,"[ -9.063602  -8.841462  -9.853504  -9.853388  -9.263122  -8.96158
 -10.122914  -8.229446 -10.687138  -7.477476  -9.925424  -9.167422
  -9.473372  -9.133144  -8.20932   -9.419258 -12.105644 -11.997938
 -11.376294 -12.035058 -11.911344 -11.85172  -11.746682 -11.671398
 -10.789102 -10.840548 -11.785658 -11.979784 -11.454826 -11.499892
 -10.76248  -11.19023  -11.449664 -11.123472 -11.028352 -11.133274
  -7.333984  -6.62969   -5.314424  -7.229932  -8.083576  -7.594114
  -7.30249   -6.568152  -9.080596  -9.747016  -7.85059   -7.47359
  -8.751098  -8.32735  -10.390758  -9.125198  -8.221094  -8.517532
  -9.110176  -9.066502  -7.67079   -8.67738   -8.003304  -9.43979
  -9.61466   -9.453304  -8.232694  -8.071918  -8.759392  -9.163014
 -10.05198   -7.245708  -6.657472  -6.42988   -8.184322  -8.918312
  -9.553528  -9.612804 -10.886774 -11.177064 -10.396384  -9.050784
  -9.866322  -9.165102 -10.652048 -11.273634 -11.415154 -11.753526
 -11.810772 -10.267972 -10.585986  -9.486016  -9.834364  -9.909126
 -11.178572 -11.759674 -10.770426  -9.069692  -8.672044  -9.168988
 -10.35561   -8.926026  -9.295544  -9.941548  -9.94874  -10.020486
  -9.001136 -10.023792  -9.844108  -9.802928 -10.205796 -10.690386
  -9.776364 -10.116766  -9.625042  -9.498602  -9.17183   -8.622628
  -6.638274]"
1394,"[-12.440536 -12.545458 -13.033702 -12.902042 -12.922632 -12.44825
 -12.349766 -12.882496 -13.226784 -12.568542 -12.30412  -12.665344
 -12.824148 -12.591336 -12.760928 -12.897112 -12.777458 -12.902042
 -12.839808 -12.010524 -12.851176 -12.760812 -11.932804 -12.475452
 -12.94618  -12.746196 -12.557116 -13.14019  -12.303134 -12.728274
 -13.051392 -12.681236 -12.668302 -12.614072 -12.515646 -12.850074
 -12.631356 -12.313632 -12.799034 -12.325986 -11.729804 -11.339812
 -12.111792 -12.795032 -12.970134 -12.832442 -12.401386 -12.653802
 -12.236608 -12.702232 -13.250622 -12.995712 -12.579852 -12.719458
 -13.012126 -12.539716 -12.61384  -12.657978 -12.912946 -12.9282
 -12.277034 -12.847464 -12.259692 -12.703566 -12.628572 -12.528754
 -11.865292 -12.273786 -12.347214 -12.89978  -12.937422 -12.566744
 -12.345706 -12.656876 -12.682976 -12.835806 -12.62341  -12.91573
 -13.095124 -12.802398 -12.517618 -12.689066 -12.739294 -12.474118
 -12.106398 -12.37169  -10.609128  -9.769056 -11.670006 -11.672152
 -12.516748 -12.987012 -12.43259  -12.85657  -12.407244 -12.470174
 -13.10742  -12.635126 -12.610418 -12.450686 -13.00592  -12.734654
 -12.434852 -12.625614 -12.41664  -12.902042 -12.540354 -12.260678
 -12.421396 -12.438042 -12.827802 -12.768236 -13.07175  -13.091122
 -12.776008 -12.563728 -12.299886 -12.311138 -12.287764 -12.166486
 -12.607054 -13.046462 -12.934464 -12.33776  -12.571964 -12.653164
 -12.483862 -12.969032 -12.86759  -12.810982 -12.430676 -12.586116
 -12.96329  -12.991884 -12.73535  -11.96395  -12.359162 -12.37401
 -12.696432 -12.655194 -13.14106  -12.678104 -12.311022 -12.600384
 -12.81423  -12.922284 -12.84149  -11.941098 -12.98359  -12.81104
 -12.229242 -12.526028 -12.5976   -12.198908 -12.7136   -12.092884
 -12.763364 -13.010908 -12.440652 -12.389786 -12.78001  -12.967118
 -12.832442 -12.679728 -12.270654 -12.999192 -12.152972 -12.998322
 -12.749444 -12.800194 -12.816724 -11.540028 -12.087026 -12.61442
 -12.719922 -12.098916 -12.735582 -12.926634 -12.849088 -13.028366
 -12.53264  -12.562162 -11.931934 -12.6469   -12.757564 -13.023958
 -12.605894 -12.499406 -12.978776 -12.304642 -12.742426 -12.883772
 -12.754258 -12.565468 -12.524694 -12.575676 -12.82351  -12.445408
 -12.710294 -13.148658 -12.813708 -12.664126 -12.805704 -12.831514
 -12.828498 -12.561002 -13.025814 -12.931738 -12.36067  -12.612042
 -12.607054 -13.04246  -11.217664 -12.66778  -12.249542 -12.685122
 -13.126386 -12.720792 -12.819334 -12.300988 -12.48392  -12.866662
 -12.773166 -12.345358 -12.031636 -12.907668 -12.58658  -12.818638
 -12.532988 -12.72752  -12.66865  -12.945542 -12.968626 -12.94995
 -12.650612 -12.836734 -12.617378 -12.524984 -12.434504 -12.728216
 -12.732392 -12.581012 -13.099648 -12.780416 -12.469304 -12.826932
 -12.536236 -12.7397   -12.952618 -12.789754 -12.810054 -12.904304
 -12.895198 -12.825598 -12.140966 -11.950552 -12.761972 -12.602008
 -12.92878  -12.838532 -12.619524 -12.516516 -12.723576 -12.880756
 -11.62697  -12.815216 -12.472784 -12.853206 -12.993624 -12.941366
 -12.596382 -12.539136 -12.359568 -12.940322 -12.860166 -12.738772
 -12.220426 -12.638954 -12.202852 -12.76493  -12.67764  -12.6063
 -12.65473  -12.976398 -12.634198 -12.729202 -12.71041  -12.836502
 -12.816492 -12.49262  -12.81278  -12.788478 -12.983648 -12.54134
 -12.609548 -12.780822 -12.991768 -12.681062 -12.931622 -12.841084
 -12.54482  -12.674972 -12.85019  -12.70664  -12.65995  -12.72172
 -12.782852 -12.5193   -12.038944 -12.819218 -12.843404 -12.944788
 -12.304816 -12.492504 -12.225994 -12.573356 -12.732102 -12.560596
 -12.631994 -12.857498 -12.644522 -11.391142 -13.020304 -11.963602
 -12.321462 -12.59731  -13.035906 -12.77653  -13.030744 -12.726534
 -12.735234 -12.789174 -12.691212 -12.60688  -12.84236  -12.243104
 -12.92269  -12.579562 -13.05464  -12.78175  -12.705132 -12.713658
 -12.805414 -12.688602 -12.834994 -12.96416  -12.718066 -12.652294
 -12.910626 -12.925474 -12.752634 -12.668998 -12.626716 -12.505612
 -12.352376 -12.957896 -12.686862 -13.208456 -12.476206 -12.580722
 -12.59992  -12.948732 -12.707568 -12.711106 -12.512108 -12.69852
 -12.733088 -12.47522  -13.005456 -12.30006  -12.178608 -12.793756
 -12.543196 -12.301684 -12.820842 -12.81249  -12.952386 -12.744108
 -13.068618 -12.75246  -12.439028 -12.485892 -12.27918  -12.496506
 -12.599746 -12.849088 -12.94502  -13.022044 -12.73013  -12.86353
 -12.753736 -12.581998 -12.493432 -13.086076 -12.8731   -13.077028
 -12.001766 -11.870222 -11.560444 -12.175012]"
1395,"[ -9.943288  -9.773406 -10.277484  -9.716276  -9.94149   -9.807336
  -9.23331   -9.682114 -10.917514 -11.135014  -9.848748 -10.413842
  -9.428132  -9.852286  -8.784448  -9.481666  -9.451042  -9.220028
  -7.555718  -7.279174  -9.295892 -10.666374 -11.342132 -10.125524
  -9.240038  -8.389294  -9.062906  -9.16632  -10.296798 -10.647582
  -9.401278  -9.659146 -10.41274   -8.315634 -10.478106  -7.221464
  -7.086208  -8.067336  -7.782266  -9.830478 -10.589698  -9.397798
 -10.316924  -7.73836   -9.719698  -8.987564  -9.360388  -8.66665
  -6.18512 ]"
1396,"[-11.434584 -10.064218  -9.958658  -9.21011  -11.159664 -11.5739
 -10.815202 -10.690734 -11.360866 -11.364056 -11.048478 -11.024292
 -10.5792   -10.527174 -10.893966 -10.294536 -10.916644 -10.41245
 -10.344474 -10.351086 -10.2225   -12.174142 -10.46349  -10.617944
 -10.666374 -10.701812  -9.929078 -11.326414 -10.625542 -10.738062
 -10.75842  -10.731682 -10.90632  -10.674668 -11.071098 -10.215308
 -10.249354 -10.010046  -9.406614 -10.675248 -10.51337  -10.850814
 -10.348592 -10.218324 -10.401894  -8.82876  -11.372176  -9.78837
 -10.431648 -11.054742 -10.586972 -10.938046  -9.815456 -11.38743
 -11.183676 -10.68592  -10.42463  -10.354566 -10.426254 -10.949008
 -11.263194 -10.763234  -8.70928   -7.80709   -7.786442  -8.594498
  -8.388366  -7.908764  -7.687146  -7.134638  -8.400662  -9.026308
  -9.19155   -7.419824  -8.593454  -8.464288  -7.549048  -7.659886
  -8.3752    -7.844442  -8.419802  -8.67738   -8.392484  -8.171098
  -8.194472  -7.209226  -8.887746  -8.536788  -8.680744  -7.819966
  -8.10637   -8.084214  -7.203542  -6.253908  -8.27399   -7.371626
  -6.0465    -6.630096  -6.586886  -9.894452  -7.53072   -9.161216
 -10.235202  -8.178406  -8.610622  -9.930586  -8.865068  -8.782708
  -9.020218  -8.52745   -9.637512  -8.013744  -9.319498  -9.652476
  -9.246186  -9.664424  -8.794192  -8.29342   -7.298314  -8.722214
  -6.615248]"
1397,"[ -9.825606 -10.221688  -9.94816  -10.257184  -9.767374  -9.728456
  -9.38092   -9.310334 -10.121232 -10.420222 -10.331134 -10.424514
 -10.554608  -9.681244  -9.988586  -9.354008 -10.396674  -9.955642
 -10.238044 -10.188802  -9.885752  -8.915586 -10.258692 -10.405432
 -10.147506  -9.537404  -9.74603   -9.53433  -10.91705  -10.328292
 -10.89762  -10.586914 -10.21061   -9.2945    -9.795446  -8.991276
  -9.666222 -10.052792 -10.670202  -9.884128  -9.16893  -10.057838
  -9.811918  -9.621794 -10.684644 -10.518822  -9.522846  -9.189752
 -10.924532  -9.683854  -8.883744  -9.936386  -9.077116  -8.041932
  -9.446692  -9.557878  -9.76865  -10.161368 -10.510064  -9.994212
  -9.819806  -9.984874 -10.110096 -10.073672  -9.51519  -10.15899
  -9.817544  -9.481144  -8.973876 -10.074426  -9.836916 -10.143214
  -9.963182  -9.777176 -10.209218  -9.503706  -8.916108  -9.189114
 -10.16885  -10.323768 -10.096698 -10.352942  -9.797998 -10.670434
  -9.852344  -9.112728  -9.81244   -9.2887    -9.310508  -9.888188
  -9.379934  -9.306622 -10.307412  -9.90437   -9.712912  -7.873094
  -9.233368  -9.311726  -9.991196 -10.439362 -10.670376  -9.982612
  -9.887724  -9.595288  -9.56536   -9.64598   -9.127634  -9.41891
  -9.688784 -10.27441   -9.95686  -11.382268 -11.258844  -9.07816
 -10.044904 -10.427182 -11.38105  -10.863516 -10.694736 -11.124806
 -10.846348 -10.12448   -9.199612 -10.606228 -10.490576  -9.928382
  -8.613232 -10.239726  -8.825918 -10.792988 -10.552636  -9.416242
  -9.985338 -10.387568 -10.252022  -9.388808 -10.638128 -11.12034
 -10.611332  -9.81969   -9.78808  -10.187294  -9.881982  -9.574698
  -9.47691   -9.30175  -10.568296 -10.419294  -9.26202  -10.409782
 -10.182422 -10.508846  -7.961022  -7.97007   -6.442756]"
1398,"[ -9.381674  -8.662938  -9.514088  -9.347106  -8.812694  -9.327038
  -9.041446  -8.459068  -8.931826  -9.676198  -8.867272  -9.35598
  -9.110698  -9.694004  -8.876378  -8.620366  -9.13819   -9.480216
  -9.124618  -9.24781   -9.389388  -9.676082 -10.184568  -9.03872
  -9.784484  -8.986288  -9.340958  -8.746574  -9.652244  -9.461482
  -9.418504 -10.619858  -7.547308  -8.90242   -7.136726  -8.371372
  -8.409942  -7.719104  -6.941672  -8.571356  -7.416054  -7.833364
  -6.137618  -6.838606  -8.8334    -8.122262  -7.510594]"
1399,"[ -7.505142  -6.44757   -7.782556  -8.277528  -9.732516  -9.084366
  -8.785202  -9.947174  -9.741274 -10.474278  -8.996554  -9.935516
  -7.47475   -7.829304  -8.567876  -8.575416  -7.612732  -9.612746
 -10.324406 -10.001984  -9.424652  -9.386256 -10.521432  -8.01589
  -9.75386  -10.486748 -10.178072 -10.311298  -8.44509   -9.941374
  -6.750678  -7.47359   -8.31082  -10.69752  -10.131498  -9.636004
 -10.147216 -10.050472  -9.852576  -9.840454  -9.94207   -9.137726
  -8.543284 -10.2341   -10.347896  -9.997924 -10.09026  -11.2897
  -7.641674  -7.938982  -9.10455   -9.214692  -9.718828  -8.692866
  -9.44124   -7.869962  -7.474866  -6.12451   -6.861284  -9.89016
  -7.60554   -9.756702  -9.231222  -9.34351  -10.86398  -10.425152
 -10.368486  -9.341596  -8.804168  -7.349064  -8.820988  -8.598152
  -8.422528  -9.153038  -8.62141   -8.958854  -8.57443   -9.712796
  -9.478766  -9.580556  -8.770934  -6.022314]"
1400,"[ -9.717668  -9.731936  -9.908198 -10.00616   -9.994212  -9.931108
 -10.10012   -9.402554  -9.9035    -9.769868  -9.677068  -9.885288
  -9.864988  -9.738374  -9.955584  -9.603292  -9.676488  -9.999954
  -9.796026 -10.1761   -10.01254   -9.6222    -9.204252  -9.586298
  -9.05989  -10.379796 -10.107776  -9.893292  -9.649228  -9.311204
  -9.679446  -9.15356   -9.70079   -9.835118  -8.73828   -9.134478
  -9.40035   -9.66628  -10.011032 -10.076804 -10.189788  -9.845036
  -9.24549  -10.074194  -8.397646  -9.056004  -9.300938 -10.180624
  -9.567796  -9.796084  -9.555732  -9.85246   -9.76517   -9.800666
  -9.751308  -9.473836  -9.19358  -10.274526  -8.819422  -8.730914
  -7.239096 -10.38983   -8.170692  -9.543784  -6.71147   -7.057614
  -9.040286  -9.078566  -6.80195 ]"
1401,"[ -9.479172  -9.476504  -9.3003    -9.162434  -9.395188  -9.763778
  -9.583398  -9.000498  -9.202338  -9.611818  -9.517742  -9.367174
  -9.105304  -8.611782  -9.27043   -9.337768  -9.10281   -9.42384
  -9.289744  -9.057918  -9.350238  -9.251928  -9.304592  -9.138074
  -9.108842  -9.37628   -9.377614  -9.63322   -8.772616  -9.210748
  -9.560198  -9.113598  -9.387532  -9.384284  -9.663438  -9.373612
  -9.312306  -9.42355   -9.41543   -9.13036   -8.852076  -8.913788
  -9.265964  -9.169916  -9.263354  -9.29827   -9.58856   -9.424246
  -9.247984  -9.528588  -9.442574  -9.63612   -8.900796  -9.417518
  -9.72283   -9.283828  -9.692322  -9.423898  -8.919008  -8.774124
  -9.191202  -9.541     -9.338754  -9.308246  -9.416996  -9.345946
  -9.090456  -8.647104  -9.084656  -9.377382  -9.239922  -9.31799
  -9.528414  -9.36613   -9.29682   -9.335854  -9.417634  -9.293456
  -9.531024  -9.473604  -9.33539   -9.035646  -9.46357   -9.526152
  -9.497442  -9.371002  -9.24578   -9.228728  -9.172874  -9.113714
  -9.515306  -9.430452  -9.651722  -9.522904  -9.758616  -9.180588
  -9.276404  -9.609962  -9.197466  -9.65091   -9.252624  -9.041794
  -8.858514  -8.922778  -9.411486  -9.376164  -8.826498  -9.27101
  -9.291774  -9.466818  -9.171714  -9.495644  -9.513624  -9.339682
  -9.219216  -9.412182  -9.342118  -9.278086  -9.307086  -9.667266
  -9.638324  -9.02074   -9.638324  -9.146078  -9.126938  -9.326342
  -9.42094   -9.563098  -9.30668   -9.283248  -9.503126  -9.466064
  -9.050378  -9.248158  -9.293398  -9.473024  -9.275824  -9.013316
  -9.652998  -9.300358  -9.321702  -9.544886  -9.42355   -9.2394
  -9.502488  -9.30001   -9.138538  -9.276984  -9.237718  -9.301344
  -9.233542  -9.382486  -9.563504  -9.390838  -9.568028  -9.743942
  -9.48213   -9.608454  -9.210168  -9.28319   -9.37309   -9.421346
  -9.566984  -9.28406   -9.416474  -9.521454  -9.64134   -9.631422
  -9.342582  -9.383124  -9.08947   -9.094226  -9.264862  -9.454754
  -9.564142  -9.470008  -9.52824   -9.123342  -9.263702  -9.20344
  -9.096604  -9.31857   -9.264572  -9.24462   -9.404816  -9.58334
  -9.329126  -9.407948  -9.467746  -9.343394  -9.247404  -9.469834
  -9.405338  -9.229018  -9.521048  -9.47894   -9.346178  -9.327734
  -9.548076  -9.32002   -8.990638  -9.528588  -9.569014  -9.447504
  -9.06308   -9.584848  -9.246418  -9.196654  -9.40731   -9.434222
  -9.313408  -9.161912  -9.441298  -9.233832  -9.539376  -9.315728
  -9.235746  -9.512986  -9.629798  -9.402728  -9.290382  -9.296414
  -9.44791   -9.18488   -9.040924  -8.977994  -8.906538  -9.365086
  -9.479172  -9.388576  -9.20489   -9.625506  -9.256684  -9.074796
  -8.536498  -9.198336  -9.255234  -9.105768  -9.4424    -8.834966
  -9.382776  -9.288642  -9.257554  -8.121508 -10.684818  -9.59958
  -9.75038   -9.307608  -9.346758  -9.746146  -9.448432  -9.233368
  -9.547844  -9.308072  -9.394202  -9.28841   -9.648938  -9.587458
  -9.066792  -9.148572  -9.211908  -9.43544   -9.625332  -9.438166
  -8.794134  -9.203672  -9.340088  -8.894648  -9.178152  -9.184126
  -9.28957   -9.484334  -9.235688  -9.38092   -9.178616  -8.87632
  -9.089122  -9.062442  -9.25477   -9.778858  -9.486654  -9.356734
  -8.989246  -9.105478  -9.253668  -9.497036  -9.265094  -8.78004
  -9.42094   -9.368102  -9.269618  -9.337826  -9.488742  -9.426856
  -9.209124  -9.245548  -9.580208  -9.409688  -9.468036  -9.471342
  -9.113308  -9.417112  -9.096836  -9.096488  -9.541116  -9.419606
  -9.417054  -9.264282  -9.015636  -9.147238  -9.274026  -9.339856
  -9.509564  -9.38643   -9.530212  -9.569246  -9.27217   -9.49895
  -9.437296  -9.402786  -9.582296  -9.510782  -9.082336  -9.318744
  -9.276636  -9.104782  -9.254248  -9.220202  -9.438166  -8.745646
  -9.303432  -9.493034  -9.462874  -9.508056  -9.25535   -8.946094
  -9.274722  -9.437296  -9.377556  -9.38034   -9.33452   -9.202802
  -9.464904  -9.296936  -8.891806  -9.237022  -9.488568  -9.345946
  -9.308072  -9.148108  -9.246128  -9.527312  -9.383588  -9.440486
  -9.31335   -9.6599    -9.205006  -9.529922  -9.115802  -9.114004
  -9.780192  -9.295428  -9.388228  -8.99      -9.261092  -9.102114
  -9.480738  -9.669992  -9.712332  -9.308942  -9.607642  -9.4018
  -9.50765   -9.572204  -9.251348  -9.403076  -9.603756  -9.22751
  -9.152516  -9.284118  -9.47024   -9.2858    -9.43428   -9.249782
  -9.464382  -9.356096  -9.216606  -9.08802   -9.542856  -9.542276
  -9.396348  -9.556486  -9.291484  -9.70224   -9.312016  -9.391708
  -9.275128  -9.6396    -9.225422  -9.822532]"
1402,"[ -6.925548  -8.068786 -10.323014  -9.675038  -9.559386  -8.906422
 -10.134862  -9.468268 -10.308862  -9.603118  -9.527776  -9.076014
 -10.304164  -9.708678 -10.834632  -9.934588 -10.384378  -8.424036
  -9.723642 -12.885454 -13.59462  -12.561756 -11.393172 -12.974716
 -13.046984 -12.42244  -12.79045  -11.681548 -13.332112 -13.19529
 -14.52175  -11.126372 -11.652954 -10.33241  -10.601182  -9.202976
 -10.539122 -10.404968  -9.153096  -8.672218  -9.145208  -9.805422
  -8.810722 -10.126742 -10.446902 -10.36228  -10.038698 -10.023444
  -8.51643   -9.620982 -10.14652   -9.263528  -9.93076   -9.39629
 -10.120884  -9.186446  -9.104376 -10.552984  -8.41899   -9.837786
  -6.707526  -5.401366  -5.013578]"
1403,"[ -6.96116  -10.080052  -9.876356  -8.797498  -9.703632  -9.322282
  -9.668716  -8.745704  -8.266624  -7.99588   -7.22854   -8.067336
  -7.99124   -7.855288  -8.327756  -6.050908  -6.784028  -9.256452
  -9.856346  -9.983482  -8.883048  -8.818726  -9.844746  -9.363172
  -9.324776  -9.649692  -9.495876  -6.853396]"
1404,"[-12.664126 -11.796272 -13.087816 -12.65908  -13.411108 -13.373408
 -13.047274 -13.158402 -12.317228 -13.184328 -12.138936 -12.559784
 -12.88267  -12.924372 -13.112582 -12.729434 -13.045534 -12.777168
 -13.202946 -12.22901  -12.800484 -12.898446 -13.243024 -12.92965
 -12.869504 -13.175338 -12.3337   -12.455152 -12.993566 -12.395354
 -13.042518 -11.905776 -12.971932 -13.136246 -13.011256 -12.216888
 -11.818602 -10.872622 -10.263506  -8.986636  -8.573908  -9.614022
  -8.62808   -8.451238  -9.597608 -10.738642  -9.929658  -9.354472
  -7.780816  -5.403976  -5.19245   -6.033914  -9.842774  -9.327966
  -8.46626   -7.828666  -7.364318  -6.829732  -7.814862 -11.341146
  -9.930702 -10.482862 -10.208522 -10.52091   -9.398088  -9.90524
 -10.488488  -8.399792 -10.18045   -9.013548  -8.011482  -7.0934
  -8.350028  -8.817508  -9.509448  -9.806118  -9.939286 -10.743514
  -9.21214  -10.732668 -10.38171  -10.623048 -10.93445  -10.866764
  -9.98702  -10.310544  -9.672892  -9.570928 -10.895822  -8.314822
  -6.806068  -7.305506  -9.849212  -9.093008  -9.141844  -9.745914
  -7.307942  -6.885412  -7.215606  -8.632894  -8.725172  -7.942404
  -9.345888  -9.240038 -10.5647    -9.222638  -8.709338  -8.41638
  -7.918044  -6.4583    -5.138394  -7.082322  -9.922234  -9.64221
  -9.600102  -9.412994  -9.81418   -9.593142  -7.45503   -8.394398
  -9.13558   -9.409572 -10.0891    -8.47119   -9.195436  -9.715986
 -10.028722  -9.460786  -9.33945   -8.458198  -9.856578 -10.405954
  -8.031086  -9.838888  -7.628856  -8.307688  -9.556428  -8.990754
  -9.471168  -8.805502  -6.799514]"
1405,"[ -9.40731   -9.699978 -10.095596  -9.114062  -9.87595   -8.785724
  -8.939946  -9.6048    -9.830014  -8.911642  -9.589256  -9.813716
  -9.156054 -10.47886   -9.77329   -9.646676  -9.369784  -9.284466
  -9.439674  -9.189114  -9.417286  -9.804726  -9.184938  -9.444024
  -9.43428   -9.776016  -9.694062  -9.623998  -9.832914  -9.682404
  -9.917478 -10.031274  -9.775958  -9.68136   -9.729326  -9.682926
  -9.496862  -9.63525   -9.660074  -9.786398  -9.376976  -9.496572
  -9.350412  -9.645168  -9.777466  -9.941026  -9.845674  -9.775726
  -9.554398  -9.212836  -9.638498  -9.76488   -9.388634  -9.491178
  -8.888848 -10.135384  -9.54564  -10.242858 -10.132832 -10.063754
  -9.845964 -10.033652 -10.170126  -9.551672  -9.449476  -9.53114
  -9.906864  -9.906226  -9.450926  -9.601262  -9.247346  -9.296008
  -9.899092  -9.312306  -9.37077  -10.005754  -9.200424  -8.235072
  -8.513762  -8.473684  -9.196306  -8.877886  -9.492802  -9.857506
  -9.611818  -9.262368 -10.04473   -9.773     -9.624868  -9.892422
 -10.058882  -9.906748  -9.742376  -9.952278 -10.226386  -9.997634
 -10.110792  -9.367638  -9.664134  -9.806872  -9.673878  -9.422274
  -9.418446  -9.909764  -9.514204  -8.708874  -8.605808  -9.18285
  -9.210632  -8.460518  -6.339168]"
1406,"[ -7.52927   -9.821198  -9.205586  -9.370364  -8.759392  -8.159092
  -7.79607   -8.69913   -8.08723   -8.556566  -9.305462  -9.024452
  -8.336978  -9.020682  -8.052778  -7.341756  -7.773044  -8.473916
  -8.631908  -9.263702  -8.814782  -7.71864   -8.814144  -7.864858
  -8.563004  -8.393006  -9.811048  -8.81455   -9.167248  -7.86654
  -8.583072  -8.113736  -8.47873   -8.147492  -8.770934  -8.411276
  -8.225908  -8.260998  -9.459684  -9.866554  -9.30291   -9.259642
 -10.727274 -11.413762 -12.93139  -13.560864 -13.03637  -11.590372
 -13.38321  -12.629094 -12.978834 -13.101504 -13.042286 -13.023726
 -13.28432  -12.742716 -11.921436 -10.792756 -10.700246  -8.90938
  -9.34583   -9.731762  -9.460554  -9.785354  -9.458756  -9.605148
  -9.694932  -9.812556  -9.789008  -7.911896  -7.530082  -9.237022
  -8.60865   -9.713608  -8.844304  -9.486828  -9.133666  -9.447214
  -8.661256  -8.951372  -9.178442  -9.864292  -8.731494  -8.427342
  -9.152458  -9.61118   -8.98623   -9.15878   -8.958042  -7.971984
  -5.991458  -6.042382]"
1407,"[ -9.632756 -10.23149   -9.645632  -8.731436  -8.694026  -9.619996
  -9.918928 -10.81613   -9.410964  -8.28327   -9.291948 -10.52642
  -9.085642 -10.340588 -10.756564 -10.06532  -10.46871   -9.027468
 -10.267624 -10.286068 -10.64822  -11.00289  -10.269654 -10.07083
 -10.519518 -10.360192 -10.29152   -9.889638 -10.084808  -9.58972
 -10.20336   -9.944622  -9.165972  -9.088484  -9.405628  -7.463498
  -8.173824  -7.97239   -8.029346  -8.27225   -6.99335   -7.97877
  -6.929434  -7.874138  -8.606852  -6.348158  -8.519968  -6.547736
  -8.293188  -8.84384   -8.269988  -6.865518  -7.64846   -8.495956
  -9.49112   -9.360156  -9.111046  -8.193428  -9.462642  -9.722598
  -9.674226  -9.294558  -9.313988  -9.092892  -8.769426  -8.810374
  -9.276578  -8.159904  -8.553434  -8.645364  -9.492454  -9.522266
  -9.524296  -9.39368   -9.68803   -9.43138   -9.649112  -9.498486
  -8.653426  -9.230468  -8.417946  -7.95847   -9.793242  -8.545662
  -9.37918   -8.256242  -7.523412  -7.703618  -6.637056  -5.190536
  -7.03685  -11.134898  -9.42094   -9.540652  -7.30684   -8.430822
  -7.659828  -7.61888  -10.281196  -9.16284   -9.218172  -8.274396
  -7.904936  -9.44733   -9.491584 -10.13115   -9.228438  -8.444452
  -8.613058  -9.575104  -8.450832  -9.737794  -8.537948  -8.860834
  -9.434048  -8.909148  -7.933878  -8.83137  -10.030694  -8.92765
  -9.452492  -9.009546  -8.69623   -9.135928  -9.213242  -8.920168
 -10.25411   -9.46444   -9.455914  -8.743326  -7.961254  -7.85523
  -9.219622  -8.730566  -9.566636  -8.59908   -9.089876  -8.739208
  -9.15298   -8.40449   -9.738258 -10.072222  -9.90611  -10.257938
  -8.842564  -8.056548  -9.326516  -7.981554  -8.534062  -7.566332
  -8.446482  -8.06635   -7.962414  -7.926802  -8.919124  -7.179704
  -8.384596 -10.159686 -11.869642 -10.335426  -8.438362  -8.899868
  -8.353682  -9.919508  -9.725672  -9.559618  -8.771166  -7.560068
 -10.557392  -9.83883   -9.92148   -9.646038  -9.938532  -9.840512
 -10.109168 -10.017934 -10.333222  -8.593164  -9.609208  -9.656826
 -10.027504 -10.223486 -10.002506  -9.332606 -10.246628 -10.091536
  -9.849966  -9.13471   -9.850198  -9.962834  -9.043128  -9.067198]"
1408,"[-10.121406  -9.692554  -9.353312 -10.858702  -8.045122  -7.03946
 -10.175404 -11.06553   -9.692612 -11.197538 -10.573052  -9.439384
 -10.594512 -10.564584  -9.197234  -8.066756  -6.757406]"
1409,"[ -6.17236   -6.636998  -8.863966  -9.097184  -9.684434 -11.003644
  -9.512754 -10.550548 -12.04573   -9.92032   -9.110292  -8.92475
  -8.96999   -8.754172  -8.560336  -9.347744  -6.96522   -7.5719
  -8.256184  -8.051038  -6.486894  -6.080836  -8.692286  -8.497638
  -9.78895   -8.954562 -10.054068  -9.501096 -10.22801  -10.700246
 -10.00819  -10.398124  -9.73791  -10.361816 -10.21119  -10.57514
 -10.419932 -10.16363  -10.835038 -10.753664  -9.923336  -9.985918
 -10.823264 -10.167168 -10.519576 -10.590974 -10.518648 -11.35263
 -11.89087  -11.753004 -10.717356 -10.637026 -10.307702 -11.237152
 -10.016948  -9.534852  -8.880612  -8.754462  -9.98006   -9.855534
 -10.157366 -10.36373  -10.761494  -9.073288 -10.93532  -10.020776
  -9.528298 -10.693982 -10.50032  -10.65199  -10.766192 -10.627108
  -9.914404 -10.336934 -11.260526 -10.544748 -10.832718 -10.085098
 -10.724142 -10.846406 -11.634394  -9.847588  -9.892132  -9.848922
  -9.51432   -9.393796 -10.051342  -7.552644  -8.209784  -8.877074
  -9.44849  -10.035276  -9.3728    -9.293514  -8.513878  -8.297422
  -8.599486  -9.489612  -9.614428 -10.971338 -10.808822 -10.952198
 -10.728376 -11.212096  -9.522904  -9.737852  -8.618684  -8.936408
  -8.729232  -9.56507  -10.025706 -10.424456  -8.82064   -8.755854
 -10.494752 -10.165022  -9.326574 -10.91676   -8.672334  -7.113294
  -7.728732  -8.059796  -8.810258  -7.567782  -8.212104  -9.230352
  -9.293224  -7.774552  -7.859986  -7.956672  -9.557182 -10.711672
 -10.764162  -9.702762  -9.62307   -9.13877   -8.03126   -7.05918
  -7.336652  -6.908264  -9.367406 -10.395166  -9.777292  -9.457306
  -9.972694  -9.896076 -10.19437   -9.405338  -9.33394   -8.961464
  -9.651026 -10.19901  -10.288794  -9.796954  -8.570022  -9.022364
 -10.723794  -8.33576  -10.07808   -9.957498  -9.974724 -10.865024
 -10.982474  -9.715     -9.466876  -6.491128  -5.471372  -5.977654
  -8.142736 -11.979784  -8.838736  -8.478962  -6.91331   -7.00002
  -8.57878   -6.150958  -7.19258   -8.204042  -6.158382  -6.912788
  -8.998874  -9.191608  -8.586146  -8.911526 -10.074194  -8.33953
  -9.705894  -9.610542  -9.47111   -9.638904  -9.373554  -9.23244
  -8.506512  -9.239748  -9.097764  -8.381812  -9.386024  -8.777662
  -9.085352  -9.05264   -6.628298]"
1410,"[ -8.413828  -9.076014  -7.69051  -10.261244  -7.515234  -8.094422
  -9.496746  -9.631306  -9.737388  -9.740056  -9.964168  -9.142076
  -9.692902  -7.882664  -8.743558  -9.658044  -8.86733   -9.753048
  -9.421172  -9.923974  -9.35134   -9.000266  -9.671732  -9.503068
 -10.018224  -8.811534  -8.909728  -5.814326  -5.376426]"
1411,"[ -9.75241  -10.511456 -10.421324  -9.576032  -9.397276  -9.845442
 -10.557798 -10.068278  -9.57493   -8.471074  -7.55363   -8.130208
  -9.335332  -9.97484  -10.10737   -9.474532  -9.775436  -9.623186
 -10.953938  -9.871832 -10.048616 -10.12796  -10.66736  -10.708076
  -8.025112  -7.79868   -8.946442  -8.71972   -9.21852   -7.569812
  -8.823076]"
1412,"[ -8.971266  -9.655492 -10.002854  -9.570348  -9.626434  -9.51432
  -9.677648  -9.840164  -9.591866  -9.63438   -9.604974  -8.739092
  -9.253784  -9.264514  -9.531314  -9.258598  -9.57116   -9.513392
  -9.007342  -8.981068  -9.839932  -9.47952   -9.5903   -10.004826
 -10.000186  -9.411196  -9.2742    -9.694062  -9.89857  -10.135326
  -9.832914  -9.699978  -9.567622  -9.535954  -9.595056  -9.790052
  -9.862784  -9.255524  -9.878328  -9.46618   -9.85333   -9.202048
  -9.832044  -9.713956  -9.000266  -9.211386  -9.319324  -9.178442
  -9.690176  -9.613326  -9.612456  -9.489844  -9.555848  -9.204658
  -9.672428  -9.386488  -9.727528  -9.764474  -9.8716   -10.001694
  -9.49025   -9.35134   -9.43718   -9.446576  -9.138248 -10.090376
  -9.066096  -9.897062  -9.10281   -9.274258  -9.499936  -9.26289
  -7.688248  -8.295508  -9.243112  -9.451332  -8.418004  -7.048914
  -9.386024  -8.903812  -8.136878  -9.53288   -9.178732  -9.565418
  -8.029926  -8.567992  -9.137668  -8.618278  -7.788124 -10.080284
  -9.036748  -8.179276  -8.845174  -8.37984   -8.75278   -8.895286
  -8.38477   -8.557726  -8.850974  -8.548272  -9.123342  -7.808772
  -8.08752   -7.90047   -7.854592  -9.37947   -8.616364  -9.049508
  -8.1316    -9.145962  -9.46009   -8.185772  -7.68674   -6.758682
  -9.487408  -9.985802 -11.726092  -9.993922  -9.689132  -8.707888
  -9.71152   -7.230802  -7.59075   -9.186388 -10.565106  -9.373554
  -9.351456  -9.697716 -11.088208 -11.42977  -11.903398 -11.64321
 -11.52982  -10.594396 -11.389692 -10.846406 -11.662292 -12.02659
 -12.054778 -11.531966 -11.36133  -12.062666 -11.57332  -11.149166
 -11.660436 -11.718842 -11.07307  -10.46436  -11.502618 -11.87376
 -10.804704 -11.186866 -11.36046  -11.982684 -11.660668 -11.513174
 -11.088382 -11.425652 -10.800876 -11.147542 -11.584688 -11.500994
 -11.312088  -8.03097 ]"
1413,"[ -9.061572 -10.216468  -9.23708   -8.769542  -9.942824  -7.868164
  -8.9552    -8.580984  -8.268422  -8.55442   -8.39434   -6.983142
  -8.536962  -7.81434   -8.549084  -8.94969   -7.204412  -9.112902
  -9.115454  -7.213228  -7.52695   -9.13906   -9.078798 -10.300452
  -8.96129   -7.004428  -7.88916   -8.06751   -8.307978  -9.179486
  -9.49257   -8.630864  -7.79346   -9.334752  -7.941882  -8.380188
  -8.49642   -9.18488   -8.915528  -8.673552  -8.816754  -8.677322
  -9.12398   -7.781512 -10.193674  -8.252646  -5.734808]"
1414,"[-10.835212 -10.319012 -10.411348 -10.434838  -9.084598  -9.265616
  -7.2442    -6.386902  -8.630516 -10.154988 -10.31878  -10.62763
  -9.628116  -8.223936 -10.13492   -9.644124 -10.621946 -11.227292
 -10.806038 -10.233288  -8.509354  -8.388424  -8.617756  -9.197234
 -10.518416 -10.35938   -9.621098  -9.30639  -10.142112  -9.725208
 -10.2573    -9.97687   -8.497696  -8.853352  -9.765576  -8.689966
  -6.601734  -8.230142  -9.502952  -9.609788  -8.26993   -9.10368
  -9.418852  -8.978806  -8.689502  -9.869396 -10.441682  -9.618024
  -9.382602  -8.438072  -9.67643   -9.404526 -10.216004  -7.743696
  -9.052872  -9.5497    -9.696904  -9.148282  -6.645988  -6.012686
  -6.172534  -7.642138  -8.951894  -7.089282  -5.963386  -6.314866
  -5.945754  -6.493622  -8.197198  -7.758892  -8.993944  -9.81534
  -9.234818 -11.052132 -10.085794  -9.783846  -5.276202]"
1415,[ -7.553224  -8.07621   -9.905124 -10.169778  -6.737686]
1416,"[ -9.811454 -10.186308  -9.934994  -9.003514  -9.50765  -10.1152
  -8.704408  -7.624912  -8.063276  -8.842448  -8.684746  -9.210458
  -9.813426  -9.547264  -9.522324  -9.401916  -9.333012  -8.58313
  -8.684166  -8.895344  -9.001832  -9.456146  -9.081582  -9.950538
 -10.232128  -9.98499   -9.672428  -8.6536    -7.778148  -9.83854
  -8.866924  -9.082742  -8.81774   -9.315786  -8.446772  -8.797092
 -10.311414  -8.500828 -10.253588  -9.109016  -6.294624  -7.910214
  -9.185518 -10.163456  -8.002086  -7.68326  -10.493302  -9.204252
  -8.709976  -8.443118  -9.258482  -9.53375   -9.928614 -10.457574
  -8.416554  -9.855766  -8.231302  -6.375186]"
1417,[-8.033464 -8.914426 -5.344178]
1418,"[ -9.661466  -8.659342  -9.814296  -8.893256  -9.172932  -9.043128
  -8.47728   -9.20402   -9.04365   -8.605518  -8.687414  -9.345308
  -8.341676  -9.822358  -8.542414  -9.310914  -9.270836  -8.626978
  -9.433526  -8.355016  -9.728688  -9.074042  -8.97579  -10.053488
  -8.429198  -9.392288  -8.861414  -8.610622  -9.798868  -9.475112
  -8.777836  -8.60401   -9.672544  -8.653368  -8.77917   -8.907698
  -9.904776  -8.133978  -9.974724  -8.624542  -9.191608  -8.882236
  -9.472038  -8.540384  -9.361432 -10.15696   -8.755564  -8.989304
  -9.33249   -8.772094  -8.693388  -9.022944  -8.8334    -8.741006
  -8.154742  -8.864604  -8.649308  -8.309486  -9.940388  -9.347744
  -8.843028  -8.979212  -8.47438   -9.747654  -8.402344  -9.144628
  -9.203904  -8.665142  -8.51092   -9.02683   -8.909438  -8.79454
  -8.101614  -9.024046  -8.798774  -9.512232  -8.63939   -8.74872
  -8.614798  -9.450636  -8.973354  -8.590554  -9.730602  -8.91547
  -8.754288  -9.8281    -8.743964  -9.45835   -8.974978  -9.528588
  -9.12195   -8.478208  -9.288874  -8.959144  -8.936988  -8.448222
  -8.865126  -8.778938  -8.722562  -8.902478  -8.501002 -10.05459
  -7.644168 -10.010336  -8.023952  -9.467688  -7.346164  -6.938772
  -8.51353   -8.24731   -8.20642   -7.190898  -8.897954  -9.317062
  -9.767258  -8.32503   -8.607316  -5.124996]"
1419,"[-11.451346 -10.523636  -9.93134   -9.50533   -8.53586  -10.432866
 -10.455892 -12.182262 -11.237964 -11.395028  -9.955352  -9.242764
  -8.276774  -7.385314  -7.798274  -8.76467   -6.538224  -8.094074
  -7.57712   -9.81853  -10.94605  -10.979864 -10.934508 -10.510064
 -11.000918 -10.385828 -11.208558 -10.794438 -10.534134 -10.776458
 -10.272032 -10.819958 -10.75668  -10.444698 -10.861718 -10.31153
 -10.004884 -10.768686 -10.117404  -8.859152  -7.825302  -8.006726
  -6.169692  -7.261832  -7.610006  -9.695918 -11.372988 -10.882308
 -11.30971  -11.300604 -12.464026 -12.384798 -12.819044 -12.40272
 -12.751706 -12.883888 -11.625288 -12.465012 -12.490822 -11.90363
  -9.720278  -9.419606  -9.946246  -8.883164  -8.524028 -10.201968
 -11.682592 -12.234404 -12.281036 -11.890348 -12.924952 -11.716232
 -12.632458 -11.86245  -12.70925  -12.901404 -12.740222 -12.17594
 -11.076782  -9.855766 -10.714398 -11.093892 -11.426696 -11.577148
 -11.835538  -9.011518 -12.170024  -9.372568  -7.616908  -8.60604
  -6.489736  -8.196386  -7.193914  -7.460482  -9.521918  -9.244504
  -8.657776  -7.694106  -6.358018  -7.962298  -7.916246  -9.827346
  -9.307782  -8.086012  -6.851598  -7.816718  -8.740832  -9.565766
  -8.801906  -7.937532  -8.851612  -8.737874  -7.643588  -9.224958
  -9.372742  -9.42819   -9.406788  -9.611064  -9.692322  -9.514552
 -10.074194 -10.274932  -9.090108 -10.06735   -9.777988 -10.154466
  -9.090108  -9.18227   -9.462932  -9.458466 -10.668926  -9.164232
  -8.947776 -10.611622  -9.83912   -9.391708 -10.541442  -9.024858
  -9.877806 -10.11868   -8.86211   -9.801942  -9.074332 -10.147274
  -9.108146  -9.793822  -9.444024  -9.389678  -9.393912  -9.464092
  -9.338058  -9.65729   -9.273794  -9.618778  -9.447156  -9.441762
  -9.894916  -9.46966   -9.288816  -9.529342  -9.089006 -10.455138
  -8.78207  -10.387452 -10.022574 -10.21235   -8.491316  -9.487466
  -9.524354  -8.0069    -8.619844  -8.86066   -7.916072  -9.66222
  -8.45176   -8.540906  -8.509064  -9.373438  -9.299488  -9.310624
  -9.04133   -9.353312  -7.76939   -7.096822  -8.528494 -10.199764
  -8.741934  -9.850604  -7.44488   -8.101904  -8.427632  -8.66607
  -8.453036  -6.786058  -8.21657   -7.720032  -7.154358  -8.57356
  -8.376592  -9.349716  -9.312712  -8.644784  -9.155532  -8.387032
  -8.882468  -9.24955   -8.995916 -11.396478 -10.114852  -9.09295
  -9.804552  -9.677706 -10.158352 -10.419004  -9.782512  -9.748234
  -9.12369   -9.65265   -8.88821  -10.005348 -10.72942   -9.583166
  -9.577482  -7.917174  -6.511718  -5.746234  -6.911976  -7.038532
  -8.784042  -9.11035   -8.602154  -8.907118  -8.986404  -8.684746
  -8.598732  -8.8827    -8.664388  -7.96398   -6.476338  -5.397306
  -6.82457   -9.472734 -11.34306  -10.49162  -10.82309  -11.324094
 -11.234716 -11.357618 -11.10932  -11.32769  -10.586102 -10.373532
  -9.976754 -10.34952   -9.660886 -10.315416  -8.546242  -9.761574
  -8.27167   -7.534954  -9.542856  -7.454508]"
1420,"[ -5.68951   -7.883766  -7.895888  -9.705546  -8.682542  -9.861972
 -10.020312  -9.807916  -7.830058  -5.466848  -6.338588  -6.73757
  -7.770492  -6.944688  -8.849872  -8.989478  -7.871238  -8.118376
  -8.26297   -8.402982  -8.637824  -6.959942  -5.381298  -7.376614
  -7.075594  -9.57435  -10.547474  -9.734836 -11.373104  -9.535084
 -10.393426  -9.901006 -10.622294 -12.189512 -11.07887  -10.808938
 -11.03537  -10.61719   -9.916028  -9.275128  -9.63989   -7.939098
  -7.768288  -9.152458  -8.549316  -8.258504  -8.94273   -9.976522
  -9.740636 -10.103078  -9.5816   -10.993262  -9.256684  -9.406092
  -9.796316 -10.481992 -10.284676 -10.23526  -10.931608 -11.709156
 -11.233382 -11.675516  -9.441008 -11.406396 -10.18654  -10.363498
 -10.645204 -10.03371  -10.468246  -9.961268 -11.023016 -11.42774
 -10.52323  -10.005928  -9.793416  -9.183662  -8.741702 -10.570152
  -8.971556  -9.218926  -7.097344  -9.808844 -10.042526 -10.592308
  -9.382834  -7.843282  -6.232216]"
1421,"[ -9.972404  -8.527218  -7.547076  -8.600356  -8.62779   -9.24955
  -9.171366  -8.660328  -9.665642  -8.199634  -9.036574 -10.233694
 -10.154176  -8.527392 -10.28978   -9.615646  -9.84231  -10.082488
 -10.609012 -10.16914  -10.963334  -9.882388  -8.615726  -9.20924
  -9.885636 -10.27354  -10.620206 -10.985084 -10.5125   -10.080458
 -10.549272 -10.07547  -10.736148 -10.359148 -10.232824  -9.70891
  -9.815862  -9.906632 -10.002042  -9.501792 -10.42463  -10.017412
  -9.546104  -9.93047  -10.1732   -10.786608  -8.439812  -6.967134
  -5.85945   -5.985252  -8.11971   -7.433744  -7.860044  -8.445844
  -9.588966  -9.250594 -10.10882   -9.932326 -10.147332  -9.349078
 -10.11056   -9.284582  -9.727006  -6.758276  -7.474866 -10.498406
 -10.389946 -10.408854  -9.757514 -10.53454  -10.817638 -10.56499
 -10.006218  -9.771956  -9.965792 -10.561568  -9.745392 -10.717182
 -10.3327   -10.118796  -7.418954  -5.236008  -7.46141   -8.30763
  -8.513066  -8.208218  -8.218252  -8.560104  -8.734626  -9.914404
  -9.83622   -9.370596  -9.532822  -9.614486 -10.142228  -7.726296
  -9.734836 -10.095364 -10.361526 -10.765206 -10.205506 -10.706394
 -10.891182 -11.0229   -10.91531  -11.695874 -10.213916  -8.745124
  -9.599696 -10.965712 -11.355704  -8.89923   -9.11354   -8.4477
  -9.565998  -9.868468  -9.879024  -9.979306  -7.703792  -8.881018
  -8.401532  -8.84181   -8.144244  -8.432678  -8.534816  -8.845174
  -8.509064  -8.53122   -8.772558  -8.177478  -8.326886  -8.246092
  -8.776734  -8.30067   -8.712992  -8.035146  -8.725752  -9.298038
  -8.065016  -8.683586  -8.632372  -8.228518  -8.904334  -7.82681
  -8.890182 -10.48582  -10.045484  -9.774044 -10.906494  -9.49141
 -10.552636 -10.615914  -9.252682 -10.79554  -10.322666 -10.13869
 -10.433214 -10.059346  -9.96208  -10.382812  -9.967822  -8.60633
  -9.473836  -9.171482  -9.959238 -10.397022  -7.150994  -6.640362
  -9.278434  -7.198148  -5.231426  -9.542566  -9.287018  -8.36969
  -8.457908  -8.84355   -7.614472  -7.986774  -7.829826  -8.436042
  -8.121972  -8.766526  -8.591076  -7.823794  -8.262332  -7.966996
  -7.979524  -8.083344  -8.347534  -8.006494  -9.07323   -8.043266
  -9.165624  -8.73016   -7.97761   -8.040366  -7.729312  -8.410116
  -7.887768  -8.632024  -7.694106  -8.185482  -8.615842  -8.045528
  -7.930746  -8.271206  -8.536846  -8.071338  -8.889196  -7.940722
  -8.631792  -7.8039    -8.009452  -8.762756  -8.139546  -8.648728
 -10.049486  -8.619902  -8.613986  -9.051654  -8.093552 -10.332874
  -9.769404 -10.007204  -9.21823   -9.735358 -10.69868   -9.88726
 -10.020892  -9.991428 -10.402822 -10.273134  -9.688262  -9.969388
  -9.447446 -10.23265   -8.867214  -6.986448  -7.187418 -10.266406
  -8.79251   -9.678344 -10.111604  -8.919472  -8.18612   -8.065596
  -9.51113   -8.624136  -7.451608  -9.168118  -8.453384  -9.261556
  -9.23273   -9.481144  -9.90176   -9.680142  -9.846776  -9.841034
  -9.929832  -9.938822 -10.210784  -9.733966 -10.707554 -10.255966
  -8.04228   -9.325182  -9.476968  -9.323384  -8.869882  -8.756202
 -11.039662 -10.58413  -11.634046  -9.89306  -10.078544 -10.196226
  -9.643022  -9.494252  -9.014244  -8.431112  -9.478186  -8.94447
  -6.404824  -7.163406  -8.50396   -6.87706 ]"
1422,"[-10.573284 -11.236978 -11.515436 -10.910554 -11.811584 -11.533416
 -10.936016 -11.095284 -10.074948  -8.651454 -10.767062  -9.647778
 -10.088172  -8.94476   -8.421716 -10.017354  -9.847704 -10.66417
  -9.472908  -9.616284 -10.327016 -10.676408 -10.50003   -9.06888
 -10.110212 -10.171518  -9.146078  -9.231512  -8.443118  -7.253538
  -7.941012  -8.330482  -8.592004  -8.269408  -6.88228 ]"
1423,"[-10.246454  -8.626572  -8.438304  -9.079436 -10.320404 -11.719828
 -10.929926 -11.8001   -11.14296  -10.666084 -10.901332 -10.48379
  -8.910598  -7.313278  -8.648148  -8.84239   -8.965002  -6.631778]"
1424,"[ -9.800202 -10.372836  -9.144744 -10.431996 -10.011206 -10.177028
  -8.87951   -9.02451   -7.703386  -8.41899   -7.511812]"
1425,"[ -8.711832  -7.662206  -8.51527   -8.188382  -8.820292  -7.98631
 -10.05604  -10.35793   -9.166784  -7.862306  -6.86459   -9.386082
  -9.869454  -9.477954  -9.91133   -7.277144  -6.8614    -8.69478
  -8.515502  -8.63997   -9.155532  -9.174208  -9.203382  -9.879082
 -10.203128 -10.458908  -9.916608 -10.758884 -10.069496 -10.639578
 -10.79438   -7.996286  -9.665932  -9.635714  -9.875138 -10.246338
 -10.14623   -9.59639   -9.291542  -7.417678  -9.3989    -9.499008
  -9.480506  -9.388518  -9.25564   -8.834096  -9.619126  -8.673378
  -9.269502  -9.471806  -9.7266    -9.23447   -8.94766  -10.055054
  -8.660908  -9.031586  -9.206282  -9.460612  -9.305868  -9.079146
  -8.967322  -9.142018  -9.141844  -9.25477   -9.03234   -9.18024
  -8.916456  -9.02625   -8.75713   -9.324428  -9.26202   -9.177572
  -9.270024  -9.170844  -9.720162  -9.042142  -9.233078  -8.778474
  -9.25999   -9.168756 -10.017296  -9.462932  -9.11818   -8.865938
  -9.67701   -9.158258  -8.864256  -8.505816  -9.24259   -9.352326
  -9.088426  -9.101592  -9.333592  -8.745762  -9.37541   -9.602654
  -9.278724  -9.209704  -9.2655    -9.263238  -9.135232  -9.268922
  -9.286264  -9.100084  -9.613964 -10.240422  -9.976812  -5.245868]"
1426,"[ -9.18285  -10.29616   -9.463164  -7.865264  -7.355038  -9.46357
  -7.16358   -8.723084  -9.957208  -7.979524  -9.541522  -9.845616
  -9.84463  -10.417206 -10.607214 -10.805052  -9.876472 -10.049486
 -10.226154  -9.709664  -9.298502  -8.925388  -9.442284  -9.73907
  -8.650932  -9.59552   -9.199322 -10.551592 -10.562438  -9.747712
  -9.669354 -10.573168 -10.133238 -10.535468  -9.840106  -7.855752
  -8.292202 -11.241154  -9.666048  -9.920668 -10.218498  -9.873804
  -9.323036  -8.332918  -8.44074   -7.985266  -7.99008   -8.532844
  -9.086802  -8.80933   -8.489982  -9.221942  -7.833074  -7.716262
  -7.81463   -8.821626  -8.277122  -7.914274  -7.512102  -7.885274
  -8.2621    -6.344736]"
1427,"[ -9.700326  -9.435034  -9.106812  -9.237486  -9.620228  -9.46357
  -8.127018  -8.868316  -7.70878   -8.671232  -9.588792  -9.516408
 -10.889094 -10.197154  -8.998526  -9.867598 -10.535642 -10.1036
 -10.64909  -10.368718 -10.312748 -10.064682 -10.851742 -10.420628
 -10.257126 -10.26397   -9.993632 -10.151508 -10.17204   -9.561938
  -7.625318]"
1428,"[-10.646538 -10.257126 -10.556638 -10.692996 -10.797512 -10.229054
 -10.442842 -10.650598 -10.716718 -10.43913   -9.302968 -10.21351
 -10.09258   -9.859536  -9.909358 -11.267776 -11.683462 -11.04929
  -9.9876   -10.247672  -9.983656 -10.244308 -10.193268 -10.598108
  -9.55666  -10.58674  -10.484892 -10.36054  -10.04212  -10.701406
 -11.390852 -12.368732 -11.973926 -10.878248 -10.150696 -10.360598
 -10.049834 -10.363092 -10.170764 -10.17871  -10.781794 -10.099018
  -9.261092 -10.050414  -9.304418  -7.842296 -10.401372  -9.178906
  -9.250942  -9.669238  -9.83709   -9.26869   -8.56776   -9.356908
  -9.459394 -10.452122 -10.592598  -9.836568 -10.262694 -10.655122
 -10.1036   -10.058708  -9.469776  -9.70543   -9.29363   -9.919102
  -8.716414  -9.393622  -8.645944  -7.681404 -10.3733    -9.816732
  -8.753012  -6.990856  -7.576772  -6.868824  -7.21317   -7.627116
  -8.149058  -8.839084  -8.746574  -6.210814  -8.186584  -6.640536
  -6.548548  -6.071498  -6.75584   -7.269546  -9.024916  -9.526674
 -10.772456  -7.960906  -9.944564 -10.641492  -8.76525   -7.989674
  -8.677148  -9.405338  -8.97115  -11.943302 -10.713702  -9.525804
  -8.832472  -7.815384  -8.921618 -11.304142 -11.008458 -11.144236
 -10.457574 -10.979458 -10.821872 -11.209602 -10.850872 -10.661792
 -10.251964 -11.291382 -10.665272  -9.43979   -9.95918   -8.745008
  -9.72341   -9.969446 -10.71028  -10.860442 -10.95533   -8.977936
  -9.586588  -9.585022 -10.64648  -10.139734 -11.281    -10.948718
 -10.821118  -7.960384  -7.149544  -9.862494 -11.273576 -10.405142
 -11.22039  -11.186054  -8.482268  -9.38759   -8.870056 -10.061724
  -8.69884   -9.446634  -9.7643    -9.404062  -9.710592  -8.939656
  -9.478244  -9.295834  -9.320948  -7.896468  -7.442038  -8.577156
  -7.782092  -7.396914  -6.840868  -8.043092  -6.746966  -6.318056
  -9.440428  -7.952728  -8.865648  -7.991762  -7.360374  -7.271866
  -8.688284  -8.25572   -7.8793    -8.196502  -8.192442  -8.627094
  -7.66122   -7.848734  -8.730508  -7.895946  -7.869034  -9.280232
  -8.464578  -8.069888  -8.209842  -7.901688  -8.635098  -8.342024
  -8.786246  -8.010322  -7.602814  -9.97107   -7.86219   -9.503068
  -8.35809   -8.4564    -8.376534  -9.615008  -9.946072 -10.41274
 -10.938278 -10.86079  -11.747552 -10.629138 -10.528102 -10.435592
 -10.513022 -10.788638 -10.777212 -10.67374  -10.936016 -10.562728
  -9.655898  -9.149094  -9.75589   -9.783614 -10.651758 -11.771506
 -10.016832  -9.586124  -9.756354 -10.5212   -10.133992  -9.61814
  -9.734082  -9.989514 -10.868736  -9.89074  -10.215598  -9.188244
  -9.390548 -10.44696  -10.220354  -9.669992 -10.41042  -10.03487
  -9.18575   -9.755948 -10.536396 -10.109574  -9.363056  -9.12746
  -8.932058  -9.150196  -8.401068  -8.339762  -8.573328  -7.92947
  -8.704234  -8.468638  -8.669434  -8.31401   -7.918392  -8.557436
  -7.800246  -9.127808  -7.568884  -7.581934  -7.584486  -8.107994
  -8.018384  -8.2911    -9.060644  -8.022096  -9.966024  -9.898106
 -10.010684  -9.475286  -9.889928 -10.070424 -10.785506 -10.370922
 -10.250108  -9.33452   -9.87624   -9.137436  -9.610078 -11.012112
 -10.044208  -9.53114  -10.242394 -11.260758  -9.22113   -9.30465
  -8.387496  -6.641812  -6.2118    -6.67812   -7.307594]"
1429,"[-11.232048 -11.029106 -10.579374 -11.57303  -10.922212 -11.019246
 -11.042388 -10.56354  -11.456856  -8.95288   -9.278782  -8.937104
  -9.044288  -7.301968  -7.538028  -5.906024  -7.135856  -8.045644
  -8.833284  -7.201454  -7.47417   -9.23447   -9.362998 -10.976674
  -8.554188 -11.315046 -10.819668  -9.68571  -10.041308 -10.859282
  -9.593316  -9.581426  -8.217092  -9.148746 -11.32276   -8.809562
 -12.527188 -12.70142  -12.115736  -9.453014 -11.55215  -12.799382
 -11.191274 -11.214184 -10.50728  -10.305556 -10.517836 -11.833044
 -10.950574 -10.076746 -10.28601  -10.268262 -10.847798 -11.091456
 -10.953532 -10.761726 -10.667766 -10.270582 -11.675806 -10.161426
 -10.88399  -10.109284 -10.843158  -8.574024  -7.46257   -7.557922
  -9.223102  -9.496804  -7.33845   -7.580716  -8.231998  -7.336246
  -8.957636  -8.708178  -8.8189    -8.206188  -7.532518  -7.401902
  -6.668724  -7.850126  -8.2592    -9.614718  -9.54419   -9.83013
  -8.67477   -8.927418  -9.471168  -9.076826  -9.820618  -9.414966
  -8.380014  -7.169496  -7.557922  -7.85668   -8.94273  -10.167574
  -8.704698  -5.911882  -5.452058  -9.360794  -8.566194  -8.663112
  -7.829942  -5.5912  ]"
1430,"[ -9.584326  -9.917768  -9.936502  -9.443966 -10.44899   -8.869824
  -8.41464   -7.366174  -8.522288  -9.62684   -9.552542  -9.726832
  -9.687566  -8.003826  -8.953286  -7.776524  -8.378738  -8.578258
  -7.290136  -7.337058  -7.613892  -7.144556  -8.046166  -9.003804
  -9.142018 -10.000244  -8.53209   -8.641652  -9.05989   -9.506838
  -8.562424  -9.576206  -7.693816  -8.810896  -8.871332  -8.598152
  -7.985846  -9.492106 -10.25759   -8.205492  -8.142272  -9.829318
  -6.655326  -7.432874  -8.537136  -7.61685  -10.423876  -9.696034
 -10.075586 -10.151566  -7.389954  -7.263166  -7.326908  -5.855854]"
1431,"[ -6.12915   -6.537006  -8.548852  -8.900622  -9.66831   -9.819052
  -9.052814  -9.82114  -11.828636 -11.352456 -10.124712 -10.772108
 -10.387684 -11.194058  -8.762756  -7.079422  -8.301656 -10.118448
  -9.295312 -10.219542  -9.355574  -9.785934  -9.990906  -8.928578
  -7.366986  -8.938902  -8.85602   -8.026562  -8.418758  -9.432598
  -9.625738  -8.422412  -7.25029   -8.778764  -8.54311   -8.308442
  -8.678598  -8.903116  -8.269176  -7.138524  -9.078102  -9.341364
  -9.404468  -8.009916  -8.546474  -8.113852  -8.348926  -8.13595
  -8.605692  -8.31314   -8.218832  -8.804864  -8.224052  -9.178268
  -9.706184  -8.6391    -8.936234  -8.028186  -9.150138  -8.263318
  -9.105246  -9.070214  -8.115708  -8.022908  -7.07165   -8.869534
  -9.681128  -7.993038  -7.454972  -8.77018   -8.406868  -7.732096
  -8.162398  -8.65273   -8.339704  -8.697738  -9.611934  -8.531046
  -7.957426  -8.720068  -7.69138   -8.864604  -9.30494   -8.914194
  -8.371372  -9.624114  -8.201896  -8.059448  -8.847494  -7.774378
  -8.385292  -8.75278   -8.836242  -7.397204  -6.597442  -8.992494
 -10.667708  -9.56565  -10.121696  -9.654564 -10.030288  -7.390244
  -7.33642  -10.104354  -7.714812  -8.608128  -7.675488  -9.211154
  -7.761676  -7.267806  -6.434346  -5.806264]"
1432,"[ -9.111916  -8.779982 -10.344474  -9.687102  -9.55869   -7.947566
 -10.102846  -9.626956  -9.634496  -9.463686  -9.415604 -10.005812
 -10.207014  -9.57203   -9.989282  -8.434244  -8.385698  -9.02161
 -11.346946 -11.215808 -11.361794 -11.17979  -10.840664  -8.416612
  -7.73923   -8.19163   -8.114026  -7.68529   -7.25783   -9.457248
  -8.83456   -6.748358  -6.535904  -9.134594  -8.16756   -8.306876
  -9.850372  -8.336746  -9.55202 ]"
1433,"[-8.33692  -8.037234 -8.99493  -9.037618 -8.740484 -7.810222 -5.748148
 -5.443764 -6.009844 -5.873834]"
1434,"[-8.236174 -8.297712 -8.632894 -8.33286  -8.069192 -8.241858 -8.243134
 -8.170402 -8.187164 -8.647452 -7.492614 -8.816638 -9.312016 -9.325356
 -8.448686 -8.642406 -8.777894 -7.56581  -7.503402 -6.899912 -9.076362
 -7.973376]"
1435,"[ -9.52244   -9.622664 -10.846058 -10.642014  -9.94033   -9.786456
  -9.818994 -10.595556  -8.982808  -5.701864]"
1436,"[ -9.288874  -9.96585   -9.702646 -10.072802  -9.483522 -10.033826
 -10.962232 -10.443422  -9.916202 -10.784404  -8.612594  -9.785064
 -10.417902  -8.35664   -9.870092 -10.645088 -10.983054  -8.920342
  -8.344286 -10.161368 -10.305904  -9.561184  -9.341016  -7.808482
  -8.075978  -9.557008  -7.810918  -7.678736  -9.489148  -8.02923
  -6.938714  -8.115012  -7.543074  -7.357184  -7.593012  -7.797172
  -7.696832  -7.825012  -9.926236  -7.618938  -8.835024  -8.624368
  -7.6212    -8.890298  -7.994314  -7.399002  -7.620678  -6.989174
  -7.836206  -7.85378   -8.67709   -9.231454  -9.031586  -8.145926
  -7.926628  -8.4767    -9.527718  -9.373612  -9.48126   -9.219738
  -9.162086  -9.732864  -8.333904  -7.73053   -7.831102  -8.857702
  -9.309638  -9.246128  -9.095734  -7.708664  -7.088586  -7.556994
  -7.865554  -7.518366  -7.362346  -7.914796  -7.494644  -7.725136
  -9.439268  -9.798288  -9.297458  -9.469602  -8.509934  -7.863872
  -7.3863    -8.069598  -8.249862  -7.65977   -7.9924    -7.915724
  -7.894844  -8.710034  -9.551904  -7.955222  -6.1132    -8.940932
  -6.673828  -6.510616  -6.393804  -6.532192  -6.346244  -6.93767
  -6.699754  -7.836902  -9.260918  -8.891168  -9.070678  -8.044542
  -5.33832 ]"
1437,"[ -5.938794  -7.813876  -6.83414   -9.888304  -8.43958  -10.292796
  -6.827644  -5.160608]"
1438,"[-10.063348  -9.899904  -8.078124  -8.768324  -8.537658  -8.190064
  -9.551266  -9.819342  -9.600334  -9.825664  -8.899984  -9.941374
  -9.89683   -9.498196  -9.565592  -9.959412  -9.56797   -8.945862
  -7.104072  -8.346258  -8.857354  -9.381964  -8.778822  -8.940874
  -8.980314 -10.284734  -9.778394  -9.62423   -6.395254]"
1439,[ -9.886622  -9.174324  -9.581484 -10.619336  -7.02931 ]
1440,[-9.039358 -6.25936  -7.307362]
1441,"[-6.690764 -5.153184 -6.798238 -8.315808 -8.108168 -8.560162 -8.721924
 -8.74089  -8.861646 -8.591134 -7.29321  -7.405208 -5.260078]"
1442,"[-10.029244  -9.325704  -9.142424  -9.101186  -9.45603   -9.284118
  -9.301228  -9.13065   -9.408528  -9.149674  -9.692496  -9.53259
  -9.695396  -8.932116  -9.561416  -9.256278  -9.003398  -9.024916
  -9.375062  -9.394956  -9.154314  -9.835466  -8.785434  -9.222348
 -10.304744  -8.357916  -8.500248 -10.12013   -9.289454  -9.366942
  -8.935828  -9.420882  -9.475344  -9.544248  -9.120616  -9.165798
  -9.0625    -9.055018  -8.92243   -9.22896   -8.991682  -9.604104
  -9.58363   -9.916956  -9.264166  -9.19445   -9.146542  -9.21707
  -9.210748  -9.829782  -8.89836   -9.628174  -9.185054  -9.331736
 -10.19495   -9.602596  -9.733096  -9.108552  -9.27594   -9.228206
  -9.18662   -9.289106  -9.442168  -9.329532  -8.99493   -9.012852
  -9.307956  -9.141728  -9.001832  -9.547206 -10.209102 -10.123146
  -9.408586  -9.21185   -9.1524    -9.827636  -8.392542  -9.440602
  -9.257032  -9.925656  -9.563156  -9.374598  -9.034602  -9.385444
  -8.738454  -9.233832  -8.739904  -9.356676  -9.704734  -8.95578
  -9.410268  -9.19648   -9.010764  -9.80867  -10.088172  -9.515364
  -8.51962   -8.98826   -9.46937   -9.252392  -9.24897   -9.546278
  -8.899636  -9.187316  -9.366652  -9.152168  -9.10252   -9.302214
  -8.81977   -9.376744  -8.842912  -9.454928  -9.530444  -9.267008
  -9.1089    -9.140684  -9.377846  -9.407136  -9.366942  -8.781026
  -9.300822  -9.322108  -9.358822  -9.30929   -9.173164  -9.252508
  -9.345076  -9.227568  -9.237022  -9.4888   -10.177608 -10.335368
  -8.81948   -9.24955   -9.4917    -8.724128  -9.573364  -8.516894
  -9.521338  -9.238994  -9.393912  -9.278028  -9.212082  -9.13036
  -8.86124   -9.493962  -9.273968  -9.027642  -9.329358  -9.372974
  -9.189636  -9.09585   -9.511652  -8.343416 -10.137472  -9.151008
  -8.965176  -8.783868  -9.202222  -9.230584  -9.333824  -9.408818
 -10.000998  -9.307318  -9.543494  -8.484298  -7.998142 -10.418366
 -10.223486 -10.21641   -9.703284  -9.134362  -9.274374  -9.035356
  -9.390838  -9.127692  -9.58334   -9.987832  -9.069286  -8.694142
  -9.250768  -9.258714  -9.42094   -9.17705   -9.410964  -9.13529
  -9.233194  -9.220318  -9.034486  -9.192304  -9.247636  -9.135522
  -9.369958  -9.462758  -9.256916  -9.29798   -9.149674  -9.731356
  -8.707482  -8.737584  -9.737156  -9.874442  -9.547206  -9.634322
  -9.286322  -7.500734 -10.0833   -10.104818  -9.051596  -9.053858
  -9.537926  -8.82354   -9.486596  -8.891516 -10.405896  -8.912048
  -9.012214  -8.991508  -9.230932  -8.292202  -9.232382  -9.859246
  -9.789704  -8.757246  -9.528762  -9.268226  -9.640354  -8.761944
  -8.82789   -9.111278  -8.519562  -7.280508  -7.709186  -8.16408
  -8.29487   -9.517568  -8.604938 -10.504902  -5.705576]"
1443,[-7.155692 -5.234848]
1444,[-9.959064 -7.917986 -9.079436 -9.009662 -7.078494 -6.959884]
1445,"[-11.19168  -11.523382 -11.222304 -11.996604 -10.752852 -10.53222
 -10.34633   -7.366928  -8.30067   -9.187606  -8.591946  -9.69789 ]"
1446,"[-12.490126 -12.87658  -12.536526 -12.529392 -12.674798 -12.764234
 -12.406258 -12.851582 -12.848798 -11.817674 -12.360264 -12.15216
 -11.90943  -12.628746 -13.00795  -12.086446 -12.988288 -12.714992
 -12.34356  -12.332308 -12.877392 -12.645624 -12.922458 -12.794162
 -12.871998 -12.572718 -12.913932 -12.645566 -12.806052 -12.388974
 -12.986606 -12.808198 -12.935276 -12.570804 -12.728796 -12.768816
 -12.782156 -10.736496 -11.569028 -11.414748 -11.415328 -11.85897
 -12.231678 -12.633096 -12.864226 -12.663314 -12.567092 -12.50277
 -12.586812 -12.84816  -12.939568 -12.946644 -12.776472 -12.565874
 -12.767656 -12.764408 -12.795322 -13.305374 -12.779952 -12.72781
 -12.848044 -12.60079  -12.963058 -12.401676 -12.512398 -11.456218
 -12.6962   -12.914744 -12.655948 -12.538092 -12.639244 -12.815042
 -12.139516 -12.51959  -12.778038 -13.134506 -12.527826 -12.532756
 -12.87281  -12.751648 -12.876116 -12.83424  -12.604502 -13.11728
 -12.916252 -12.704436 -12.781344 -12.161846 -12.709598 -12.80959
 -12.894908 -12.630196 -12.69707  -12.94792  -12.94705  -12.628978
 -12.725374 -12.159352 -12.562162 -12.272916 -12.883018 -12.733378
 -12.512282 -12.961202 -12.846594 -12.794858 -12.154712 -12.901694
 -12.94879  -12.842824 -12.865792 -12.64632  -12.302902 -12.406664
 -12.406954 -12.78494  -12.863472 -12.72897  -13.037182 -13.108174
 -12.89166  -12.815042 -12.544066 -12.668128 -12.843462 -12.7977
 -12.59325  -12.693648 -12.566454 -12.322564 -12.771426 -13.035152
 -12.751184 -12.499754 -12.670332 -12.851234 -12.531132 -12.616102
 -12.683034 -12.80669  -12.752286 -12.629094 -12.862776 -12.58455
 -12.867358 -12.837952 -13.120818 -13.190186 -12.900012 -12.659718
 -12.175302 -12.477656 -12.60775  -13.043736 -12.769628 -11.544668
 -12.151638 -12.798512 -12.638374 -12.95575  -12.74492  -13.037008
 -12.774558 -12.622482 -12.375866 -12.880466 -13.003542 -12.544646
 -12.969206 -12.399762 -12.59093  -12.682744 -12.42157  -12.950588
 -12.513558 -12.455848 -12.902738 -12.71331  -11.934602 -12.62341
 -12.748284 -12.95082  -12.359452 -12.791726 -12.186844 -12.701652
 -12.373082 -12.4642   -11.843774 -12.14346  -12.84845  -12.816202
 -12.755534 -12.77247  -12.107732 -12.868692 -12.3366   -12.65154
 -12.465128 -12.426036 -12.961376 -12.931332 -12.802804 -12.904246
 -12.791726 -12.64371  -12.591394 -12.47145  -12.497956 -12.868286
 -12.893632 -12.671956 -12.745036 -12.652642 -12.867358 -12.876928
 -12.955286 -12.770092 -12.371922 -12.441232 -12.77073  -12.69185
 -12.414842 -12.702522 -12.471798 -12.586464 -12.796366 -12.90848
 -11.994864 -12.732392 -12.340718 -13.007834 -12.794974 -12.979472
 -12.9717   -12.500102 -12.269378 -12.874898 -12.741556 -12.26062
 -12.457762 -12.485254 -11.8639   -12.865792 -12.80872  -12.779198
 -12.52075  -11.897656 -12.146534 -12.331728 -13.077608 -12.474176
 -13.124704 -12.605314 -12.420178 -12.66894  -12.976804 -12.790044
 -12.71099  -12.816144 -12.825714 -12.85976  -13.011256 -12.627702
 -12.27454  -12.728506 -12.832964 -12.944846 -12.628224 -12.329234
 -12.648408 -12.341356 -12.651134 -12.631878 -12.387814 -12.897344
 -12.679612 -12.558276 -12.39083  -12.316474 -12.42099  -12.77102
 -12.87252  -12.578634 -12.733668 -12.594236 -12.599746 -12.369776
 -12.497086 -12.692546 -12.801818 -12.596324 -12.722126 -12.619872
 -12.690052 -12.540238 -12.523244 -12.896764 -12.345764 -13.10046
 -12.084184 -12.748052 -12.53235  -12.503234 -12.86933  -12.546734
 -13.11438  -12.856744 -12.83453  -12.38474  -12.920254 -12.747182
 -12.41838  -12.963754 -12.72897  -12.773166 -13.01288  -12.784302
 -12.408694 -11.8523   -12.660356 -12.66691  -12.683034 -12.880234
 -12.439376 -12.684774 -12.212596 -12.545226 -12.920138 -12.781054
 -12.714992 -12.403126 -12.57121  -13.026046 -12.84613  -12.72578
 -12.300988 -12.80234  -12.328828 -12.515588 -12.89311  -12.366006
 -12.516748 -13.045302 -12.647016 -12.935276 -13.127198 -12.972048
 -11.968416 -12.55323  -12.722764 -12.654498 -12.637678 -12.853612
 -12.714876 -12.122    -12.807966 -12.899896 -12.704494 -12.67126
 -12.72955  -12.747182 -12.763016 -12.268972 -13.012938 -12.932724
 -12.60949  -12.466926 -12.891718 -12.828092 -12.47696  -12.71244
 -12.65995  -12.702928 -12.84932  -12.703276 -12.333294 -13.146744
 -12.58049  -12.540006 -12.525274 -12.955692 -12.686514 -12.854598
 -12.84236  -12.894966 -12.818928 -12.666272 -12.423252 -12.444886
 -13.023088 -12.49639  -12.534206 -12.5599   -12.742252 -12.928548
 -12.712034 -12.758666 -12.807792 -12.677408]"
1447,"[-10.172736  -9.975826  -9.992704  -9.862262  -9.384574 -10.18915
 -10.856788  -9.244156  -9.50156  -10.500726  -9.701138 -10.044034
  -8.096162 -10.27789   -9.84057   -9.40035   -9.268284 -10.386118
  -9.561358 -10.32748   -8.983446  -8.54717   -8.255604  -9.040402
  -8.995684  -9.366246  -9.003746  -8.57095   -9.565534  -9.478592
  -8.375142  -7.608788  -7.54667   -8.913672  -8.21657   -8.388946
  -7.938866  -8.111184  -9.265674 -10.145476 -10.399864 -10.007088
  -9.837612  -8.568572  -9.03234   -9.75647  -10.53628  -10.197908
  -9.847182  -9.573306 -10.668636 -10.431764  -9.121254 -10.16334
  -9.476736 -10.379042  -9.348788 -11.240806  -9.690756  -9.816964
 -10.274004 -10.156032 -10.15725  -10.05894  -10.253878  -9.931224
  -9.683854  -9.19706   -9.837148  -9.340204  -7.650316  -8.443872
  -9.418272  -7.461004  -6.539558  -6.822482  -7.60902 ]"
1448,"[-10.92401  -10.84194  -10.457516 -10.481586 -10.478396 -10.986534
 -10.552288  -9.428422 -11.081712  -9.821024  -9.791212  -7.457466
  -8.32068   -8.690256  -9.516988  -7.500618  -8.30589   -8.183858
  -9.282088  -8.935364  -8.0504    -8.351362  -8.51527   -8.041062
  -9.689422 -10.258344 -10.096408 -10.215018 -10.353522 -10.699434
  -9.164406  -9.830768  -9.403308  -9.184184  -9.305462  -8.273062
  -9.144106  -9.642616  -9.867192  -9.389156  -9.444372  -9.72167
  -9.843122 -10.472596 -10.223776  -9.61495   -9.159128  -9.324428
  -9.482884 -10.885266 -10.317794 -11.26853  -10.821988 -11.034964
 -10.923778  -9.81128   -9.849676 -10.241408 -10.885208 -11.177412
  -9.54535   -9.631828  -9.784716 -10.126104  -9.080248  -9.61292
 -10.117636 -10.209276 -10.022284 -10.414248  -9.857622 -10.03487
 -10.372546  -9.296762  -8.731088  -9.066444  -6.88257   -6.773588
  -8.104282 -10.876508 -10.20307  -10.033072  -9.910866  -9.00711
  -8.551288  -7.79172   -9.125952  -8.208102  -9.084424  -8.270046
  -8.612478  -8.489286  -8.351362  -7.849314  -9.022016  -8.416786
  -8.582144  -8.680396  -9.239516  -9.035704  -8.929042  -9.4859
  -9.255524  -9.13674   -9.227858  -8.806082  -8.382624  -9.151878
  -8.339066  -8.916804  -8.367486  -8.794076  -8.211234  -7.88452
  -8.447178  -8.584058  -8.05475   -9.071896  -8.30937   -8.35954
  -9.387068  -8.497232  -8.286054  -7.170134  -6.86575   -8.709802
  -8.665664  -8.7029    -9.089876  -9.018652  -8.713572  -8.260244
  -9.03466   -8.64606   -8.5202    -8.779634  -8.9668    -9.378368
  -9.485784  -9.47923   -9.109132  -9.358938  -9.12282   -8.613812
  -8.71392   -8.680338  -8.091812  -9.167016  -9.179428  -8.771688
  -9.733038 -10.606286 -10.47016  -10.307412 -10.3182   -10.66272
  -8.320622  -8.178232  -7.308986  -9.154778 -10.162296  -9.848342
  -7.490352  -6.056534  -6.031652  -7.990834  -8.139894  -6.512472
  -8.432968  -7.647532  -9.175368  -8.95897   -8.807358  -9.495644
  -9.891958  -9.407426  -8.955432  -8.853062  -9.090282  -8.993074
  -9.489032  -8.982866  -9.120848  -9.22461   -9.317004  -9.105942
  -9.455624  -8.928984  -9.511246  -9.272402  -9.15153   -9.283596
  -9.285974  -9.053278  -9.180182  -9.052466  -9.635888  -9.613268
  -9.267646  -8.929216  -9.752526  -9.395246  -9.065516  -9.811802
  -9.033268  -9.234586  -9.347164  -9.05351   -9.139582  -9.55579
  -8.85747   -9.463048  -9.449302  -9.014534  -9.619474  -9.237428
  -9.211908 -10.380202 -10.14536   -9.538738  -9.003688  -9.005718
  -9.012098  -8.985012  -9.351282  -9.188824  -9.71732   -8.76351
  -9.427262  -8.756376  -8.66346  -10.214844  -8.85283   -9.434164
  -9.480738  -9.292296  -9.083032  -8.756666  -9.548308  -9.168698
  -9.41485   -9.329242  -9.305926 -10.077848  -9.579048  -9.375526
  -9.385908  -9.568492  -8.786768  -9.318222  -9.423666  -9.158316
  -9.26144   -9.340494  -9.213706  -9.236558  -9.14109   -9.604104
  -9.324544  -9.11093   -9.052292  -9.139698  -9.669412  -9.114062
  -9.69789   -8.976486  -9.797476  -9.99659   -9.502372  -9.561764
  -9.907502  -9.12949   -8.615146  -9.645052 -10.593816  -9.989688
  -9.891146  -9.928034  -9.238762  -9.561126  -9.203788  -8.734104
  -7.571204  -6.813898  -8.793032 -10.18683   -9.835234  -9.518844
  -7.317918  -6.567166  -7.811208  -8.557784  -7.250406  -6.909656
  -8.351884  -9.582238  -9.285858  -8.319694  -9.725498  -9.889232
  -9.37657   -9.28145  -10.054184  -9.593722  -9.995546  -9.506838
  -9.710882  -9.492918  -9.0103    -8.531568  -9.88639   -9.77822
  -9.787152  -9.930644  -7.5661    -9.845152 -10.019442  -9.32205
  -9.509738  -9.184068  -9.961384  -9.688552  -8.980546  -8.642
  -8.63301   -7.403584  -8.930898  -8.610506  -8.763278  -7.679258
  -9.88001   -8.730798  -7.058774  -8.59995   -8.574952  -8.189368
  -8.7319    -9.800956  -8.254734  -8.580752  -5.56974   -6.289752
  -7.74851   -9.087034  -9.352094  -9.94149  -10.524796 -10.860152
 -10.810794 -10.85615  -10.91299   -9.480564  -9.520468  -9.53201
  -8.01589   -7.39007   -9.44124   -9.804784 -10.35474  -10.648104
 -12.068408 -10.678902  -8.347012  -7.811092  -6.737976]"
1449,"[ -8.748198  -6.915224  -6.685312  -8.77047   -7.71168   -8.017456
 -11.263426  -9.966082 -10.73928   -9.69586  -10.554086 -11.069126
 -10.435592 -10.681918 -10.546372  -9.43167  -11.25345  -10.871636
 -10.321854  -9.85188  -11.43499  -10.304106 -10.574096 -10.834806
 -10.098612 -10.63604   -9.744696  -9.310276 -10.93967  -10.678322
 -10.901738 -10.560872 -11.339348 -10.812476 -11.512942 -11.498036
 -10.09316  -11.047666 -11.284074 -10.194544  -8.719662  -7.375106
  -8.954736  -6.610028  -7.272504 -11.229728  -6.13263 ]"
1450,"[ -8.134906  -8.202418  -8.41609   -9.021146  -9.028396  -9.6773
  -8.028882  -9.48445  -10.50496   -8.743326  -9.307376  -9.157156
  -9.957208  -7.61105   -8.224052]"
1451,"[ -8.394514  -8.650932  -8.805154  -9.137378  -7.950118  -8.44654
  -6.518562  -9.613326  -8.01676   -9.343626  -9.988064  -9.310392
 -11.50749  -11.378614 -10.004942 -10.909336 -10.733132 -10.513254
 -10.92691  -10.63401   -9.845152 -10.981546  -9.951408  -8.5724
  -9.459046  -9.383356 -10.048152  -9.60306   -8.40478   -9.744406
  -9.504576  -8.564918  -6.099628]"
1452,"[ -8.166516 -10.15377   -9.762502  -9.201004 -10.196864  -9.862958
  -9.184706  -8.9871    -9.09498   -7.69486   -9.01262   -8.667636
  -9.408064  -9.740926  -9.935226  -9.486016  -9.115048  -8.09419
  -8.315808  -8.135254]"
1453,"[ -7.953598  -7.888638  -8.470726  -8.292202  -9.19068   -9.772826
  -7.749032  -8.63156   -8.996032  -7.626652  -8.974688 -10.403982
  -9.056004  -7.053612  -7.830986  -8.024764  -8.34301   -8.543922
 -10.804994  -7.308986  -5.836076  -6.393166 -10.01805   -8.581448
  -7.070664]"
1454,"[ -9.716334  -9.18314   -9.962312  -9.556486  -9.92264   -9.720858
  -9.704676  -9.972636  -9.799274  -9.744696  -9.842832  -9.486538
 -10.100468 -10.364078  -9.630784 -10.141532  -9.42326   -9.648068
  -9.229598  -9.11992  -10.032202  -9.194508 -10.127148  -9.902688
  -9.925714  -9.177108  -9.657638  -9.949494  -9.2829    -9.899672
  -9.55724  -10.218092  -9.548888  -9.877922 -10.249818  -9.595346
  -9.970026  -9.484508  -9.862436 -10.13927   -9.129606 -10.163398
  -9.50504   -9.559618  -9.917072  -9.964458  -9.116962  -7.06701
  -6.398096  -5.2751    -5.74403   -7.72937   -9.105246 -10.324812
  -9.088426  -8.79425   -8.98739  -11.006718 -11.01652   -9.938764
  -9.653636  -9.781642 -10.493824  -9.377962  -8.675176  -8.66607
  -7.655188]"
1455,"[-10.09548  -11.778582 -11.344858 -11.573552 -10.882076  -9.10542
  -8.05156   -9.874732  -8.474438  -8.492708  -8.49932   -8.423456
  -8.442596  -8.936524 -11.196088 -11.568332 -10.541964 -11.786528
 -10.810156 -11.222652 -12.065102 -10.613362 -10.153712 -10.80221
 -10.79322  -10.295638 -10.683136 -10.726752 -10.477468 -11.212966
 -10.720662 -10.57775  -10.781736 -10.211886 -10.423644 -10.436114
 -10.44261  -10.539122 -10.758246 -10.639868 -10.731044 -10.093972
 -10.029186 -10.670086 -10.491852 -10.492606 -10.954402 -10.5067
 -11.452216 -11.348164 -10.536918 -10.558146 -11.85578  -12.011568
 -11.247824 -11.330996  -9.83303  -10.050936 -12.088882 -11.697962
 -11.481216 -10.651178 -10.479092 -10.719154 -10.242104 -10.46291
 -10.50815  -10.60849  -10.287054 -10.31182  -10.33502  -10.783476
  -9.448606 -10.859282  -9.976812 -10.536686 -11.804914 -12.235274
 -10.524042 -10.929926 -12.059128 -10.464128 -11.310812 -10.278412
  -9.248622  -8.618336  -8.614566  -9.747828 -10.07692  -11.577206
 -10.936538 -10.919312 -12.252384 -11.382616 -10.271104  -9.862726
 -10.929404 -10.392498  -8.966278  -9.972926  -9.83854   -9.645226
  -7.739056  -8.629994  -5.52131 ]"
1456,"[ -9.450404  -9.657464  -9.439558  -9.318396  -9.477606  -9.419664
  -9.15385   -8.896736  -9.289454  -9.560256  -9.360272  -9.330228
  -9.249028  -9.395536  -9.404236  -8.846566  -9.50823   -9.455392
  -9.336086  -9.028686  -9.365492  -9.285684  -8.89227   -9.300474
  -9.128388  -9.319904  -9.470588  -9.597666  -9.673124  -9.49286
  -9.369552  -9.250942  -9.37657   -9.509274  -9.111858  -9.169684
  -9.646966  -9.562344  -9.254016  -9.448258  -9.425986  -9.316018
  -9.055656  -9.502198  -9.252508  -9.250362  -9.605728  -9.196364
  -9.349774  -9.467572  -9.635656  -9.278666  -8.648322  -9.051422
  -9.258888  -9.507418  -9.473894  -9.334114  -9.22316   -9.299082
  -9.221072  -9.261556  -8.951198  -9.310566  -9.555384  -9.219158
  -9.124676  -9.22838   -9.489496  -9.48793   -9.738258  -9.379006
  -9.381442  -9.002238  -9.283596  -9.519308  -9.531604  -9.504576
  -9.54448   -9.51374   -9.2336    -9.525398  -9.770622  -9.250072
  -9.747248  -9.219274  -9.093356  -9.012504  -9.464962  -9.302156
  -9.252392  -9.59784   -9.10368   -9.618256  -9.582702  -9.34177
  -9.283016  -9.29972   -9.301576  -9.501618  -9.483696  -9.291774
  -8.969526  -9.483058  -9.436078  -9.570812  -9.561764  -9.278376
  -9.284698  -9.377614  -9.313234  -9.579512  -9.163304  -9.056178
  -9.58218   -9.457132  -9.672776  -9.328662  -9.637512  -9.577134
  -9.220724  -9.016332  -8.678018  -8.703422  -9.459974  -9.461946
  -9.547148  -9.12456   -9.39774   -9.542972  -9.38701   -9.4105
  -9.379818  -8.93084   -8.689444  -9.090862  -9.212894  -9.43109
  -9.174672  -9.135464  -9.354646  -9.031354  -9.188882  -9.39629
  -9.506606  -9.468616  -9.21736   -9.328082  -8.992842  -9.515828
  -9.467688  -9.358184  -8.853468  -9.191724 -10.465404 -10.369414
  -9.903906  -9.717958  -9.572378  -9.70166   -9.733618  -9.557356
  -9.087962  -9.566694  -9.576554  -9.53723   -9.380688  -9.321644
  -9.477084  -9.09295   -9.495934  -9.40035   -9.212662  -9.304418
  -9.365028  -9.467978  -9.42413   -9.250826  -9.742376  -9.313408
  -9.299372  -9.437876  -9.466006  -9.464092  -9.310508  -9.49373
  -9.302678  -9.631538  -9.47749   -9.294558  -9.093704  -9.472328
  -9.02393   -9.66251   -9.369784  -9.39803   -9.385792  -9.230874
  -8.974514  -9.4395    -9.243866  -9.266544  -9.45632   -9.373206
  -8.969294  -9.57812   -9.04394   -9.622026  -9.192246  -9.742318
  -9.674922  -9.03611   -9.417228  -9.38266   -9.016506  -9.083902
  -9.21823   -9.569768  -9.551846  -9.34467   -9.285974  -8.890298
  -9.344148  -9.720336  -9.502372  -9.378774  -9.304882  -9.637512
  -9.600276  -9.270372  -9.029092  -9.073172  -8.940352  -9.262658
  -9.5033    -9.219854  -9.200424  -9.39455   -9.010126  -9.412472
  -9.48358   -9.478708  -9.486712  -9.21301   -9.373206  -9.388402
  -9.158432  -9.377266  -9.149384  -9.503938  -9.141554  -9.10368
  -9.366652  -9.250246  -9.440254  -9.362128  -9.406614  -9.27333
  -9.092602  -9.713492  -8.964364  -9.156228  -9.710418  -9.421114
  -9.192246  -9.396986  -9.273388  -9.410326  -8.65679   -9.29508
  -8.662068  -9.136856  -8.908974  -9.2858    -9.484914  -9.139466
  -9.418852  -9.247346  -9.023466  -9.6135    -9.11035   -9.50359
  -9.41862   -9.556718  -9.386314  -9.394376  -9.221072  -9.377208
  -9.483638  -9.598362  -9.150602  -9.454812  -9.294616  -9.345366
  -9.276926  -9.390026  -9.335448  -9.390142  -9.11064   -9.080538
  -8.999164  -9.123922  -8.971324  -9.303722  -9.23273   -9.53056
  -9.334868  -9.116614  -9.27014   -9.704908  -9.487872  -8.728768
  -9.282378  -9.573886  -9.437644  -9.478476  -9.554978  -9.233658
  -9.426972  -9.370306  -9.193406  -9.440544  -9.446402  -9.73559
  -9.433178  -9.28812   -9.167828  -9.414676  -9.283074  -9.292064
  -9.490714  -9.386546  -9.306332  -9.50881   -9.399422  -9.195146
  -9.650504  -9.350644  -9.205586  -9.541116  -9.646966  -9.508694
  -9.2336    -9.250014  -9.201584  -9.1408    -8.988898  -9.237602
  -8.972658  -9.6802    -9.50678   -9.258018  -9.180182  -9.326806
  -9.413632  -9.572088  -9.352732  -9.40325   -9.156576  -9.403366
  -9.46647   -9.579454  -9.361026  -9.324312  -9.707866  -9.445648
  -9.27507   -9.310624  -9.191086  -9.051364  -9.394898  -9.57638
  -9.215098  -9.269444  -8.604822  -9.37541   -9.604278 -10.243844
  -9.994328  -9.660944  -9.831522  -8.817392  -9.722076  -9.264688
  -9.131346  -9.462584  -9.59668   -9.700036  -9.144686  -9.492802
  -9.325298  -9.19532   -8.924924  -9.362012  -9.494426  -9.197582
  -9.178848  -9.344032  -9.297574  -9.5149  ]"
1457,"[-10.200518 -10.686906  -9.98644  -10.365644  -9.247868  -9.924786
 -11.531328  -8.198474  -6.818364  -9.124908  -9.173106  -8.074876
 -10.039626  -9.792952  -9.627536 -10.08156   -9.44907   -9.68484
  -9.153734  -9.313118  -5.698964  -5.165654  -5.319354  -6.863372
  -6.185932  -5.244244]"
1458,"[ -6.80398   -7.329054  -7.222102  -9.248564  -9.945898 -10.017644
  -9.134072  -8.150276  -8.221558  -9.626956  -9.360794  -9.392578
  -9.922814  -9.451622  -9.035646 -10.033942  -9.475576  -9.773986
  -8.990174 -10.249064 -10.469928  -9.931862 -10.025358  -9.595462
  -9.933834  -8.976022  -9.139698  -9.994502  -9.040518  -9.00856
  -9.932036  -8.303744  -9.824156  -7.876574  -8.839084  -7.55537
  -9.822938  -9.717088  -9.853794  -9.011982  -8.90677   -9.088832
  -7.997852  -8.399792 -10.492548  -9.45951  -10.396674  -9.325472
  -7.358112  -5.68893 ]"
1459,"[ -9.264688  -9.004152 -10.220064  -9.607932  -9.901238  -9.475866
  -9.07816   -9.65062   -7.436064  -8.540094  -7.393666  -9.042838
  -9.499414  -8.745066  -9.7469    -9.498776  -9.884476  -9.369552
  -8.858688  -9.576264 -10.01718   -8.873884  -9.367812  -9.385734
  -8.298872  -7.223088  -6.712398  -7.11312   -5.940128  -5.833292
  -7.671022  -9.996068  -7.957542  -7.508738  -8.6275    -8.78903
  -8.536846  -8.821684  -8.105036  -8.596644  -7.996054  -8.216512
  -8.659864  -6.131122  -7.915956  -8.905842 -10.84078   -9.726774
  -9.246302 -11.192434 -10.588306 -10.200982  -9.153038  -8.864662
  -9.73095   -6.606142  -5.504142  -5.927252  -8.271206  -9.72457
  -9.924206 -10.69752  -11.501284 -11.464976  -9.643312 -10.36489
 -10.833414 -11.107    -10.687022 -10.498174 -11.363418 -10.430024
 -11.502154 -11.689378 -11.250376 -10.844434 -10.774312 -10.96751
 -11.091224 -10.497768 -10.544574 -10.292506 -10.227082 -11.081016
  -9.48561   -9.897932  -9.07091   -9.511942  -9.156982  -8.73886
  -9.815746  -8.527276  -9.446112  -8.082996  -5.76201 ]"
1460,"[-10.448584  -8.86849   -8.580172  -9.803276 -10.5647    -8.135022
  -6.712282  -7.320934  -7.082322  -9.270024  -8.367718  -8.4796
  -9.907792  -9.856636 -10.030288  -9.709374  -9.71848  -10.43159
 -10.38461   -9.836278 -10.01892   -9.441472 -10.519402 -10.79554
 -10.454616 -10.006392  -9.764068 -10.73667  -10.16711   -9.825026
  -9.56826  -10.616552  -9.592678 -10.60733   -9.709258 -10.133122
 -10.352536 -10.191354 -10.477526 -10.596426 -10.64648  -10.398588
 -10.611042  -9.93105   -8.226314 -10.07141  -10.809112 -10.549098
  -9.218056  -9.559502  -9.194914  -9.52795   -9.862668  -9.717436
  -9.623186  -8.998816  -9.842426  -9.572146  -9.754614  -9.238356
  -9.67875   -9.189578  -9.677068  -9.871774  -9.595926  -9.981742
 -10.051052  -9.261904  -9.379296  -9.27304   -9.56072   -8.200098
  -9.242532  -9.67208   -9.361954  -8.975036  -9.953322  -9.774798
  -9.775146 -10.131846  -7.85233   -7.5516    -7.851518  -9.287772
  -9.583688  -9.31799   -9.693134  -9.913244  -9.50301   -9.374656
  -9.513392  -9.869802  -9.515132  -9.2365    -9.829028 -10.22888
  -9.174092  -9.356676  -8.946732  -9.680316  -9.358126  -9.466876
  -9.82085   -8.812578  -9.081292  -9.088658  -8.883222  -9.44704
  -8.627616  -9.197814  -9.635366  -8.815942  -8.616422  -8.364586
  -9.240618  -9.58073   -8.991392  -9.064356  -7.937822  -8.56457
  -9.022712  -8.963146  -9.418504  -8.725404  -9.940388  -9.575162
  -9.445242  -9.488452  -9.041388  -8.63649   -8.523622  -8.613058
  -7.983816  -7.600204  -7.00988   -8.727202  -8.367138  -8.175564
  -8.064958  -8.52194   -8.48569   -8.703886  -6.982156  -8.881656
  -9.00218   -9.540768 -10.153422  -9.912142  -8.717168  -8.67535
  -7.998316  -8.86443   -9.187954  -9.520004  -9.581948  -9.18285
  -9.33191   -9.497674  -8.759624  -8.991566  -9.5178    -8.827136
  -8.959202  -7.576482  -8.252008  -7.423014  -6.73902   -6.552202
  -6.8817    -7.797636  -7.048508  -8.767628]"
1461,"[-12.841374 -12.680598 -11.525528 -13.431118 -11.869294 -12.87368
 -12.986026 -12.435664 -12.720966 -13.050928 -13.534184 -12.998612
 -13.051972 -12.760928 -12.823394 -12.776588 -13.49196  -12.95836
 -13.12337  -13.433728 -13.543638 -12.866314 -12.03732  -12.785694
 -11.882924 -12.413914 -12.898388  -9.746204  -9.393854  -8.766178
  -9.934298  -9.801652  -9.485204  -9.621736  -9.806234  -8.15625
  -7.897686  -7.99878   -8.419164  -9.359228  -8.39202   -9.483174
 -10.236768 -10.711208  -9.609846  -8.959376  -8.072614  -8.96013
 -10.16624  -10.318722 -10.646828 -10.217512 -10.060042  -9.581542
  -9.5671    -9.983134 -10.002506  -8.516488  -9.075898 -10.441102
 -10.094958  -9.963298 -10.77321  -10.574618  -9.494194 -10.386176
 -10.973136  -9.802232 -10.40404  -10.00819   -9.022248  -8.97637
 -10.279862 -10.173258  -9.097416  -9.369726  -9.40528   -8.768034
  -8.616654  -7.814514  -5.94239   -9.471226  -8.434302  -9.862552
  -9.77996  -10.12622   -8.884904  -6.772022  -7.353182 -10.617422
 -10.58036  -11.914476 -12.820146 -11.523672  -9.624056 -10.219832
 -10.113808 -10.168154 -10.21873   -9.675154 -10.187932 -10.254574
  -9.036458 -10.271858  -9.811048  -9.701718 -12.65125  -12.405968
 -12.70258  -11.161868  -9.78924   -8.495318  -5.69473 ]"
1462,"[-6.631778 -5.553442 -6.624412 -8.893198 -8.425834 -9.064878 -6.692562
 -8.399212 -8.612362 -8.659052 -7.966184 -8.603372 -8.53064  -8.775052
 -7.890262 -6.850786 -6.81935  -8.239016 -8.058288 -5.578904]"
1463,"[ -9.555558  -8.757188  -9.927338  -9.375642  -9.425058  -9.569768
 -10.163166  -9.72341   -9.80374  -10.062536 -10.00674   -9.21939
  -8.213206 -10.007378  -8.561032  -8.120058  -7.123618  -8.93316
  -8.39492   -8.939946  -8.32648   -8.563758  -8.561264  -7.621548
  -5.31512 ]"
1464,"[ -9.597956  -9.344206  -8.792684  -9.337536  -9.795968  -9.103912
  -8.890298  -9.393506  -9.884998 -10.255328  -9.434396  -9.132564
  -9.707634  -9.11325   -9.221246  -9.243228  -9.611702  -9.379354
  -9.136566  -9.181052  -9.784368  -7.946     -9.684492 -10.36605
 -10.315184  -9.27449   -9.242126  -9.525514  -9.430046  -9.14544
  -9.277158  -8.6739    -9.336492  -9.318918  -9.51171   -9.46328
  -9.474822  -9.804262  -9.402148  -9.488974  -9.103796  -9.31219
  -9.22171   -8.754404  -9.197408  -9.600218  -9.055134 -10.18654
  -9.248332  -9.104782  -8.252124  -8.88618  -10.043164  -9.525456
  -9.028164  -9.063892  -8.279616  -7.667136  -8.195284  -8.147608
  -7.936024  -8.734684  -8.385002  -7.654086  -7.942114  -9.191028
  -8.413422  -9.36062   -8.986578  -9.72544   -8.926026  -9.325008
  -9.479752  -9.20866   -9.646618  -9.21533   -9.713782  -9.562402
  -8.844652  -9.297574  -6.734264  -7.055236  -6.950256 -11.004398
  -8.81455   -7.719278  -9.181864 -10.300742 -10.411348 -10.454616
 -10.881438 -10.15174   -9.905008 -10.273308 -10.539528 -10.40607
 -10.12767  -10.741542 -10.534656 -10.93909  -10.76016   -9.935632
  -8.735844 -10.036378  -9.412298  -9.450578 -10.982184 -10.533206
  -9.86145  -10.44319  -11.010488 -10.583318 -10.465752 -10.762596
 -10.721938 -10.408564 -10.635982 -10.163166 -10.101338 -10.583086
  -9.843122  -9.901238 -10.393484 -11.1795   -10.788522 -10.361004
  -9.6947    -9.610484  -9.825954  -8.510398 -10.687718  -9.446112
 -10.559248 -10.413784  -9.332432  -9.408876  -9.647546  -8.429198
  -8.58313   -9.054728  -9.497558  -8.348926  -9.19387   -9.227336
  -8.622454  -9.015462  -8.357046  -9.57928   -8.65012   -9.574756
  -9.143584  -8.132354  -9.919914  -8.713572  -9.70079   -9.107682
  -8.590554  -9.453188  -8.468986  -9.040286  -8.729348  -9.342002
  -8.2708    -9.215446  -8.69565   -8.511558  -9.313466  -8.466898
  -9.4598    -8.369922  -9.465078  -9.240386  -9.250188  -8.543226
  -8.541428  -9.584152  -8.38651   -9.349194  -8.510456  -8.987332
  -9.36062   -8.622396  -9.773348  -8.4593    -9.399654  -8.457096
  -9.889638  -8.378564  -8.825222  -8.967728  -8.764728  -9.082336
  -9.079784  -8.959376  -8.69304   -8.746516  -8.25746   -8.184264
  -9.21678   -8.275962  -9.647082  -9.1466    -8.859384  -9.321934
  -8.76525   -9.340262  -9.689886  -8.622686  -9.037386  -9.037502
  -8.74785   -9.209472  -8.650758  -8.88473   -8.751736  -8.865126
  -8.926084  -8.718038  -8.934436  -9.167596  -8.991508  -8.542646
  -9.111046  -9.768998  -8.90793   -8.79715   -8.799064  -9.212082
  -8.895982  -8.726564  -9.528472  -8.678598  -9.127866  -8.607316
  -8.178986  -9.189694  -9.090224  -8.671638  -9.770622  -8.800862
  -8.737062  -9.152052  -8.45756   -9.244968  -9.144106  -8.525594
  -9.260744  -9.470762  -8.343474  -9.531024  -8.450194  -8.360294
  -9.443096  -8.660096  -8.885542  -9.995604  -9.71819   -9.570696
  -9.089354  -8.85834 ]"
1465,"[ -9.876878  -9.620576  -8.150566  -7.913346  -8.720184  -8.687472
  -8.68231   -8.095988  -9.514494  -9.22403   -9.79301   -9.446286
 -10.32052   -9.820328  -9.953902  -9.525862  -9.792604  -9.793996
  -9.543262 -10.05575   -9.111916  -9.985744  -9.800898  -9.81128
  -9.94903  -10.328872  -9.583978  -9.992762  -9.150602  -9.763082
  -9.56826   -9.312422  -9.919798 -10.207072  -9.83854  -10.06561
  -9.860754  -8.877538  -9.563678  -9.059948  -8.200736  -9.619648
  -7.046304  -7.372728  -8.565034  -8.965756  -8.348636  -8.24064
  -8.922488 -11.271488 -12.426152 -12.565062 -12.80263  -12.076006
 -12.678394 -12.804486 -13.060498 -12.537396 -12.59296  -13.492888
 -12.886846 -13.652446 -11.474198 -11.65307  -12.08691  -12.23336
 -12.857614 -12.843056 -12.962478 -13.00447  -13.202424 -12.888702
 -13.166928 -13.372828 -12.962362 -13.017346 -13.11264  -12.850538
 -12.357886 -12.843636 -12.76812  -12.638606 -13.322426 -13.255204
 -13.595548 -13.487262 -12.080124 -12.025256 -13.702848 -13.140364
 -13.150166 -12.294202 -12.698462 -13.85446  -12.8383   -13.380136
 -13.348758 -13.64247  -12.703798 -13.267384 -11.070228 -11.643558
 -12.907204 -12.762204 -13.503618 -10.644044  -7.49476   -6.107516
  -5.967214  -8.075282]"
1466,"[ -7.327024  -8.127888  -9.370596 -10.458502 -10.175404 -10.420802
 -10.113982 -10.30457   -9.65149   -9.7556    -9.813078 -10.307934
 -10.0949    -9.956396 -10.019442 -10.427646  -9.814238 -11.040822
 -10.964262 -11.31319  -11.152008 -11.322586 -11.866858 -11.569782
 -11.514392 -11.632596 -11.796736 -12.081632 -11.507664 -10.908176
 -11.360576 -11.70817  -11.71368  -11.809496 -11.609338 -11.223348
 -10.434664 -10.594164 -10.214496 -10.590568 -11.04349  -10.367674
 -10.668404 -10.597064 -11.22706  -11.613746 -11.49067  -11.410398
 -11.282566 -11.12295  -10.583724 -10.881438 -11.590082 -11.027018
 -11.797954 -11.341088 -10.688704 -11.031194 -10.734814 -11.147484
 -11.096734 -11.545132 -11.27056  -11.116164  -9.878676 -10.112068
 -10.684238 -11.281174 -10.993494 -10.946166 -11.077884  -9.84144
  -8.03503   -7.884926  -7.7546    -5.551818  -5.184562  -6.332788
  -9.215098  -8.714036  -8.116694  -9.018536  -9.284118 -10.804994
  -9.995082 -10.317156 -10.841128 -10.42173  -10.416452 -10.746588
  -9.706648  -9.25883   -9.556602  -9.19068   -9.570116  -9.438688
  -9.021204  -8.969526  -8.681962  -9.079436  -8.804748  -8.86675
  -9.735764  -9.792024  -9.283016  -9.787036  -9.288004  -9.769462
  -8.669086  -9.55492   -8.469276  -7.302722  -9.512     -5.960892
  -5.825288  -7.380268  -6.490664  -7.807264  -5.009518]"
1467,"[-10.955446 -11.431858 -10.258982  -9.629218 -10.81758  -11.519264
 -11.638454 -11.926308 -10.83382  -10.277136 -10.722634 -11.025046
 -10.564468 -11.087744 -10.217222 -10.191818 -11.009676 -10.96345
  -8.829456  -9.013084  -9.800086 -10.28021   -9.873978  -6.663098
  -8.076326]"
1468,"[ -9.638614 -10.155568  -7.840034  -8.55152   -9.141148 -10.01022
  -9.213184  -9.9151    -8.873014  -8.849118  -9.60712   -8.70261
  -9.31973   -8.961174  -9.47604   -9.523426  -9.721844  -9.548772
  -8.973876  -7.623868  -9.664888  -9.409398  -8.603082  -7.984338
  -8.452804  -9.89509   -8.202302  -9.698296  -9.789878  -9.325878
  -9.447736  -9.368972  -9.245316  -8.829978  -9.309116  -9.49808
  -9.790574  -9.305868  -9.479462  -9.95715   -9.287946  -9.32466
  -9.708794  -9.604394  -9.787094  -9.588792  -9.644878  -9.162724
  -8.135138  -9.245026  -9.462236 -10.086258  -9.987484  -9.43573
  -9.366246  -9.909706  -9.626608  -9.757398  -9.578526  -9.608628
 -10.112474  -9.606888  -9.736228  -7.242518  -6.599588  -8.413654
 -10.14623  -10.064102  -8.103064  -7.351326 -10.018688 -10.518822
  -8.586146  -7.094618 -10.003434  -9.084076  -9.904312 -10.18161
  -9.83709  -10.706916 -10.367442 -10.835038 -11.421186 -10.44551
  -9.122994  -9.344264  -9.057628  -9.573944  -8.671116  -7.880228
  -7.60583   -7.883882  -6.461606  -6.984418  -7.230222  -6.949328
  -8.3955    -8.648728  -8.462896  -9.281682  -9.237602  -9.525166
  -8.22208   -8.897084  -8.74959   -7.904472  -8.107182  -6.369212
  -8.037002  -8.585914  -8.457502  -7.461062  -9.649344  -7.3544
  -8.373576  -8.225908  -8.995336  -8.587654  -8.65331   -9.554108
  -9.377382  -9.582122  -9.919856  -8.37868   -8.91634   -9.591982
  -9.911504  -7.35817   -7.51274   -8.29893   -8.507556 -12.095494
 -10.923662 -11.28651  -10.908582 -11.20647  -12.01412  -12.01818
 -10.697114 -10.749952  -9.670514  -8.352348  -6.78194   -8.751504
 -12.384566 -10.618988 -11.70208  -11.259192 -10.785332 -10.51656
 -12.017832 -11.779336 -12.351738 -11.212328 -11.432438 -11.849632
 -11.423738 -12.403184 -10.720546 -11.361214 -12.716964 -11.507142
  -9.92293   -9.413806  -9.409514 -11.028004 -11.32624  -10.199938
 -12.151638 -11.619082 -11.563228 -12.077166 -12.631008 -12.729086
 -11.834552 -12.775834 -11.183444 -12.30441  -12.076818 -11.089484
 -10.197966  -9.736808 -11.235064  -9.637338 -11.8668   -11.4666
 -10.852496 -11.764314 -12.717022 -11.348512 -10.462098 -10.727158
 -12.139516 -11.711824 -12.271002 -12.664416 -11.954902 -11.722264
 -12.89195  -12.27425  -12.151174 -12.481948 -12.490242 -11.748132
 -11.314524 -11.108798 -11.78995  -11.91233  -10.71202  -10.31965
 -11.562996 -10.505714 -11.855258 -10.586972 -10.42985  -11.722148
 -10.776748  -8.958622  -9.264572  -9.55144  -11.491656 -12.26352
 -11.013736 -11.317134 -11.149224 -12.256734 -10.656108  -9.047188
  -9.823692  -9.66425   -9.375584  -9.052698  -9.354588 -10.010394
  -8.403678  -8.304556 -10.275918  -5.641776]"
1469,"[-10.053372 -10.458618  -9.725092  -9.254538 -10.942686 -10.128482
 -10.601066 -10.525028 -10.717066 -10.592366  -9.954946 -10.51946
  -9.750728 -10.53802  -10.617538 -10.101164  -9.853214 -10.341748
 -11.016926 -10.666316 -10.673624  -9.054264 -11.028468 -10.202722
 -10.048442 -10.240132 -10.55107  -10.882018  -9.803914  -9.750786
  -9.6831    -9.792024  -9.325356 -11.233846  -8.474322  -9.129084
  -9.542508  -8.649308  -9.787732  -9.750612  -9.843006  -9.748002
  -9.907502 -10.901564  -7.327256  -7.392158  -9.691684 -10.335252
 -10.323942 -10.227488  -9.12108   -8.221152 -10.398066  -9.468848
  -9.846486  -9.372858 -10.18393  -10.266696 -10.234622 -10.189208
 -10.73232   -7.660756  -7.255626  -6.76338   -6.366312]"
1470,"[ -9.835176 -10.13724   -9.490946  -9.374772  -9.687624  -9.404584
  -9.14312   -9.817312  -9.74864   -9.47633   -9.44733   -9.725904
  -9.327792  -9.013258  -9.860464  -9.830478  -9.779496  -9.73066
  -9.933834  -9.551208  -9.417866  -9.118702  -9.36584   -9.55695
  -9.768766  -9.61872   -9.65062   -9.292586  -9.275882  -9.291948
  -9.742608  -8.784912  -9.663206  -9.756702  -9.56565   -9.385096
  -9.866322  -9.910808  -9.27304   -9.41659   -9.896656  -9.9035
  -9.768766  -9.835176  -9.601088  -9.685884  -9.761458  -9.622316
  -9.513682  -9.564026  -9.397218  -9.725962  -9.750786  -9.779786
  -9.646792  -9.592968  -9.60828   -9.474706  -9.800898  -9.441008
  -9.564026  -9.048522  -9.158084  -9.63351   -9.790922  -9.222058
  -9.56565   -9.03118   -9.39223   -9.679736  -9.55521   -9.40499
  -9.384052  -9.825142  -9.18053   -8.575126  -9.418098  -8.881366
  -9.342698  -9.973332  -9.510492  -9.27797   -9.948624  -9.404642
  -9.291658  -9.703284  -9.620112  -9.447968  -9.546568  -9.84898
  -9.901992  -9.384632  -9.312944  -9.179022  -8.840186  -9.6773
 -10.039858  -9.825026  -9.904602  -9.477142  -9.247114 -10.004768
 -10.128598  -9.57058   -9.563388  -9.693946  -9.781468  -9.191782
  -9.967242  -9.287424  -9.70514   -9.397856  -9.870672 -10.043512
  -9.79127   -9.35714   -9.55028   -9.498312  -9.396348 -10.035392
  -9.751598  -9.670746  -9.301576  -8.806546  -9.36265   -9.501212
  -9.559444  -9.696556  -9.40325   -8.674712  -9.177514  -9.807974
  -9.46212   -9.099446  -9.433178  -9.71993   -9.817544  -9.364622
  -9.138538  -9.332316  -9.134652  -9.39223   -9.377904  -9.325472
  -9.7846   -10.09548   -9.314278  -9.65004   -9.450868  -9.71442
  -9.131578  -9.542044  -9.892944 -10.088578  -9.475344  -9.729674
  -9.673414  -9.842716  -9.573654  -9.61263   -9.801478  -9.516582
  -9.829898  -9.875428  -9.530966  -9.360562  -9.627246  -9.662104
  -9.903906  -9.729674  -9.580788  -9.326168  -9.004036  -9.343394
  -9.594244  -8.878234  -9.780946  -9.630204  -9.512928  -9.132796
  -9.176064  -9.239284  -9.623534 -10.054532  -9.516408  -9.475576
  -9.158606  -9.384226 -10.025938  -9.720684  -9.366942  -9.804204
  -9.682404  -9.609498  -9.664656  -9.270836  -9.093646  -9.306448
  -9.498138  -9.299198  -9.300532  -9.776248  -9.656014  -9.377092
  -9.921016  -9.41369   -9.861798  -9.944622  -9.23882   -9.770622
  -9.396754  -9.614892  -9.816268  -9.598304  -9.02277  -10.133296
  -9.380572  -9.225538  -9.465484  -9.430162  -9.60509   -9.543436
  -9.80403   -9.233832  -9.313698  -9.9992    -9.507244  -9.588386
  -9.882794  -9.532648  -9.791966  -9.357256  -9.34786   -9.76198
  -9.857622  -9.720974  -9.365724  -9.78576   -9.576148  -9.152284
  -9.327676  -8.856484  -8.766642  -9.338348  -9.644646  -9.048116
  -9.488742  -9.23244   -9.682346  -9.457596  -9.309696  -9.701196
  -9.273098  -8.606794  -9.767896  -8.755274  -9.838076  -9.659204
  -9.534098  -9.202222  -9.482826  -9.672254  -9.761168  -9.61611
  -9.736924 -10.065088  -9.698296  -9.551034  -9.043998  -9.589604
  -9.110814  -9.43312   -9.22867   -9.545698 -10.00964   -9.431032
  -9.390722  -9.651838  -9.62307   -9.389214  -9.718538  -9.9035
  -9.175194  -9.754324  -9.757456  -9.67411   -9.486712  -9.711346
  -9.70601   -9.888826  -9.585254  -9.385038  -9.590126  -9.209704
  -9.681592  -9.532416  -9.63206   -9.821256  -9.464962  -9.248158
  -9.243112 -10.003724  -9.053104  -9.53172   -9.399248  -9.576264
  -9.760298  -8.923474  -8.807938  -9.177282  -9.472792  -9.601784
  -9.573132  -9.495702  -9.786746  -9.713434  -9.592794  -9.602596
  -9.821488  -9.727702  -9.801826  -9.673008  -9.39774   -9.568724
  -9.640064  -9.795678  -9.279884  -9.526442  -9.848458  -9.723874
  -9.122182  -8.996786  -9.376744  -9.259062  -9.291078  -9.255408
  -9.599174  -9.446286  -9.458872  -9.534388  -9.821836  -9.405048
  -9.80084   -9.855418  -9.702588  -9.16081   -9.434918  -8.858224
  -8.946442  -9.159418  -9.037212  -9.27014   -9.950422  -9.310276
  -9.00943   -8.806488  -8.415452  -9.47836   -9.542218  -9.510666
 -10.140314  -9.404758  -9.758094  -9.1002    -9.568318  -9.09933
  -9.792372  -9.396754  -9.162724  -9.502662  -9.496746  -9.658798
  -9.579106  -9.411254  -9.398378  -9.60277   -9.904602  -9.49489
  -9.218172  -9.676952  -9.065516  -9.092718  -9.532532  -9.662452
  -9.512     -9.372568  -9.30871   -9.09063   -9.375816  -9.7817
  -9.911388  -9.657928  -9.766968  -9.059078  -9.616574  -9.631828
  -9.754034  -9.248216  -9.481666  -9.721438]"
1471,"[-10.470798 -10.717994 -10.514414  -8.894938  -9.59784   -8.491142
  -8.200852 -11.267718  -9.114178  -9.424072 -10.817    -11.28245
 -10.886368 -11.012634 -10.673508  -9.876414 -11.144932 -10.469
 -10.230794  -9.570522 -10.15725   -8.861472  -9.872122  -6.479296
  -5.20753 ]"
1472,"[ -9.146194  -8.458836  -9.861334  -8.662532  -8.681788  -9.260338
  -8.397182  -9.876588  -9.906168  -8.9262    -8.345562  -8.88618
 -10.227546  -9.241198  -9.335854  -8.81542   -9.859246  -8.830964
  -8.657544  -9.242996  -9.623418  -9.78344   -8.922372  -7.892698
  -9.74197   -9.3438    -9.2626    -8.939482  -9.489902  -9.220782
  -9.591576  -8.829804  -8.05359   -8.677902  -9.442168  -9.249434
  -9.149094  -9.645516  -8.92359   -9.314916 -10.858934  -9.680722
  -9.244388  -9.517394  -8.468058 -10.191528  -9.740404 -10.71956
  -9.271706  -9.392752  -8.981764  -9.664598  -8.898534 -10.24222
  -8.786536  -9.508984  -9.915216 -10.010684  -8.341792  -9.667266
  -9.174034  -8.647452  -9.658276  -8.945862  -9.002064  -9.523078
  -9.0944   -10.371966  -9.667498  -9.717146  -9.104144  -9.429756
  -8.736308  -8.192326  -7.62729   -8.148362  -8.553608  -7.596782
  -8.18177   -9.198742  -7.844384]"
1473,"[ -8.77279   -9.329938  -8.879974  -9.01494   -8.745936  -8.90039
  -8.853932  -9.230526  -9.197872  -8.849524  -8.595078  -9.40354
  -8.552274  -8.907814  -9.85043   -8.293478  -9.465716  -8.705626
  -9.042606  -8.682658  -9.238878  -9.332606  -8.56747   -9.74545
  -8.107994  -9.432134  -9.201816  -8.49874  -10.070424  -8.087462
  -8.646988  -9.307666  -8.911932  -9.578004  -8.269988  -9.081698
  -8.950676  -9.03321   -8.84674   -8.746574  -8.385292  -8.872202
  -8.817798  -9.736344  -8.16205   -9.314916  -8.542008  -8.926258
  -8.999164  -8.871622  -8.469856 -10.21467   -8.496304  -8.844594
  -8.791988  -9.412588  -9.195436  -8.581506  -9.557936  -8.84413
  -8.086418  -9.238182  -9.335564  -9.185866  -9.020392  -8.690778
  -8.809968  -8.764322  -8.646292  -8.94215   -8.09245   -8.420266
  -9.429002  -8.359772  -9.656478  -9.030426  -9.23418   -8.859848
  -9.47836   -8.456226  -8.771862  -8.943194  -8.787638  -9.31016
  -9.095328  -8.763568 -10.294362  -8.402982  -9.866728  -8.342604
  -9.778162  -8.922952  -9.389272  -9.636526  -9.074042  -8.646292
  -9.06192   -9.413922  -8.704408  -9.737214  -8.970686  -8.727666
  -8.121566  -9.311146  -8.930898  -8.332338 -10.024024  -7.369306
  -8.110952  -8.226488  -8.236812  -8.303048  -8.099004  -8.047326
  -8.59096   -5.436224]"
1474,"[-10.955214  -9.86725  -10.150174  -9.63583   -8.98014   -9.021726
  -9.756586 -10.483268 -10.652744  -9.930238  -6.218122  -6.021444
  -7.949944  -9.975304 -10.056098  -9.379818  -8.457154  -9.149558
 -10.013062  -9.935922 -10.173258  -9.663322 -10.532858 -10.422774
 -10.566034  -9.736924 -10.644682 -10.158874 -10.10273  -10.518126
 -10.306078 -10.621888 -10.191528 -10.415756 -10.20075   -9.765808
 -10.243438 -10.544458 -10.069786  -9.56913  -10.443132 -10.171982
 -10.677452  -9.875312  -9.53085  -10.073324  -9.441704  -9.85478
 -10.465984 -10.703726 -10.694156 -10.35097  -10.13289  -10.681048
 -10.612608 -10.537672 -10.468362 -10.638012 -10.040844  -9.75444
  -9.121486  -8.167328  -9.191666  -8.157874  -8.345562  -8.890356
  -7.343322  -8.398284  -7.846936  -8.28646   -5.781556  -5.385938
  -5.106088  -7.81985   -8.42798   -9.698702  -9.247056  -7.286134
  -6.704104  -7.056744]"
1475,"[-11.879212 -10.282298 -10.450382  -9.91771  -10.50902  -10.43913
 -10.942976 -12.205926 -10.608432 -10.692996 -11.890464 -10.637838
  -9.7295   -10.24541  -10.475438 -10.167284  -9.875544 -11.695642
  -9.642558 -10.91067  -11.224508 -11.322122 -10.225864  -9.471284
  -9.925076 -10.690038 -10.00674   -9.9006   -10.18973  -10.192978
 -10.026692  -9.444778  -9.646792 -10.601936 -10.062768  -9.443212
 -10.297204  -8.769136 -12.105818 -11.789138 -10.791248 -10.66446
  -9.039358 -10.802384 -10.419584 -10.352188 -10.36982  -10.62908
 -10.271742 -10.318664  -9.402554  -9.859014 -10.1065   -10.078544
 -10.555884  -9.807278 -10.182944  -9.61031   -9.415256 -10.319534
  -9.085816  -8.500828  -9.834886  -9.07961   -9.483928  -9.67701
  -9.864872 -10.96374   -9.757166 -10.39708  -10.216932 -10.476482
 -10.30515   -9.806698 -10.954518  -9.656072 -10.391802 -11.145802
 -10.3907   -10.382464 -11.2027   -11.18762  -10.601472  -8.431518
  -9.625332 -10.443596 -10.297958 -11.685492 -11.701906  -9.956454
 -11.367246 -10.347258 -10.34314  -11.100098 -10.660168 -11.732936
 -11.56462  -11.253508 -11.032876  -9.122878 -10.026518 -11.721046
  -9.793764 -10.380666 -10.331598 -10.25498  -10.292622 -10.261476
  -9.79069   -9.521396 -10.186946 -10.18248  -10.446148  -9.984584
 -10.334092 -10.403054  -9.03843   -9.79446  -10.46407  -10.563192
 -11.048072 -10.151798 -10.315416 -10.289142 -10.559944 -10.008538
  -9.9615    -9.411312 -10.186134 -10.931782 -10.697636 -12.202388
 -10.454558  -9.727122 -10.173722 -10.270756 -10.17697  -10.472016
 -10.375504  -9.884128 -10.260374  -9.734894 -10.165834 -10.40317
 -10.316228 -10.844782 -10.248832  -9.126706  -8.442828  -7.639528
 -10.755694  -8.114606  -9.32872  -10.265188 -10.415176 -11.023538
 -10.763234 -10.09345  -10.299524  -9.526964  -9.593722  -9.01639
  -9.293746  -9.168292  -9.233832  -8.837576  -7.694686  -9.202048
  -8.809968  -7.79839   -8.605808  -7.718466  -7.51361   -8.280254
  -6.988652  -7.868106  -7.605656  -7.68645   -8.095466  -6.884484
  -9.385966  -8.118144  -9.29247   -9.38498   -8.723838  -8.47496
  -9.989108  -8.504714  -9.958948  -8.469566  -9.486944  -9.717262
  -9.61756   -8.240176  -8.188266  -6.37652 ]"
1476,"[ -8.145346  -7.581122  -8.70493   -8.572342  -7.820314  -8.317316
  -6.976878  -9.808728  -8.952358  -9.959296 -10.390584 -10.566266
 -10.349404 -10.23903  -10.606634 -10.2892   -10.400908 -10.421382
 -10.754708 -10.949994  -9.968286  -8.953344  -9.905878  -7.506766
  -8.582898]"
1477,"[ -8.71015   -8.52107   -7.757384  -8.541428  -8.236638  -8.492012
  -8.959202  -8.566194  -7.838758  -7.736098  -9.36294  -10.392208
  -9.950364  -8.959666  -7.856506  -6.467174  -5.974928  -8.044774
  -7.348774  -8.480528  -8.279268  -7.377252]"
1478,"[ -9.118412  -8.742456  -9.300126  -9.524992  -9.92641   -9.236152
  -9.091732 -10.646886  -8.975848  -9.385154  -9.684956  -9.582238
  -9.106058  -9.169046 -10.536918  -8.854454  -9.147528 -10.28137
 -10.238392  -8.495608 -10.372372  -9.280058  -9.931862  -9.764184
  -9.199728 -10.9649   -10.368834  -9.549352  -8.579476 -10.570558
 -10.31617   -9.51171   -9.108378  -9.53085   -9.564606  -8.906132
  -8.920342  -9.799158  -8.927476 -10.28224   -8.57153  -10.355146
  -9.246998  -8.77076  -10.80888  -10.585986  -8.501524 -10.045252
  -9.622722  -9.171366  -9.726136  -7.764808  -8.100396  -8.54862
  -6.840694  -8.738222  -8.932812  -8.795816  -7.83696   -7.788762
  -7.197046  -7.851054  -9.605612 -10.009292  -9.473546  -9.884592
  -9.842078  -9.809772  -9.10397   -7.450738  -7.612616  -8.682136
 -10.032608  -9.390084  -9.092718  -9.583108  -8.896272 -10.00703
  -9.954946  -9.592504 -10.15029  -10.124248  -6.763496  -7.494354
  -8.145578 -10.591496  -6.024286]"
1479,"[ -9.004616  -7.21578   -7.276738  -6.082982  -8.070584  -7.308406
  -8.640956  -6.597906  -7.906444  -8.46829   -9.494484  -9.530734
  -9.776712  -9.299778  -8.950386  -8.986346  -8.567818  -9.147006
  -9.847762  -9.610774  -9.63641   -9.648532  -9.77474   -8.865126
 -10.205854  -9.076304 -10.568412  -9.495122  -8.242148  -7.964734
  -8.547808 -10.35793   -9.209066  -9.684724 -10.507512 -10.164094
  -9.607178  -9.038604  -9.493034  -9.128446  -9.844862  -9.112786
  -9.267356  -9.412008  -9.810062  -9.81157  -10.227372  -9.608976
  -9.451738  -9.814238  -6.816972  -6.919922  -5.798898  -7.74967
  -7.86422   -8.604822  -7.317744  -7.19519   -9.667904  -9.249898
  -8.86907   -9.088136  -9.072998 -10.13985   -7.055468]"
1480,[-9.489148 -9.464034 -9.892538 -8.735728]
1481,"[ -7.94194   -8.798658  -6.84255   -9.36729   -9.68658   -9.129896
  -8.458198  -9.164058 -10.854062 -11.654984 -12.7368   -11.42455
 -11.69686  -11.627202 -10.567426 -11.514798 -10.003782 -12.163818
 -11.084322 -10.23584  -12.707452 -11.563228 -10.455196 -11.61856
 -11.90334  -12.334628 -11.053466 -11.713738 -12.150304 -10.838344
 -10.353928 -12.07096  -11.78183  -11.87173  -11.53156  -10.84397
 -10.956432 -11.80532  -11.215924 -10.644972 -11.483188 -12.81075
 -11.777132 -10.896982 -11.822894  -9.379992  -9.658334  -9.657
 -11.675864  -9.779032 -10.202316  -8.781896  -8.300612  -8.448686
  -7.355502  -7.982482  -8.40681   -9.71587   -8.003478  -7.944434
  -7.25957   -7.323544  -7.331026  -9.498428  -8.413248  -7.990834
  -8.997366  -8.975616  -7.540058  -9.562634  -7.522948  -8.855614
  -8.298872  -9.36642   -9.374714  -9.305404  -7.934458  -8.139314
  -6.377564  -7.986136  -9.080306  -7.28944   -7.725484  -8.12667
  -9.498834  -8.593686  -8.881772  -8.441204  -9.345482  -9.235804
  -8.479716  -9.549468 -10.325972 -10.37562  -10.54527  -10.544342
  -9.842078 -10.600834 -10.603444 -10.66446  -10.103194 -11.217606
 -10.389192 -11.08728  -10.552462 -10.782374 -10.593294  -9.100722
 -10.786144 -11.175324 -11.071446 -10.59631  -10.71869  -10.60066
  -9.111568 -10.270582 -10.966408  -6.931986]"
1482,"[ -9.856752  -9.88146   -8.514574  -9.883316  -9.962254 -11.826026
  -9.092428  -5.97197   -8.983794  -8.776328  -8.0301    -9.022596
 -10.1848   -10.293724  -9.239806 -10.378346  -9.606888  -9.629276
  -8.316446  -9.360562  -9.73907   -9.839526  -9.826998  -9.245316
  -7.63976   -6.800326  -8.7058    -8.567586 -10.12477   -8.710034
  -9.290092  -8.393818  -9.243866  -9.100548  -8.95752   -8.244816
  -7.835452  -8.848538  -9.272344  -8.160136  -7.906792  -8.80295
  -9.001716  -9.105072  -8.558828  -8.924692  -8.682194  -8.206884
  -7.990892  -8.161412  -8.879568  -8.129512  -9.38643   -8.066988
  -8.607316  -8.72755   -9.463686  -8.940642  -8.4738    -8.41841
  -9.109828  -8.955142  -9.968576  -9.662742 -10.091594  -9.670862
  -6.728522  -6.703466  -6.99016   -7.51071   -9.308072  -9.622896
  -9.574988  -9.065748  -8.25949   -9.40006   -8.132644  -8.628196
 -10.335426  -8.113678  -6.93622   -6.735134  -7.405788  -5.357634
  -5.875748  -7.11457 ]"
1483,"[-10.606576  -9.051828 -10.511688 -11.006892  -9.750206  -9.912838
 -10.812708 -10.40259  -10.165486  -9.85826  -10.658602 -10.860848
 -10.11955  -10.38519  -10.959274  -9.955526  -9.533112  -9.5033
  -9.2133    -9.005022 -10.0108    -9.834132 -10.038292  -8.97202
  -8.49381  -10.209218  -8.620946  -9.077058 -10.070018 -10.96983
  -7.611398  -5.382342  -6.124858  -9.054206 -10.243786  -8.756202
  -9.601262 -10.067582 -10.27238  -10.406244 -10.291346 -10.532916
 -10.206202  -9.658798  -9.547496 -10.69085   -9.684434  -9.337478
 -10.199242  -8.82905   -9.849386  -9.891726  -8.962624  -8.77395
  -8.568978  -9.28348   -8.584464  -7.643588  -9.027004  -9.321064
 -10.523462 -10.629196 -10.16595  -10.242742  -9.037734  -8.63475
 -10.409202 -10.688646  -8.939946  -8.3375    -9.95512   -9.07004
 -10.809808 -10.560118 -10.66649  -10.350448  -9.959528  -9.8252
 -10.320636 -10.131498  -7.459844  -5.424798  -5.7014   -10.453572
 -10.530712  -9.683564 -10.231606  -9.536244  -9.428074 -10.199068
  -9.281682  -9.86464   -9.605148  -8.336572  -9.775958  -9.122994
  -9.235978  -9.527138  -7.627928  -8.7667    -7.563374  -8.034102
  -8.689966  -8.518576  -7.309334  -7.794968  -9.817718  -8.49265
  -8.419802  -6.91679   -8.144244  -8.254096  -8.14697   -9.373032
 -10.389134  -8.72755   -9.538622  -9.988354 -10.32168   -9.100142
  -8.757536  -7.622708  -8.08955   -7.4733    -7.896468  -8.55152
  -8.820756  -7.87379   -8.618394  -8.753998  -8.926258 -10.079414
  -8.670072  -8.572748  -8.525768  -9.354414  -9.24839   -8.716124
  -7.210386  -7.32598  -10.980096 -10.54498  -11.289932 -10.97273
 -10.32922  -11.120166 -11.372524 -11.453898  -9.316888 -10.35126
  -8.91344   -9.09295   -8.965408  -7.530314  -7.109234  -9.674516
  -9.880938  -7.892872  -6.621454  -7.411994  -8.678018  -8.521476
  -8.640318  -8.107646  -8.974224  -8.898012  -8.371256  -8.876494
  -8.538354  -9.382602  -7.585936  -8.37665   -8.439696  -8.720474
  -8.144708 -10.304454  -9.61408  -10.690386  -8.540906  -8.038916
  -8.643624  -8.41899   -8.9668    -9.107044  -8.668506  -8.764322
  -9.013954  -8.742514  -8.154394  -8.849234  -8.374562  -9.427958
  -9.135638  -8.759276  -8.604648  -8.6565    -8.726796  -7.930804
  -8.330366  -8.412726  -8.846334  -8.168952  -9.717494  -8.177884
  -8.995336  -9.296066  -9.07381   -8.75887   -9.232672  -8.379724
  -9.279072  -9.389214  -9.034428  -9.287598  -9.463976  -8.125394
  -9.099852  -8.928172  -8.935712  -9.129896  -8.769948  -8.978052
  -8.311516  -8.747966  -8.455646  -9.216838  -7.721656  -9.403946
  -8.078124  -8.700754  -7.511522  -7.945536  -8.513008  -8.919646
  -8.994118  -8.61851   -8.51498   -7.596434  -7.985498  -9.021204
  -8.15857   -8.009104  -9.457422  -8.240234  -8.707366  -8.030912
  -8.350492  -8.172954  -7.742362  -5.903356  -6.108908  -9.453768
  -7.300112  -6.71263   -6.582652  -7.325574  -9.570754  -8.07679
  -5.658944]"
1484,"[ -9.465078  -9.090398  -7.705822  -7.767302  -8.792452  -9.757282
  -9.585138  -9.769694 -10.222964  -9.770448 -10.30979   -9.537288
 -11.026206 -10.822742 -11.373858 -11.279318 -11.45935  -11.566418
 -11.663742  -9.661234 -11.39758  -10.083648 -11.24098   -8.69536
  -9.393216  -9.868178  -7.89032   -9.099968  -9.336318  -7.75083
  -8.918834  -9.048232  -9.757398  -9.625448 -10.090724 -11.00463
 -10.953996 -10.720024 -10.793742 -11.021218 -10.1529    -6.976994
 -10.404794  -9.926526  -8.181596  -8.0069    -7.25957  -10.718516
 -10.844202  -9.237138 -10.018746 -10.152436 -11.991268 -11.166334
 -11.102708 -10.511108 -10.051168  -9.951756 -10.130396 -12.746544
 -10.132774 -10.873086  -9.68571   -9.467108  -8.726158 -10.500146
  -9.590532 -10.206782  -8.938032  -9.395478  -9.655956  -9.596042
  -9.867714  -8.888906  -8.631038  -7.451376]"
1485,"[-10.40868  -10.21699  -10.494694 -10.318722 -10.189208 -10.319766
 -10.52903   -9.995894  -9.623128  -8.405244  -8.544444  -7.881678
  -8.944122  -9.943462  -9.336086 -10.562902 -10.721242 -10.086606
  -9.651316  -9.68339   -9.846718  -9.633394  -9.839468 -11.583818
  -9.569246  -8.938438  -9.350122  -9.580556  -8.616828  -8.125104
  -7.146354]"
1486,"[-7.278188 -7.398828 -7.85987  -7.376092 -9.3206   -8.157352 -6.331048
 -7.33758  -8.639158 -7.55769  -6.13756 ]"
1487,"[ -8.098018  -8.101672  -9.783034  -9.739534  -9.447852  -7.957368
  -7.959398  -7.474518  -8.133108  -8.719662  -9.111858  -8.684224
  -7.210328  -7.837714  -7.99211   -8.728942  -8.527508  -8.680048
  -7.305216  -6.202752  -6.60301   -8.082938 -10.690212 -11.37206
  -9.346526 -10.84484  -10.68244  -10.554086 -11.26215  -10.965248
 -11.418518 -10.757724 -10.953068 -11.052422 -11.07626  -11.255074
 -11.77603  -10.952546 -11.471994 -11.930542 -10.700362 -10.361932
 -10.89182  -11.609454 -12.173562 -11.727252 -11.58405  -11.722612
 -11.728876 -11.966096 -11.969518 -10.563018 -11.371538 -12.09532
 -11.582194 -11.14644   -8.360642 -10.097104 -10.790958  -9.970838
 -10.86978  -12.13882  -10.837416 -10.818798 -12.055242 -11.07365
 -11.644776 -10.589872 -11.51184   -9.93105   -6.455632  -8.381812
  -7.416808  -6.82457   -7.036096  -6.351116  -5.550194  -5.380312
  -8.171562  -8.330308  -8.252646  -7.806336 -10.762306 -10.140546
 -10.042932  -9.51867  -10.08156   -9.768244  -8.249108]"
1488,"[-10.804298 -10.280384 -11.896728 -11.37264  -11.15224  -12.095494
  -9.402844  -8.318592  -7.355212]"
1489,"[ -8.379724  -9.349484  -8.629124  -9.051364  -9.134594  -8.898244
  -9.322514  -9.937082  -9.78112   -9.365434  -8.665374  -8.920168
  -8.887398  -8.801674 -10.017702  -9.568724  -8.725462  -8.5869
  -8.745994  -9.119862  -8.85399   -9.52215   -9.511246  -9.817602
  -9.390548  -8.586958  -9.477548  -9.857506  -9.74603   -6.719938
  -7.22158   -7.718118  -8.704814  -9.290092  -6.269742  -6.606838
  -8.515444  -8.595774  -9.758326  -8.902884  -9.931224  -9.45226
  -9.525456  -9.532648  -9.28232   -9.621678  -9.19648  -11.56317
 -10.263506 -10.83005  -10.15348  -10.322144 -10.353986  -9.870672
  -8.14204   -8.417482  -9.286148  -9.354124  -9.47807   -9.273504
  -9.175484  -8.2679    -9.112264  -9.33133   -9.266486  -9.665236
  -7.985904 -10.040322  -9.695918  -8.967496  -8.82528   -9.299662
  -8.773138  -7.709012  -9.128736  -9.107508  -9.702472  -8.003826
  -7.97094   -9.615298 -10.672058  -9.210168  -9.048     -8.26413
  -9.72167   -9.252334 -10.119782  -9.03408  -10.341458 -10.317214
  -9.206166  -9.600682  -9.579222 -10.134746  -9.009952  -8.5985
  -9.091906  -7.260266  -5.393826]"
1490,"[ -7.804596  -8.885426  -9.677126 -10.370342  -9.676546  -9.67237
 -10.029476 -10.765322 -10.175984  -9.729558  -9.730312  -9.179718
  -9.938938  -8.799006  -8.90213  -10.377998 -10.59341  -10.587146
 -10.602748 -10.470856 -11.056714 -10.688182 -10.578446 -10.188164
 -11.256872  -9.938358  -8.950502  -9.771376  -9.68194   -8.602096
  -7.704256  -8.60053   -8.841404  -9.522324  -8.962102  -8.758812
  -8.895924  -8.970686  -8.54021   -8.855382  -8.576924  -7.055294
  -9.421056  -8.312502  -9.197466  -8.421774  -8.943484  -8.180494
  -9.038024  -8.037814  -8.633996  -8.567354  -8.249514  -8.683412
  -8.6652    -7.839628  -9.196422  -9.15385   -9.160346  -8.975964
  -9.380572  -9.172468  -8.091986  -8.724824  -8.310066  -7.408166
  -8.440914  -9.12543   -9.324834  -8.7986    -9.324022  -9.082046
  -9.118238  -8.73625   -9.209124  -8.93403   -8.568514  -8.665548
  -9.106     -8.515792  -9.151878  -9.002006  -9.361142  -9.217302
  -9.471922  -9.26376   -9.324138  -7.011098  -8.07882   -8.59502
  -9.264746  -8.72958  -11.053466  -8.81803  -10.46784   -7.968852
  -8.742862  -8.579534  -9.734778 -11.427798 -10.228126 -11.268182
 -10.393484 -11.668904 -10.012598 -11.295326 -10.54817  -10.800992
 -11.202642 -10.95359  -10.462504 -10.993552 -10.649438 -10.776226
 -11.04407  -10.704654  -9.50185   -9.417228  -9.748292  -9.76053
  -8.40971   -8.470146  -9.26057   -9.844282  -9.10513 ]"
1491,"[-8.778532 -8.206768 -9.443328 -9.924496 -9.803566 -8.643682 -7.95615
 -8.24006  -9.056468 -6.610028]"
1492,"[ -9.637512 -10.545618 -10.319824 -10.151624  -9.68513   -9.51635
 -10.539006 -10.162702 -10.094436  -9.267066 -10.410652 -11.227988
 -10.162818  -9.645458 -10.467608 -11.09047  -11.024988 -10.620438
 -11.121152  -9.95135  -10.488604 -11.211922 -11.115816 -10.20684
 -10.438666  -8.339414  -7.280276  -7.34019   -7.723048  -7.512682
  -7.494876  -7.074898  -7.739404  -9.768998  -9.74139   -9.64627
  -8.453616  -8.637302  -9.612108  -8.354436  -9.740172 -10.050182
  -9.893292  -9.483754  -9.938938 -10.392498  -9.840918  -9.71848
 -10.62328   -9.828912  -9.653288  -9.681012  -9.40267   -8.584058
  -6.414394  -5.423928]"
1493,"[ -9.761806 -10.27586   -8.21019   -9.509854 -10.447772  -8.977588
 -10.578272  -9.891784 -11.083742  -9.89161   -9.175658  -8.019312
  -9.227568  -6.3162    -7.996692  -8.685094  -9.503242  -9.037734
  -8.78787   -9.301808 -10.411986  -9.67353   -9.78518   -9.41833
 -10.023734  -9.126416  -9.025032  -7.026294]"
1494,"[-10.17784   -9.731066  -9.38295   -9.052988  -9.006066  -9.543088
  -9.425696  -9.20489   -8.908452  -8.383958  -9.396348  -9.40557
  -8.742166  -9.825316 -10.019384  -9.96498   -9.051538  -8.619264
  -8.101556  -8.401996  -8.178348  -8.86356   -8.176202  -6.93332
  -8.672682  -9.96933   -9.83941   -7.059296  -7.376266  -9.55318
  -8.707424  -8.496768  -9.086048  -9.285046  -9.034776  -9.430162
  -7.68355   -8.680396  -7.671254  -8.574546  -7.68558   -8.750634
  -9.560952  -8.376128  -7.835916  -7.729138  -9.666396  -9.45835
  -9.87943   -9.62017   -9.456726 -10.543066  -9.656362  -7.47736
  -8.747502  -7.662264  -8.94418   -9.477374 -10.823728 -10.140894
  -9.832102  -9.056178  -9.896598  -9.728978  -9.03118   -7.15604
  -7.892292 -10.098902 -10.873434  -8.756898  -9.16719   -8.090304
  -9.985686 -10.075064  -8.541312  -5.501126  -6.770456  -9.807104
  -9.39861   -8.489808  -8.548794  -8.02314   -7.363912  -9.612688
  -6.824918  -7.645734  -6.89765   -6.953388  -6.342242  -8.685152
  -9.24723   -9.693888  -9.466876  -9.03611   -6.69929   -7.413676
  -9.05641   -9.403598  -8.379318  -8.709106  -9.153966  -8.289998
  -8.93548   -9.857854  -8.240756  -8.322826  -9.462236  -9.767838
  -9.872528  -8.183916  -7.243678  -6.034494  -7.901746  -6.930246
  -6.63056   -6.25327   -7.732038  -8.597804  -8.75075   -8.619554
  -7.343264  -6.678526  -6.926476  -7.097924  -8.094828  -7.68152
  -8.5086    -7.956962  -9.866902  -6.227286]"
1495,"[ -8.781664  -8.396196  -9.107334  -8.44016   -8.398574  -8.34301
  -7.708954  -7.486466  -8.711716  -8.807416 -11.124632 -11.191158
 -10.927026  -9.601378 -11.37815  -10.233114 -11.11077  -11.438412
 -11.034732 -10.970816 -10.19118  -10.849944 -10.500436  -8.225908
  -9.189694  -9.075086  -7.631466  -7.142874]"
1496,"[ -9.044056  -9.207848  -8.700232  -9.040982  -8.905552  -8.429082
  -8.968366  -9.373554  -9.329184  -9.051944  -8.53528   -9.055888
  -8.744428  -8.423572 -10.327712 -10.078138 -10.523404 -10.38084
  -9.719292  -7.979872  -8.868838  -8.864894  -9.814586 -10.544632
 -10.061086 -10.002506  -9.645168  -9.30262  -10.332294 -10.640912
 -11.084844 -10.191296 -10.206376  -9.62916   -9.271126  -9.833204
  -9.848748  -9.671616  -9.72718   -9.793706  -7.840092  -8.5608
  -9.254654  -6.673886  -6.363064  -6.146956  -7.20099   -8.439696
  -7.931674  -7.04004   -7.626304  -5.487322  -6.299206  -9.78721
 -10.58326  -10.897562 -10.668056 -10.610752 -11.060136  -9.82085
 -10.825584 -10.893502 -10.608664 -10.07692   -9.99746   -9.913824
  -8.293942  -9.569478]"
1497,"[ -9.302794  -9.301634  -9.0683    -9.200888  -9.348382  -9.227684
  -9.138248  -9.004848  -9.502836  -8.567934  -9.026714 -10.133586
  -9.546394  -9.221188  -9.496166  -9.110466  -9.551034  -9.209762
  -9.74226   -9.240966  -9.311378  -9.008154  -8.906886  -9.391418
  -9.173048  -9.305752  -9.26405   -9.222464  -9.601958  -8.90967
  -9.3148    -8.823134 -10.342908  -9.889116  -9.019058  -9.700558
  -8.72697   -9.665874  -9.487524  -8.59502   -9.828448  -9.76169
  -9.120094 -10.139212  -9.10803   -9.41746   -9.324544  -8.961928
  -9.290672  -9.228438  -9.165392  -9.223276  -9.201352  -8.86849
  -9.184358  -9.189578  -8.701624  -9.17502   -9.224262  -8.982402
  -9.203556  -9.467398  -9.105014  -9.302562  -8.908626  -9.571624
  -9.27594   -9.182908  -9.080248  -9.622026  -9.084076 -10.297668
  -9.692148  -9.125546  -9.205934  -9.146136  -9.308826  -9.011634
  -9.38643   -8.96274   -9.533982  -9.295428  -9.5033    -9.230352
  -9.115396  -9.109364  -9.51287   -9.276114  -9.236384  -9.241314
  -8.292028  -8.675002  -9.102694  -8.977124  -9.20866   -8.805386
  -9.689654  -9.399074  -8.702842  -9.331156  -9.270198  -9.042954
  -9.471806  -9.379354  -9.115512  -9.340784  -9.323558  -9.426972
  -9.860232  -8.86008  -10.004536 -10.14333   -9.29914   -9.824446
 -10.036784 -10.408274  -9.566752  -9.11354   -9.57957   -8.858746
  -8.97956   -8.473916 -10.615798  -9.578352 -10.312516  -9.007052
  -9.641572  -8.396776  -9.435382  -8.74205   -9.297574  -9.27942
  -9.190738  -9.193     -8.930144  -9.187258  -9.476678  -8.8305
  -9.856346  -9.342988  -8.803704  -9.593026  -8.85486   -9.280522
  -9.585312  -9.923452  -9.055888  -9.727412  -8.969352  -9.540942
  -8.750924  -8.841346  -9.160288  -9.251348  -9.27739   -9.458176
  -9.108088  -9.181516  -9.238124  -8.847668  -9.00682   -9.18662
  -9.251522  -9.464904  -8.944064  -8.975326  -7.757036  -7.592432
  -9.15008   -8.79773   -7.814166  -8.919008  -8.676452  -8.673204
  -8.182292  -9.199148  -8.247658  -9.476794  -9.251348  -9.30784
  -9.391128  -7.666672  -8.506106  -9.692844  -9.114816  -9.107682
  -8.947312  -9.319614  -9.311958  -9.363984  -9.138248  -9.515364
  -9.10658   -9.343742  -9.080132  -9.143758  -9.183082  -8.901376
  -8.72958   -9.145788  -9.177166  -9.315264  -8.825222  -9.311552
  -9.769578  -9.136798 -10.28282  -10.353406  -9.465542  -9.084656
  -9.95918  -10.245352  -9.134188  -9.473314  -9.956106  -9.195668
 -10.51511   -9.350064  -8.86356  -10.559538  -8.874058  -9.559212
 -10.269422  -9.275766  -9.318338  -9.247636  -9.197176  -9.239458
  -8.920168  -9.044404  -9.159186  -8.295044  -9.656246  -8.677786
  -9.036864  -9.157446  -9.139524  -9.039648  -9.39223   -9.1292
  -8.78497   -9.409456  -9.42645   -9.220956  -9.096488  -8.977124
  -9.216084  -9.388576  -9.360562  -8.657254  -9.854954  -8.80063
  -9.037444  -9.939634  -9.334694  -8.808924  -9.395536  -9.032224
  -9.23679   -8.647974  -9.463338  -9.75676   -9.042606 -10.073788
  -9.364912  -8.74553   -9.45023   -9.373844  -9.226524  -9.431844
  -9.4308    -9.989688  -9.46705   -9.459742  -9.386952  -9.42761
  -8.64896   -9.486944  -9.236384  -9.448432  -9.385618  -9.721496
  -8.66288  -10.32458   -8.716182  -9.552078 -10.004768 -10.829354
 -10.376954  -8.831834  -7.325574  -9.297168  -9.682114  -9.306042
  -9.636062 -10.150928  -9.284292  -9.327328  -9.216432  -8.762582
  -9.688436  -9.892944  -8.912802  -9.713434  -9.686812  -9.367522
  -9.07497   -9.062036  -9.079668  -9.442284  -9.204832  -9.357198
  -9.09324   -9.15733   -8.87719   -9.283364  -8.954794  -9.188592
  -9.291658  -9.271416  -9.205296  -9.2365    -9.6367    -8.880728
  -8.235304  -9.464672  -9.568202  -8.5376    -9.01117   -9.669064
  -9.142366  -9.738026  -8.988666  -9.56159   -9.362766  -8.918196
  -9.128562  -9.474822  -9.729326  -8.93026   -9.220202  -9.21417
  -8.720358  -9.419722  -9.311088  -9.25593   -9.094168  -9.390838
  -9.544538  -9.523484  -9.71065   -9.226756  -9.199496  -8.797092
  -9.365608  -9.317294 -10.15522   -9.850082 -10.297146  -9.294674
  -8.67709   -9.785412  -9.15501   -9.766678  -9.393564  -9.299546
  -9.787152  -9.421926  -9.192014  -9.3757    -8.806604 -10.216004
  -9.70978   -9.397276  -9.31074  -10.139676  -9.461134 -10.150232
  -9.768824  -8.335702  -9.777814  -8.932986  -8.851438  -7.334622
  -7.79926   -9.096836  -9.2771    -9.861798  -9.10455   -9.32698
  -9.581194  -9.825664  -8.382218  -8.034566  -7.438442]"
1498,"[-11.702022 -12.418264 -12.973382 -13.491438 -12.826874 -13.152138
 -13.151906 -13.153762 -13.294876 -13.401654 -12.953082 -12.820436
 -12.776182 -12.709482 -12.494592 -12.145548 -11.809438 -11.060136
 -11.635206 -10.414828  -9.115976  -7.504156  -7.350514  -7.239676
  -9.166494 -11.466716  -9.671036 -12.357712 -12.163586 -13.080624
 -12.955808 -13.057308 -13.247258 -13.147034 -12.822524 -13.254682
 -12.737612 -12.578054 -13.03608  -13.1138   -13.092804 -12.805182
 -12.528522 -12.428936 -13.0558   -12.790044 -12.759826 -12.83221
 -12.454398 -12.182842 -13.645602 -13.38031  -11.466194 -12.296058
 -12.208304 -13.362968 -11.602668 -11.028352  -9.99282   -9.201874
  -9.908952 -10.237058 -10.29239   -9.742376  -8.504656]"
1499,"[-12.799266 -12.648292 -12.455558 -12.9311   -12.6179   -12.875246
 -12.72868  -12.822756 -12.731116 -12.805588 -12.950994 -12.736104
 -12.856106 -12.79074  -12.137022 -12.53786  -13.013866 -12.749618
 -12.603168 -12.76435  -12.699738 -12.128206 -12.4903   -13.003774
 -12.730768 -12.7629   -12.56947  -12.445234 -12.683846 -12.447148
 -12.834704 -12.74231  -12.411826 -11.952176 -12.488444 -13.14831
 -12.511934 -12.44245  -12.807386 -12.823046 -13.116294 -12.720096
 -12.929012 -12.958534 -12.536642 -12.552882 -12.841896 -12.676596
 -12.504104 -12.637272 -12.428356 -12.025662 -12.23075  -12.88963
 -13.042344 -13.041822 -12.762958 -12.781808 -12.51669  -12.88035
 -12.629152 -12.733262 -12.860398 -12.82728  -12.539774 -12.54975
 -12.84033  -12.886846 -12.711338 -12.964218 -13.039444 -12.732218
 -12.999018 -12.750604 -12.626078 -12.821596 -12.87716  -12.924372
 -12.948848 -12.9253   -12.563554 -12.794104 -12.880988 -12.669926
 -12.62602  -12.96619  -12.792596 -12.68837  -12.737032 -12.676828
 -12.907726 -13.004122 -12.874898 -12.86005  -12.843462 -12.271408
 -13.065428 -12.745268 -12.125132 -12.446626 -12.607924 -12.908538
 -12.72027  -12.440014 -12.4642   -12.725374 -12.805182 -13.196972
 -11.90218  -11.981698 -12.748052 -12.710294 -12.396746 -12.545284
 -12.856454 -12.72085  -13.05783  -12.953894 -12.911148 -12.83917
 -12.93081  -13.039212 -12.510252 -12.662792 -12.78117  -12.68605
 -12.930926 -12.749096 -12.88818  -12.65241  -12.33776  -12.775892
 -12.684484 -12.448192 -13.102374 -12.686862 -11.668904 -12.123508
 -12.874144 -12.711106 -12.464954 -12.121304 -12.17217  -12.5628
 -12.645392 -11.26157  -12.474872 -12.582868 -12.859296 -12.388104
 -12.687442 -12.007798 -13.095356 -13.088106 -12.638548 -12.556942
 -11.937734 -12.690632 -12.081748 -12.589944 -12.388278 -12.49175
 -12.831456 -12.57962  -12.635938 -12.776994 -12.494476 -12.722474
 -12.342632 -12.732798 -12.447264 -12.63095  -12.280456 -12.131106
 -12.688544 -12.999308 -12.756926 -12.615986 -12.7658   -12.728622
 -12.582346 -12.85454  -12.364092 -12.449874 -12.615406 -12.886498
 -12.979646 -12.83714  -12.392802 -13.025814 -12.748632 -12.454456
 -12.952502 -12.418032 -12.029142 -12.711222 -12.901346 -13.135318
 -12.653164 -12.848218 -12.575966 -12.782852 -12.613492 -12.415248
 -12.092884 -12.69649  -11.454246 -12.562568 -12.095726 -13.030338
 -12.735524 -12.482528 -12.021834 -12.586    -12.702928 -12.761624
 -12.64487  -12.802398 -12.605198 -12.569586 -12.528116 -13.124646
 -12.592032 -12.922458 -12.850306 -13.02187  -13.057134 -12.51234
 -12.748632 -12.2815   -12.627238 -12.996582 -12.46072  -13.159446
 -12.52394  -12.612158 -12.551258 -12.052806 -13.021812 -12.667896
 -12.701826 -12.571152 -12.270886 -12.793524 -12.842418 -12.901172
 -12.460546 -12.89862  -12.935334 -12.499406 -12.67706  -12.691676
 -12.22234  -12.725896 -12.890094 -12.175998 -12.739294 -12.604676
 -12.248034 -12.35052  -12.352318 -12.944498 -12.858136 -12.562858
 -12.724678 -12.833254 -12.892994 -12.152508 -12.535598 -12.706118
 -12.434098 -12.84526  -12.97083  -12.39808  -12.745094 -12.592554
 -12.37024  -12.755418 -12.772064 -12.753794 -12.333062 -12.576546
 -12.918398 -12.980458 -12.643246 -12.639012 -12.86933  -12.586174
 -13.031092 -12.607112 -12.496216 -12.556362 -12.630138 -12.340486
 -13.001628 -13.04043  -12.51756  -12.30615  -12.4613   -12.86991
 -12.873332 -12.177738 -12.660008 -12.671202 -12.672246 -12.576256
 -12.502074 -12.53612  -12.132614 -12.632458 -12.525622 -12.382478
 -12.536758 -12.42708  -12.429632 -12.964508 -12.831282 -12.726882
 -12.726128 -12.878262 -12.679902 -12.600094 -11.89348  -12.744978
 -12.95981  -12.685122 -12.942874 -12.759884 -12.304526 -12.395238
 -12.418496 -12.40185  -12.734944 -12.630022 -12.594874 -12.616044
 -11.67627  -12.010234 -12.358756 -12.627122 -12.725954 -12.76029
 -12.873796 -12.559088 -12.595976 -12.216888 -12.604734 -12.814636
 -12.854598 -12.803268 -12.519068 -12.69765  -12.867532 -12.92066
 -12.509788 -12.744978 -12.958534 -12.136848 -12.457298 -12.692894
 -13.069546 -12.803384 -12.474292 -12.73332  -12.879654 -12.815622
 -12.297044 -12.764118 -12.947688 -12.850248 -12.577938 -12.719574
 -12.466346 -12.963928 -12.853612 -12.839866 -12.655078 -12.806574
 -12.732392 -12.848624 -13.01404  -12.855584 -12.495752 -12.823394
 -12.525216 -12.923966 -12.820262 -12.802166 -12.71882  -12.833834
 -12.353362 -12.30499  -12.61645  -12.847    -12.301336 -12.742542
 -12.072816 -12.391062 -13.018274 -12.58107 ]"
1500,[-10.62386   -8.916108  -7.250812]
1501,"[ -9.913882 -10.056446  -9.819922 -10.37417  -10.070134  -9.836394
  -9.526152  -9.778336 -10.422948 -10.173316 -10.467666  -9.01755
  -9.899324  -8.582318  -9.5062    -9.881518 -10.235956  -9.776886
  -9.669354  -9.987832  -9.686348 -10.12535   -9.76546   -9.62887
  -9.981742  -9.777176  -9.460554  -9.2191    -9.610078  -9.748002
 -10.585638 -10.773442 -10.701754 -10.484544 -10.941932 -10.360018
  -9.302098  -8.375084  -9.291542  -9.247056  -8.766178  -9.257728
  -9.471284  -9.746784  -9.755774  -9.793474 -10.497478 -10.022574
 -10.061144  -9.966256  -8.851148  -9.679794  -8.248992  -9.678344
  -9.1147    -9.125082  -8.533888  -7.246288  -6.483008  -5.423638]"
1502,"[ -8.624078 -10.264086  -9.713028  -9.265094  -9.742376 -10.666374
  -9.182386  -7.567434  -9.061398  -7.222682  -8.393006  -6.142084
  -8.4042    -8.2824    -7.418316  -5.918842  -7.92802  -10.426022
  -9.358474 -10.03603   -8.444568 -10.688878 -10.508614 -10.647582
 -10.876276  -8.777372  -7.228308  -9.118586  -9.208718  -8.87255
 -10.617828 -10.67722  -10.923836 -10.721358 -10.962232 -11.178978
 -10.887586 -10.198488 -10.739686  -7.824954  -6.434346  -7.176166
  -8.960188  -8.988434  -5.76781   -5.448694  -6.560032  -9.995082
 -10.723678  -9.072302  -7.298952  -6.794004  -8.289128  -8.460402
  -7.519062  -7.902674  -8.055504  -7.77287   -8.401068  -7.268444
  -7.23289   -8.29371   -9.011344  -8.546126  -8.097496  -8.840186
  -8.112402  -7.895946  -8.620366  -8.422992  -9.750206  -9.786746
  -8.559988 -10.080574  -7.485944  -6.314692  -9.283016  -5.18404 ]"
1503,"[ -7.213576  -9.159998  -9.58537   -9.810758  -9.820618  -9.748118
  -9.353254  -9.342118  -8.843724  -8.866518  -8.068786 -10.388496
  -9.683448  -9.571914  -7.249014  -7.342626  -8.158048  -6.464448]"
1504,"[ -8.751214  -8.16669   -5.606396  -6.54559   -7.326966 -10.222094
  -8.30415   -9.47459   -7.814804  -8.836938  -9.427204  -9.055598
  -9.469892  -8.294232  -7.767012  -9.731646  -6.832168]"
1505,"[ -7.82681   -9.849966  -8.342604  -7.733198  -7.88597   -8.518924
  -8.57298   -8.635968  -8.511674  -9.675734 -10.95011  -10.570094
 -10.231258  -9.759312  -9.561996 -10.091652 -10.812244 -10.628964
 -10.449106 -10.824366 -10.199184  -9.76401   -9.755368  -8.984142
 -10.957824  -8.508658  -9.362302  -8.913556 -10.786028  -7.905284
  -8.318592  -8.673842  -8.629646  -8.300554  -8.368994  -8.495028
  -8.169126  -8.257576  -8.660154  -8.419164  -8.178406  -8.761422
  -8.507498  -7.725948  -7.458336  -8.16843   -6.242888  -9.358764
  -9.13036   -9.646154  -9.846022  -9.984932  -9.727644  -9.135232
  -9.687798 -10.284908  -9.261788  -9.440428 -10.182596  -9.46125
  -9.582876 -10.101106  -8.533888  -8.784506  -9.959296 -10.026402
  -9.715406  -8.934958  -9.170902  -9.041214  -9.87537  -10.043512
  -9.692554  -8.450368  -9.045796 -10.159338 -10.481992  -9.839526
  -9.98093   -9.78547   -9.188128  -9.096372  -9.159128  -8.3549
  -9.84811   -9.350354  -9.475344  -9.502372 -10.26571   -8.358032
  -9.801478  -9.15124   -8.695418  -9.957556 -10.072744  -9.679968
 -10.563424 -10.099772  -8.653136  -9.887434  -9.491584  -9.752584
  -9.629566  -9.401278  -9.130824  -9.60016  -10.457922 -11.483594
 -11.107986 -11.497804  -7.457524  -5.529662  -5.95602   -7.9924
  -6.947008  -8.596702  -9.08744   -8.555638  -8.307746  -9.251638
  -8.298756 -10.37069   -8.763742  -9.421288  -8.978748  -9.82317
 -10.44348   -9.908372  -9.066386  -9.543668  -9.707634  -9.25622
  -8.855092  -9.67701   -9.185344 -10.052734  -9.321354  -8.942324
  -9.11441   -9.837438  -9.57261   -8.670304 -10.126684 -10.01834
  -8.343938  -9.178674  -9.444604  -7.836902  -9.937836  -9.17502
  -9.20286   -8.745414  -9.44356   -8.541892  -9.353312  -8.82325
  -8.379086  -9.807626  -7.909112  -7.413792  -7.810628  -9.22026
  -8.957346  -8.572806  -8.639854  -9.040054  -8.791756  -8.50686
  -9.441182  -8.91315   -8.744486  -8.633532  -9.203672  -9.253262
  -8.688864  -9.357488  -9.001832  -8.18873   -9.56855   -8.804342
  -8.732306  -9.073462  -8.346432  -9.497906  -8.858224  -9.565882
  -9.00305   -8.324218 -10.038872  -8.963668  -8.457502  -9.413284
  -8.711426  -9.676778  -8.525246  -8.967902  -9.463976  -8.471364
  -9.296704  -8.596354  -9.030194  -8.522752  -9.046202  -8.74176
  -8.688632  -8.581332  -9.01871   -8.715196  -9.508056  -9.571044
  -8.54601   -8.929738  -8.809272  -8.56312   -9.638846  -9.201294
  -8.341618  -9.494774  -8.074934  -9.035704 -10.02385   -8.304208
  -6.558698  -8.856948  -9.308768  -9.72109  -10.854062  -9.218694
  -9.599928 -10.570848 -11.280536  -8.239422  -9.20895   -9.123226
  -9.224494  -9.422332  -8.988144  -9.00305   -9.428306  -9.220782
  -9.254422  -8.929796  -9.438108  -9.299836  -9.131578 -11.548206
  -8.046108  -9.178848  -6.58503 ]"
1506,[-5.952946]
1507,"[-9.412588 -9.0277   -9.432076 -9.41079  -9.19039  -9.47082  -9.072186
 -9.386314 -9.352384 -9.361954 -9.31219  -9.625796 -9.1988   -9.323152
 -9.334694 -9.05873  -9.510376 -9.137958 -9.618314 -9.289976 -9.572668
 -9.290672 -8.878872 -9.405686 -9.126648 -9.214692 -9.459394 -9.606656
 -9.37193  -9.469718 -9.560024 -9.293282 -8.899578 -9.123922 -9.698702
 -9.293108 -9.074042 -9.602306 -9.767838 -9.541406 -9.300648 -9.626202
 -9.552832 -9.478708 -9.723874 -9.13732  -9.618546 -9.522498 -9.263064
 -9.22461  -9.463918 -9.17676  -9.455682 -9.1727   -9.59436  -9.888594
 -9.784136 -9.386314 -9.333998 -9.345656 -9.09846  -9.50939  -9.01378
 -8.817798 -9.339334 -9.29015  -8.897838 -9.185982 -9.538738 -9.256916
 -9.694874 -9.52592  -9.410094 -9.343916 -9.47836  -9.071548 -9.478708
 -9.525688 -9.42935  -9.398784 -9.384458 -9.424768 -9.384922 -9.418852
 -9.291368 -9.374192 -9.60654  -9.494252 -9.402554 -9.10165  -9.57725
 -9.444778 -9.246708 -9.232846 -8.934378 -9.42442  -9.524876 -9.583282
 -9.39107  -9.622026 -9.017028 -8.91373  -9.784716 -7.131738 -6.406738
 -7.979698 -8.973238 -8.198358 -5.033878]"
1508,"[-11.901948 -13.458784 -12.768178 -13.32811  -12.01934  -12.437868
 -12.856628 -13.354326  -9.98064   -5.9334    -6.302048  -9.961964
 -10.085678  -9.913302 -10.08794   -9.88262  -10.09548   -8.590322
  -7.971172  -6.771558  -7.189158  -6.88199   -8.744776  -8.432562
  -9.866438  -9.121544  -9.190738  -9.311958  -8.841868  -9.367754
  -8.893604  -8.063566  -6.497624  -6.77759   -8.689676  -6.197938
  -9.868468 -10.686616  -9.488278 -10.31588   -9.530154 -10.317388
 -10.39766  -10.2573    -9.675038 -10.501422 -10.434954  -9.880938
 -10.429734 -10.429618 -10.093334  -9.221594 -10.310834  -7.500502
  -8.431866 -10.128308 -10.058882  -7.86538   -9.476446  -8.976544
  -9.813136  -9.206688  -9.341132  -9.125546  -9.026598  -9.243808
  -9.406846  -9.586762  -9.107508  -9.612108  -9.118006  -9.33829
  -9.320426 -10.065552  -7.828666  -7.521498  -7.00234   -9.598768
  -7.226162  -7.979408  -8.339762  -8.66114   -7.33613   -8.981822
  -7.912128  -6.32751   -8.407622 -10.30602   -9.208718 -10.31124
 -10.217802 -10.36982  -10.364194 -10.346968 -10.144142  -9.89538
 -10.973368 -10.32806  -10.213336  -9.776654  -9.750438  -9.217824
 -10.129932  -9.875892  -9.908024 -10.454848 -11.058744  -9.683042
 -10.188396  -9.060528  -9.469312  -7.32424   -7.731748  -7.960674
  -7.361882  -8.201432  -7.941476  -8.461736  -7.44952   -7.047928
  -6.825266  -9.169452  -6.721272  -6.029796  -8.45408   -7.632452
  -8.21019   -9.92902   -7.636164  -7.719858  -8.160078  -9.151124
  -9.58682  -10.081212  -7.993734  -8.345098  -9.781932  -8.070758]"
1509,"[ -9.322456  -9.68194  -10.02559   -9.862204  -9.70775   -9.572436
  -9.958368  -9.491584  -9.55579  -10.04154   -9.018594  -9.564606
  -9.937778  -9.96324   -9.28377   -9.538506  -9.45661   -9.069634
  -8.74727   -7.912592  -8.3346    -5.162116  -5.534476  -6.154902
  -7.52521   -7.631292 -10.2747   -10.05227  -10.52033   -9.767606
  -9.69876  -11.338652 -13.491264 -13.007486 -11.093892  -9.108088
  -8.234086  -8.407158  -8.26732  -10.001868 -10.10766   -9.94033
  -9.38411   -9.657348  -8.551114  -8.195226  -7.736388  -8.20845
  -9.917652  -8.5898    -9.05177   -9.789008  -9.109074  -8.063334
  -8.133456  -7.257018  -9.224784  -9.856694 -10.361004  -9.517394
  -9.3206    -8.88618   -8.501814  -9.569942  -9.964864  -8.814666
  -9.309232  -7.675256  -7.98109   -8.677554 -11.018086 -10.438086
 -10.734582 -10.688008 -12.012554 -10.564178 -11.018202 -11.450302
 -11.5275   -11.347236 -10.87993  -10.609418 -12.017542 -11.768722
 -11.966792 -11.010488 -10.876566 -11.266268 -12.040278 -11.33175
 -10.377186 -11.334476 -10.943556 -10.670318 -11.067676 -12.130004
 -11.141858 -11.945274 -10.850756 -11.284132  -8.865822  -8.194646
  -8.93374   -9.696614  -9.38469  -10.075876  -9.722482  -9.68223
  -9.00943  -10.68534  -10.52033   -9.9644   -10.499276 -10.131846
 -10.107776  -9.216838  -8.83137   -8.385002  -6.487822  -5.187288]"
1510,"[ -9.51925   -9.571566  -9.076536  -9.258366  -9.223914  -9.141902
  -9.370712  -9.129432  -9.483406  -9.327618  -9.297458  -9.212836
  -8.6159    -9.144222  -9.180124  -9.159534  -9.956106  -9.392752
  -8.952764  -8.843434  -9.693134 -10.656282 -10.196632  -8.552042
  -8.709048  -9.209878  -9.494774  -9.615704  -9.41891   -9.394608
  -9.656188 -10.01718   -9.851184  -8.854512  -9.387648  -7.615864
  -9.259758  -9.6976    -8.782128  -8.871448  -9.400118  -9.812614
 -10.035334  -9.83999   -9.649866 -10.045542  -9.476388  -9.686348
  -9.963182  -9.753918  -9.681012  -9.292412  -9.46473   -9.287656
  -9.473256  -9.618778  -9.651316  -9.979654 -10.046818  -9.705604
  -9.697948  -9.675444  -9.867018  -9.819574  -9.576612  -9.322398
  -9.89683   -9.797186  -9.835814  -9.944912  -9.567042  -9.575452
  -9.508694  -8.823076  -9.276056  -9.496282  -9.290208 -10.1558
  -9.853794  -9.283306  -9.921944  -9.901296  -9.122472  -9.925888
  -9.52534   -9.276172  -9.454464  -9.11093  -10.03342   -9.392172
  -9.936966  -9.854548  -9.886216 -10.059694  -9.698586 -10.229344
  -9.770564  -9.815978  -9.327966  -8.811418  -9.290672  -9.704444
  -9.595172  -9.63148   -9.66338   -9.80809   -9.494716  -9.371408
  -7.456596  -7.671892  -8.939134  -9.846834 -10.155916  -9.617154
  -9.929368  -9.799854 -10.085156 -10.220934 -10.223254  -7.965662
  -8.70899   -9.34061   -9.569594  -9.475576  -9.774798  -9.932152
 -10.023154  -9.002818 -10.050066  -9.804668  -9.739882  -9.849618
  -9.73704   -9.910866  -9.851126  -9.758152  -8.688806  -7.050016]"
1511,"[ -9.77996  -10.564468  -8.926026  -9.961906 -10.014048  -9.130708
  -7.61772   -8.5695   -10.56151   -9.950074  -5.79507 ]"
1512,"[ -9.346874  -9.769984  -9.912026  -9.410442  -8.76728   -6.861574
  -8.08114   -9.27623   -8.680918  -6.982388  -9.058092  -7.238342
  -5.358736  -6.217484  -7.163928  -7.07107   -7.28248   -8.698724
 -10.217396  -9.825258  -7.57219   -7.36194 ]"
1513,"[-11.182168  -9.082684  -8.717342  -9.420766  -9.954308 -10.464476
 -10.984446 -11.123124 -11.348222 -11.542406 -11.102534 -11.87666
 -11.176368 -11.607018 -11.413588 -11.527616 -11.499138 -11.473096
  -9.390026  -7.20737   -8.3723    -7.815268  -7.22042   -8.19511
 -10.423238  -9.18981   -8.386336 -10.568644  -9.650736  -8.695882
 -10.160266  -9.31741   -8.754752  -8.933334  -8.774124  -9.145324
  -8.39637  -10.099192  -7.69892   -8.97579   -9.635482  -9.10803
  -8.654702  -9.666048 -10.546198 -11.053988 -10.521258 -11.02145
 -11.035312 -11.550758 -10.21815  -10.08823  -11.454246 -12.46884
 -10.229982 -10.382232  -9.816558  -8.772906  -9.26869   -9.21011
  -9.808496  -5.99285 ]"
1514,"[ -9.134594 -10.04937   -7.01365   -6.121494  -9.14718   -8.274454
  -5.648388  -6.145796  -9.594186  -8.567586 -10.453862  -9.929832
 -10.785274 -10.514762 -10.319128  -9.583688  -9.272286  -7.84769
  -5.26698 ]"
1515,"[-10.051632 -10.325914 -10.20655   -9.688842 -10.33299  -10.087998
  -9.640528  -9.730196  -8.011482  -8.306876  -8.095988  -7.783542
  -8.073832  -9.862668]"
1516,"[ -7.809526  -8.58458   -8.89517   -9.535026  -9.615936  -8.283908
  -9.513972  -8.67535   -8.578664  -8.25021   -9.627072  -8.511964
  -7.791662  -7.682622 -10.671768 -11.233034 -10.101222 -10.774428
 -10.540746 -10.683136 -11.169872 -11.077942 -11.069242  -9.994908
 -10.437738 -10.396384  -9.900078  -7.303592  -7.048972  -6.152872]"
1517,"[ -9.429408  -9.54796   -9.78112   -9.083438  -8.92997   -8.998874
 -10.191296  -9.544422  -9.282262  -8.218716  -6.07782   -8.628544
  -7.829304  -9.810062  -8.443176  -9.57928   -9.803682  -8.286866
  -8.909438  -9.461888  -9.272344  -9.04017  -10.095248  -9.56072
 -10.274004  -9.61727  -10.170764  -9.558922 -10.058708  -9.368914
  -8.438246  -8.961406  -9.67701   -8.875044  -9.658856  -8.148014
  -6.132688  -8.030796  -7.59771   -9.906922 -10.080458  -8.917558
 -10.001172  -9.205934  -9.622084  -9.705198 -10.37707   -9.754034
 -10.2544   -10.670608 -10.077674 -10.265304 -10.19176  -10.155626
  -9.70485   -9.142656  -9.797592  -9.70485   -9.388112  -8.931072
  -9.438108  -9.908546  -8.535164  -9.38904   -9.002818  -8.490852
  -8.32793   -8.18525   -8.050458  -8.28733   -6.704742  -8.658124
  -9.17676   -9.500806  -9.525572 -10.78713  -10.25643   -9.215214
  -9.704502  -8.574198  -6.294334  -6.034262  -7.192116  -9.001832
  -9.077     -9.911678 -11.196668 -11.067386 -10.5763   -11.123356
 -10.24657   -8.28791   -8.994408  -7.223146  -8.30444   -9.117426
  -8.658878  -8.998642  -9.874906  -9.739476  -9.968982 -10.055054
 -10.090434  -9.845674  -9.609382  -9.733792 -10.072454  -9.743768
 -10.561626 -10.470218 -10.61632   -8.950966  -8.912628  -8.144128
  -9.485204  -8.849292  -9.184068  -9.873108 -10.250224  -9.819632
  -9.263064  -8.839896  -7.486814  -6.602778  -8.139952  -8.004
  -7.75315   -7.803088  -8.082532  -7.770028  -8.176028  -9.001832
  -9.538738  -8.431576  -9.099214  -8.603604  -8.849524  -8.078008
  -9.350412 -11.26882   -9.530038 -10.447598 -11.805204 -11.387546
 -11.654404 -11.748654 -11.747088 -11.468166 -10.912932 -11.34161
 -11.262788 -12.19189  -11.724584 -11.994284 -11.82214  -11.990108
 -11.491308 -11.099982 -11.064428 -12.114576 -10.76045  -11.54867
 -10.387626 -11.57187  -10.311878 -10.967626 -11.32334   -9.54796
 -11.21227  -11.526862 -11.032818 -10.490518 -11.549076 -10.614522
 -10.079124 -10.7097   -11.544204 -12.189918 -11.492932 -11.12933
 -11.835886 -11.35553  -10.81845  -11.176136  -9.826592  -9.985396
 -10.668578 -10.96751  -11.05074  -11.285292 -11.738388 -10.63227
 -10.823438 -11.395144 -11.491192 -10.185902 -10.204578  -9.71065
 -10.235028  -8.868026  -9.30059   -9.967358  -9.182502  -9.547496
 -10.389888 -11.994226  -9.403366  -8.319636  -8.58371   -9.37744
  -9.687218 -10.293724  -7.396276  -9.397276  -8.64896   -8.30386
  -9.341828 -10.401836  -9.599522 -10.149768  -9.365376 -10.166936
 -10.702798  -8.871506  -8.973122  -9.278434  -8.70145   -9.313002
  -8.284082  -8.087404  -8.767048 -11.133158  -8.878176 -10.15261
 -11.63625  -10.234448 -11.070054  -9.936038 -10.155336 -10.250978
 -10.553274 -10.214322 -11.09221  -12.53351  -12.11127  -12.279064
 -12.534032  -9.604916 -10.975804 -10.198082 -11.088672 -10.23468
 -11.581092 -13.650822 -13.23328  -13.662306 -11.20763  -10.415234
 -10.792872  -9.73472   -9.30204   -7.62787  -11.840642 -12.651018
 -12.747936  -9.918     -7.840092  -8.367834  -9.849734  -8.908626
  -7.622012  -8.59299   -8.59821   -7.856332  -7.288744  -8.576402
  -8.363136  -7.740448  -7.572596  -8.774878  -6.547504  -5.712536
  -6.994104  -7.583326 -10.682904 -10.155336  -9.351862  -9.05496
  -9.641398  -9.177282  -8.086128  -9.626434 -11.589734  -8.655108
  -7.736968  -8.443118  -7.967634  -6.801312  -9.007574  -8.587132
  -9.466006  -8.893952 -10.386756  -8.179914  -7.596028  -7.91903
  -7.985788  -8.491026  -8.369748 -10.031912  -8.891922 -10.309442
  -9.208544  -9.666686  -9.338638  -9.863944  -8.809678  -8.19743
  -8.815652  -9.71268   -9.273388  -9.770506  -9.416532  -9.718712
  -9.818472  -9.665758  -9.701892  -9.886796  -9.921538  -9.04568
  -9.752584  -9.417518  -8.760204  -9.473024  -9.121138  -8.44335
  -8.731784  -8.844536  -7.741898  -8.023256  -8.55877   -8.868606
  -9.684956  -9.546046  -9.99949   -9.768534  -7.505142  -7.926512
  -6.594832  -9.281102  -8.77975  -10.16827   -9.79736   -8.235536
 -11.1476   -10.734408 -10.91096  -10.266348  -9.823228 -11.345554
 -11.32218  -11.942084 -11.76037  -11.44601  -10.988216 -11.027134
  -9.730892  -9.8281    -9.042316 -10.232882 -10.50496   -8.808054
  -9.273156  -9.271126  -9.6483   -13.499268 -13.209442 -11.036588
 -12.78842  -13.588704 -12.86266  -12.463794 -12.511586 -12.145838
 -12.731    -13.100808 -12.597252 -12.94415  -13.194942 -12.543544
 -12.93777  -12.969554 -13.391794 -11.920276 -12.812896 -11.655158
 -12.91051  -11.241966 -13.853242 -13.465222]"
1518,"[ -9.366478  -9.00711   -9.657638  -9.193522  -9.528704  -9.751192
  -9.086512  -9.80606   -9.10948   -8.890994  -9.842078  -9.405164
  -8.985824  -9.290788  -9.520236  -9.502604  -9.65642   -9.697194
  -9.604452  -9.455856  -9.277622  -9.580846  -9.784194  -9.329764
  -8.974862  -9.118876  -9.543088  -9.34699  -10.063754  -9.34177
  -9.572726  -9.835756  -9.997808  -9.740288  -9.562286  -9.936328
  -9.679968  -9.971882  -9.51316   -9.633626  -9.960456  -9.32814
  -9.449012  -9.24665   -9.533344  -9.346584  -9.73878   -9.424304
  -9.394492  -9.357894  -9.373554  -9.431438  -9.67469   -9.677358
  -9.628522  -9.566868  -9.819574  -9.43776   -9.781468  -9.893118
  -9.634438  -9.582006  -9.626202  -9.740462  -9.582586  -9.510608
  -9.464092  -9.680548  -9.610542  -9.615124  -9.373322  -9.75792
  -9.785702  -9.47894   -9.50562   -9.781178  -9.55289   -9.363636
  -9.542856  -9.53375   -9.552252  -9.556776  -9.208138  -9.20808
  -9.526326  -9.818124  -9.43051   -9.624868  -9.882852 -10.100294
  -9.890392  -9.668484  -9.925134  -9.001484 -10.104354 -10.40056
 -10.754128  -8.47554   -8.931884  -8.638868  -9.400756  -9.37048
  -9.440718  -9.639542  -9.65932   -9.561416  -9.478186  -9.038604
  -9.320832  -9.555616  -9.32205   -9.151182  -9.489322  -9.755078
  -9.67527   -8.45785   -9.337884  -9.226872  -9.482884  -9.576902
  -9.722076  -9.615472  -9.211966  -9.676488  -9.625564  -9.555964
  -9.272054  -9.912432 -10.046528  -9.013664  -9.017782  -9.79794
  -9.499298  -9.297458  -9.683912  -9.7266    -9.010764  -9.235514
  -9.934878  -9.569652  -9.321238  -9.445764  -9.630842  -9.231802
  -9.414096  -9.814354 -10.029012  -9.927164  -9.583398  -9.782512
  -9.82114   -9.68861   -9.586936  -8.965698  -9.116034  -9.68194
  -9.543784  -9.295602  -9.113018  -9.69818   -9.598478  -9.424942
  -9.626318  -9.496862  -9.23215   -9.367638  -9.414328  -9.152226
  -9.570232  -9.93134   -9.512174  -9.652592  -9.408412  -9.228496
  -9.40731   -9.487002  -9.31712   -9.367348  -9.42094   -7.721018
  -9.338986 -10.585754  -9.416938  -8.593512  -8.427632  -9.431438
  -8.978574  -9.315496  -9.839294  -9.597318  -9.25245   -9.51548
  -9.957614  -8.920922  -8.96419   -9.05206   -9.740694  -9.596796
  -9.65758   -9.498196  -8.933798  -8.858514  -9.590126  -9.653926
  -9.505736  -9.90437   -9.571856  -9.511188  -9.567796  -9.757572
  -9.360214  -9.596854  -9.163246  -9.678866  -9.951872  -9.426682
  -9.434048  -9.040982  -9.81969   -9.936212  -9.424536  -9.574582
  -9.647372  -9.472908  -9.519366  -9.427088  -9.545408  -9.56884
  -9.015694  -9.73327   -9.79678   -9.623766  -9.50301   -9.97716
  -9.633278  -9.456262  -9.521744  -9.534098  -9.809366  -9.533054
 -10.02617   -8.988724  -9.562982  -9.28087   -9.671442  -9.294384
  -9.482478  -9.102926  -9.593432  -9.766098  -9.716624  -9.871484
  -9.38527   -9.086802  -9.281856  -9.522034  -8.614682  -9.682636
  -9.978088  -9.589314  -9.683564  -9.433584  -9.628     -9.814122
  -9.574234  -9.156344  -9.589778  -9.914636  -9.781352  -9.697426
  -9.540826  -9.697658  -9.74168   -9.652128  -9.43283   -9.524006
  -9.422332  -9.515016  -9.578062  -9.297632  -9.802522  -9.84289
  -9.79736   -9.612224  -9.433062  -9.01117   -9.548656  -9.79214
  -9.216954  -9.711172 -10.079472  -9.755136  -9.264862  -9.589314
  -9.555906  -9.58276   -9.828158  -9.61002   -9.720046  -9.909358
 -10.085156  -8.972078  -9.373786  -9.918464  -9.541928  -9.081292
  -9.295254  -9.05177   -9.102462  -9.422564  -9.51809   -9.147354
  -9.713144  -9.954192  -9.894742  -9.610484  -9.50359   -9.63844
  -9.540072  -9.345656  -9.399306  -9.7324    -9.404352  -9.225712
  -9.51838   -9.557298  -9.91568   -9.208486  -9.795678  -9.524238
  -9.680722  -9.805538  -9.590068  -9.919624  -9.69789   -9.549352
  -9.540188  -9.957788  -9.330112  -9.328024  -9.382138  -9.689712
  -9.493904  -9.698702  -9.678228  -9.72167   -9.670804  -9.271358
  -9.774856  -9.370074  -9.596506  -9.538448  -9.64424   -9.664482
  -9.535954  -9.163942  -9.370364  -8.970512  -9.999548  -9.797998
  -9.430394  -9.596448  -9.730138  -9.017434  -9.77068  -10.176332
  -9.587342  -9.181922  -9.505272  -9.529806  -9.7469    -9.784832
  -9.72863   -9.69296   -9.300474  -9.931398  -9.937024  -9.341944
  -9.299082  -9.334114  -9.218694  -9.294094  -9.86841   -9.938474
 -10.098844 -10.187468  -9.702066  -9.589836  -9.441878  -9.578874
  -9.332316  -9.549352  -9.601784 -10.035856  -9.58537   -9.335158
  -9.858086  -9.456842  -9.266196  -9.809772]"
1519,"[ -7.888464  -9.050436  -8.13856   -8.841868 -10.007378 -10.500088
 -10.400966 -10.947036 -10.325682 -10.758652 -10.751286 -10.150232
 -10.22424  -10.02269  -10.205274 -10.177434 -10.630182 -10.523636
 -10.40752   -9.75299  -10.271452  -9.989224 -10.00065  -10.26832
 -10.433272 -10.6227    -9.754266 -10.698564 -10.56847  -10.548054
  -9.421114  -9.907734 -10.022806 -10.090434 -11.0432   -10.421904
 -10.558726 -10.231722 -10.172852  -9.5236   -10.21032  -10.10795
  -9.836858  -9.167016  -8.812636  -9.16661   -9.26753   -9.183256
  -9.129316  -7.973666  -7.154358  -6.804212  -7.786268  -8.162688
  -7.698572]"
1520,"[ -9.57145  -10.763814  -9.981046  -8.301076 -10.931956  -7.75083
  -7.175064  -9.953438  -9.33916  -10.078544 -10.26513  -10.127902
 -10.178362 -10.310022 -10.101164 -10.13637   -9.298676  -9.663322
  -9.25187   -6.068656  -7.687726  -8.246788  -9.524238 -10.042468
 -10.510354 -10.664866  -9.679736 -10.250804  -9.214924  -9.5091
 -10.064218  -9.225828  -9.843992  -8.968192  -9.139118  -9.66628
  -9.351282  -8.57675   -8.481224  -8.66491   -9.013432  -9.141844
  -8.778474  -9.289048  -9.166668  -9.398842  -9.430916  -9.32437
  -9.285974  -9.212256  -8.883686  -9.231106  -9.221304  -9.489786
  -9.255698 -10.051922  -9.30523   -9.303606  -9.231396  -9.607062
  -9.779264  -9.074622  -9.222464  -9.4859    -9.983482  -9.566404
  -9.01175  -10.479788 -10.07837   -9.148166  -9.018014 -10.565338
  -8.866808  -9.242938  -9.273446  -9.327792  -8.919008  -9.274954
  -9.45487   -9.40702   -8.747966  -9.274026  -9.233716  -9.080248
  -9.576438  -9.45371   -9.565534 -10.477004 -10.099772  -9.539898
  -8.408086  -9.50011   -9.818356  -8.808112  -9.54999  -10.105514
  -9.196654  -8.694432  -9.256394  -8.916804  -9.538448  -9.695628
  -9.65555   -9.150254  -9.248042  -9.409514  -9.417982  -9.087092
  -9.509912  -8.703422  -9.35772   -9.258308  -9.464382  -8.890762
  -9.245896  -8.974862  -9.2017    -9.279652  -9.472096  -9.266776
  -9.635192  -9.39745   -9.077638 -10.470044 -10.123204  -9.496108
  -9.020392  -9.501154  -9.001426  -9.415778  -9.386836  -9.622664
  -9.361664  -9.386894  -8.877132  -9.347106  -9.468848  -9.216374
  -9.135464  -9.310914  -8.741412  -9.081698  -5.59091 ]"
1521,"[-8.272366 -9.14544  -9.030194 -8.393818 -8.654586 -9.12369  -8.919762
 -9.319208 -8.986056 -9.064878 -9.32785  -8.046224 -8.591714 -7.667948
 -8.260302 -7.477708 -8.73335  -8.42392  -8.125974 -9.607932 -8.397878
 -9.217766 -8.31169  -8.876146 -9.383182 -9.113772 -9.24346  -7.724788
 -8.59096  -8.813796 -7.871818 -9.075028 -8.931826 -8.492418 -8.864836
 -8.591598 -8.304324 -8.049704 -8.61271  -8.704002 -8.456516 -8.01444
 -9.51693  -8.772152 -8.386336 -9.277448 -9.122356 -9.112844 -9.464614
 -7.282306 -8.558538 -7.789226 -9.28696  -7.99849  -8.095466 -8.247252
 -8.795294 -8.151552 -8.903986 -8.648844 -8.182176 -8.744544 -8.683006
 -8.404142 -8.53586  -7.73285  -7.791604 -6.93129  -6.467174 -7.798912]"
1522,"[-10.247962  -8.87313   -9.13181   -9.62162  -10.178014  -8.562772
  -9.74632   -8.926664  -6.779968  -9.0596    -9.507824 -10.369588
  -7.267806  -8.047442  -8.62808  -10.90719   -5.999172]"
1523,"[ -8.177652  -8.634808  -8.750402  -8.303048  -8.419686  -8.6246
  -8.528958 -11.025046 -10.307992 -11.43151  -10.56412   -8.37781
  -6.897882  -8.24615   -8.220282  -8.12667 ]"
1524,"[ -9.238588  -9.029614  -8.4216    -8.667926  -8.729638  -8.52977
  -7.706112  -9.008966  -8.429024  -8.188962  -9.192072  -8.533424
  -9.760182  -8.774124  -9.364564  -8.612942  -8.364586  -9.242822
  -9.1524    -8.948124  -8.555464  -8.551056  -8.591366  -9.636062
  -8.499204  -9.756934  -7.995996  -8.440276  -9.401452  -8.663286
  -9.211734  -9.004848  -8.924286  -9.36816   -8.788856  -7.361708
  -9.543088  -8.701044  -8.496014  -9.541058  -8.627094  -9.235804
  -8.785608  -8.941918  -8.65273   -8.753592  -8.943136  -8.941106
  -9.675386  -8.614044  -9.525166  -8.257692  -9.183662  -9.638556
  -8.616654  -9.392114  -8.61358   -8.722156  -9.628     -8.113098
  -9.5439    -8.696578  -9.01436   -9.500574  -8.094828  -9.871426
  -8.735612  -8.524086  -8.193196  -9.972404  -9.823286  -9.000962
  -8.34562   -9.404932  -9.039706  -9.189636  -8.122726  -8.8305
  -9.323906  -8.407274  -8.669492  -8.115302  -9.297748  -8.712992
 -10.212292  -8.803936  -8.519156 -10.092812  -8.576808  -8.888732
  -8.320912  -9.65526   -8.827136  -9.428828  -8.419338  -9.246128
  -9.017144  -9.451912  -8.939888  -8.651222  -9.04742   -8.058172
  -9.088252  -8.77888   -8.767338  -8.690314  -9.018478  -8.24586
  -9.068938  -7.97297   -9.355458  -8.570718  -9.137204  -9.092602
  -8.673552  -9.000324  -8.669666  -9.62307   -8.588756  -8.713978
  -8.981996  -9.3351    -8.872492  -9.245374  -9.142482  -8.736598
  -9.213184  -8.68521  -10.466216 -10.200518  -9.94352   -9.833088
  -9.633046 -10.067756  -9.030252 -10.366224  -7.876052  -9.60393
  -9.660016  -7.62961   -6.146608  -7.266878  -8.273758  -5.885782]"
1525,"[-9.4482   -7.467906 -6.077356 -6.866214 -7.178776 -8.924054 -9.030484
 -9.143004 -9.5961   -9.924612 -9.760994 -9.801362 -9.431322 -9.88726
 -9.641398 -9.06743  -9.78228  -8.644668 -9.370422 -9.300822 -9.57406
 -9.453826 -9.2684   -9.902746 -9.296936 -9.27072  -9.436716 -9.584848
 -9.476098 -9.378136 -9.499936 -9.547496 -9.796316 -8.958158 -8.827252
 -8.479194 -9.695164 -9.20489  -8.507266 -8.896852 -9.783672 -9.070156
 -9.18285  -8.852772 -9.85391  -9.19822  -9.569768 -9.567564 -9.727296
 -9.226292 -8.415278 -9.483696 -9.05467  -9.175542 -9.64018  -9.117774
 -9.575742 -9.206282 -9.920436 -9.26173  -9.445764 -9.21765  -7.647474
 -6.972818 -6.498204]"
1526,"[-10.66301  -10.28659  -10.531234 -10.188106 -10.663764 -10.2689
 -11.206818 -10.901622 -10.197966 -10.414596 -10.295812 -10.474394
  -9.892016 -10.079066  -9.5062    -9.365724 -10.575082 -10.705408
 -10.927374 -10.249644 -10.276904 -10.73116  -10.285952 -10.243844
  -9.673414  -8.087752 -10.258112  -7.296284]"
1527,"[ -8.027954  -8.899868  -8.377868 -10.09693   -8.548272  -9.241662
  -5.970056]"
1528,"[ -9.70746   -9.040924 -10.021472 -10.476946  -9.05873  -10.41042
  -9.962544  -8.072614  -8.058694  -8.034218  -6.732292  -5.105682]"
1529,"[-12.219034 -12.139168 -10.68969  -11.55157  -11.507548 -12.81017
 -10.916818 -12.739932 -12.688196 -10.592366 -10.845594 -10.563134
 -10.83208  -12.378708 -12.91022  -11.55331  -12.832558 -12.416176
 -11.653708 -12.23887  -11.801492 -11.44833  -12.308876 -11.810018
 -12.268102 -12.710584 -10.70941  -11.913548 -10.503626  -9.55666
  -7.454334  -9.049566  -8.831544  -9.80809   -8.421368  -8.772732
  -9.140916  -9.478244  -9.282668  -9.317294  -8.215352  -7.375512
  -6.744182  -7.018116  -7.980046  -9.51258   -7.768984  -8.705278
  -9.793184  -9.04452   -7.79375   -7.832378  -7.163348  -9.121196
  -6.393978  -7.6096    -8.671812  -9.892364  -8.852424  -8.248238
 -10.772746 -11.380528 -10.75755   -7.379456  -6.137734  -7.141366
  -7.568942  -9.749568  -9.030078  -8.93954   -9.290092  -9.847588
 -10.502698  -9.270836  -8.396486  -9.74951  -10.244018 -10.136312
  -9.22287  -10.14246  -10.652686  -9.75937   -8.58864   -8.66056
  -8.378796  -9.725034  -9.559328  -9.592098  -9.431554 -10.01109
  -9.76778   -8.660676  -7.752396  -9.324022  -8.33982   -9.022828
  -9.486248  -9.506664  -7.21404   -7.480608 -10.410304  -7.719394
  -8.006204  -8.1693    -8.29168   -7.434266  -7.53072   -5.76752
  -5.884912  -6.565368  -6.665128]"
1530,"[-11.52489  -10.905566 -11.399784 -11.1186   -11.156996 -10.81729
 -11.561082 -11.715014 -10.619046 -10.556812 -10.841998 -11.152936
 -10.072744 -11.312204  -9.631364 -10.169372 -10.471668 -11.283494
  -9.449128 -10.0108   -11.139306 -11.388242 -11.208152 -12.011916
 -11.14296  -11.001034 -11.379252 -10.881786 -10.177898  -9.773348
 -10.50583   -8.979096 -11.443516 -10.177376 -10.03661  -11.379078
 -11.037516 -10.400734 -11.944172 -11.365506 -11.034326 -11.701442
 -10.31907   -9.523194  -8.572226]"
1531,"[ -9.845964 -10.457806  -9.869512  -9.98876  -10.426022 -10.245004
 -10.38258  -10.273134 -10.644624 -10.647002 -10.309906  -8.35635
  -6.505802  -7.32076   -7.524398  -8.770354  -8.379144  -9.058324
  -8.551056  -8.97782   -9.769288  -8.46974   -7.87988   -9.216664
  -8.491026  -8.231998  -6.662866  -6.862212  -6.562526  -6.961044
  -7.14531   -6.66246   -7.736562  -8.254676  -7.414894 -10.03342
 -12.734074 -11.364346  -8.03938   -7.867526  -8.13479   -8.675176
  -9.299662  -8.739962  -7.862422  -8.057476  -7.309566  -7.008778
  -8.466724  -9.69934   -9.870672 -10.278992  -9.624868  -9.641572
  -9.37164   -7.774552  -9.135348  -9.466296  -9.749858  -9.557878
 -10.063058 -10.651004  -9.198626  -9.827868  -8.933914  -7.46837
  -9.244504  -8.449962  -8.596064  -8.403852  -8.612536  -9.343568
  -9.397044 -10.280732  -9.993864  -9.901702  -9.833088  -9.793474
  -9.760588  -9.685246  -9.831696 -10.110154 -10.615682 -10.44261
 -10.31791  -10.223022  -9.902166 -10.298074  -8.810896 -10.436288
  -9.88088   -9.61002   -8.817218  -9.728456  -9.44762   -9.926236
 -10.122508 -10.840316 -10.680526 -12.104832 -10.169256  -9.994966
 -10.166762 -10.51018  -10.122566  -9.50649  -10.229634 -10.130396
  -8.932754 -10.444698 -11.03595   -7.943042 -10.556522  -9.758152
 -10.082372 -10.235782 -10.042236  -9.754788 -10.140778 -10.392382
 -10.41129  -11.094008 -10.298422  -9.972288 -10.398646 -10.556116
 -10.134862 -10.45682  -10.3385    -9.87682  -10.181436  -9.599406
  -9.184242  -9.662974  -9.58914   -9.879778  -9.474764  -9.87421
 -11.091108  -9.756876 -10.598108 -10.339544 -10.277774 -10.114794
 -10.367964 -11.045056  -7.414546  -7.00437   -8.469972  -7.865728
  -7.103492  -7.855346  -8.491432  -8.049994  -8.581854  -8.264304
  -8.562134  -9.284002  -8.579592  -9.297864 -11.526224 -11.027018
 -10.02791  -11.494266 -10.991116 -11.123646 -11.087802  -9.854838
  -8.54224   -6.4641    -6.723476  -9.767258 -11.03856  -10.13927
  -9.600218 -11.204846  -9.758326 -10.87355  -10.116998 -11.14151
 -11.60696  -11.445198 -11.494614 -11.117382 -10.917282 -10.715326
 -10.095712 -10.613072 -11.408426 -11.104216 -10.998134 -10.78655
 -11.126082 -10.827498 -11.134666 -11.498094 -11.0867   -10.478454
 -10.070018 -10.636156 -10.52062  -11.297936 -11.027598 -10.808358
 -11.44601  -11.114714 -11.018202 -11.343292 -11.03537  -10.721532
 -10.984214 -10.942396 -11.21372  -11.31319  -10.847276 -10.999004
 -10.749952 -11.140002 -11.149746 -11.259076 -10.95069  -11.14383
 -11.090876 -10.89907  -11.051088 -10.884338 -10.993088 -11.183908
 -10.99709  -10.30573  -11.378788 -10.893328 -11.044128 -11.15079
 -11.042504 -10.857948 -11.39758  -10.931492 -11.32595  -10.044962
 -10.805516  -8.052604  -7.648286  -7.222682 -11.30275  -10.258982
 -10.66881  -10.871578 -11.382848 -11.173584 -10.702334 -11.181008
 -10.963218 -10.979284 -11.101664 -11.125908 -10.91763  -10.22308
 -10.630646 -11.28361  -10.5676   -11.077942  -9.192304 -10.261708
  -9.880764 -10.2022   -10.846812 -10.880104 -11.152414 -10.738294
 -10.156264  -8.852424  -9.410442  -6.606606  -6.296712  -8.209088
  -9.905472 -10.573632 -11.594026 -10.514936  -9.569072 -10.39447
 -10.98375  -11.218302 -10.342676 -10.61052  -11.399958 -10.62444
  -9.841962 -11.18414  -10.878364 -10.669564  -9.946362 -11.131186
 -11.237848 -10.61226  -10.106964  -9.892422 -10.25556  -10.194718
  -8.853758  -8.105326  -8.744776  -9.7121    -8.723374 -10.950516
  -7.709534  -7.548816  -7.75808   -9.781758 -10.439826  -9.081292
  -8.243308  -7.3515    -7.311654  -7.295762  -8.984838  -7.774378
  -8.357916  -9.077812  -8.150856  -8.697332  -9.401278  -8.802196
  -9.518496  -9.522382  -9.466992  -7.579614  -7.473996  -7.253016
  -7.743116  -8.08607   -7.3718    -7.317512  -7.559836  -7.386648
  -7.421158  -6.073586  -8.446424 -10.325914  -9.581484  -9.767026
  -9.264804  -9.61553  -10.017122 -10.59834  -10.988912 -10.026518
 -11.319106  -9.750264  -9.622142 -10.202316  -9.62742   -9.474706
  -9.516988  -9.053916  -9.557124  -8.55326   -8.928636  -9.34873
  -9.90118   -9.498834  -9.493614  -9.636758 -10.012018  -9.038198
 -10.52845   -8.223994  -8.759856 -11.179442  -9.344322  -8.687704
  -8.18467   -8.690082 -10.826802  -9.374366 -10.928882  -8.7377
  -9.461424  -9.322514  -9.921248  -9.612398  -9.414618 -10.85905
  -9.742898  -9.34786   -7.129302  -7.98022   -9.241488  -9.31712
  -7.88568   -7.572944  -8.598268  -7.157664  -8.96158   -7.665744
  -8.69101   -9.076536  -9.21765   -8.91112 ]"
1532,"[-11.370436 -11.119528 -10.629254 -10.55832   -9.807452  -9.207268
  -9.164406  -8.957636  -7.67456   -8.03358   -8.226662  -7.982308
  -8.260882  -6.678468  -7.47446   -7.80883   -6.979836  -7.576366
  -8.394398  -9.30088   -9.065168  -7.95934  -11.136348 -10.61632
 -11.24359  -10.709932 -11.205832  -9.752352  -9.219332]"
1533,"[-10.208928 -10.121    -10.136196 -10.23091   -9.7846    -9.541058
 -10.682034  -9.544596 -10.857426  -9.16777  -10.141068 -10.584188
 -10.118738 -10.267392 -10.609476  -9.636468 -10.35619   -9.800202
  -7.746016  -8.870056  -8.981242  -9.627362  -9.281334  -9.916434
 -10.419642  -8.010438  -9.857738  -9.945318 -10.391512  -9.82665
  -9.705024  -9.761632  -9.617908  -9.69847  -10.269944 -10.826454
 -11.982974 -10.662082  -6.803864  -5.567478  -6.29706   -6.222646
  -5.063516]"
1534,"[ -7.237414  -8.020588  -8.459648  -8.395848  -8.457618  -7.993328
  -8.81281   -9.255582  -8.45582   -8.542936  -7.348252  -7.933704
  -6.913832  -6.64158  -10.293898  -9.281102  -8.341676  -7.730182
  -6.086404  -7.651998  -8.76554   -7.907836  -7.393086  -6.725158
  -6.397284  -8.372416  -8.909844  -9.725614 -10.907712 -10.234912
  -9.596332  -8.935248  -6.26371   -7.230512  -8.507266  -9.38875
  -8.230896  -8.22382   -9.273794 -11.452216 -10.618988 -10.774138
 -10.968612  -9.725498  -8.723664  -9.174382  -8.18612   -8.816116
  -8.90793   -7.918682  -7.792126  -7.011678  -9.240966  -8.367312
  -8.016122  -7.103898  -7.647242  -8.66317   -9.298154  -9.249492
  -7.87988   -9.580846  -9.515074  -9.340726  -9.569478  -9.732574
  -9.607062  -9.386604  -9.017086  -9.181806  -8.53122   -7.971636
  -9.583108  -9.424594  -9.289338 -11.195218  -9.656072 -10.75494
 -11.333606 -11.323746 -10.676408 -10.689168  -9.177224  -9.060006
 -10.637954  -9.643718 -10.403228  -9.609382 -11.125734 -10.825062
 -11.124284 -10.767584 -10.075238 -10.923778  -9.137262  -9.303838
  -9.011634  -9.578816  -9.77155   -8.68463   -8.267378  -8.936698
  -8.522984  -6.746734  -8.012758  -7.483044  -7.702168  -9.74487
  -9.361258  -9.473256  -8.620888  -9.319904  -8.304498  -9.967938
 -10.054358  -8.597456  -9.261092  -9.495644  -8.525884  -8.362382
  -7.204354  -5.480072  -6.309704  -9.111394  -9.968054  -9.347628
  -9.203672 -11.961398  -9.2684    -8.928926  -9.058556  -9.687624
  -9.416764 -10.069786  -9.575684  -9.84579   -9.815978  -8.555696
  -9.796432  -8.081082  -6.31823   -6.558756  -8.831834  -9.168002
  -9.252218  -8.606446  -9.639948  -9.735474  -9.564954  -9.164522
 -10.277484  -8.2592    -9.451042  -8.12174   -9.431612  -9.271764
  -7.709824  -7.40428   -7.286424  -5.906836  -6.307964  -9.188186
  -8.30125   -9.477374  -9.234934  -9.531314 -10.478106 -10.553912
 -10.323768 -10.240538 -11.08612  -10.205506 -10.838808 -10.40201
 -11.222188 -10.878132 -10.971686 -11.133216 -11.335462 -11.07858
 -11.409992 -11.490496 -10.961942 -11.45123  -10.325276 -11.477098
 -11.31058  -10.662662 -10.626818  -9.859362  -7.667832  -5.847618
  -5.456524  -7.290426  -7.554152  -6.501278  -6.740064  -7.570334
  -7.770318  -6.892546  -6.27734   -7.125242  -9.140046  -7.114802
  -8.037698  -7.953076  -6.150378  -9.076478]"
1535,"[-10.992798 -10.7213   -11.176136 -10.908292 -10.721648 -10.86775
 -10.707148 -11.280884 -11.175324 -11.01014  -10.916876 -11.32044
 -10.660922 -10.889442 -10.574966 -10.68534  -10.752678 -10.2776
 -10.62502  -10.304048 -10.665388 -10.847972 -11.045172 -11.04755
 -10.57746   -9.596854  -9.653868 -10.337746 -10.651004 -10.19814
 -10.31907  -10.515342 -10.309326  -9.750438  -9.644124  -8.504366
 -10.12564  -10.44986  -10.668868  -7.759878  -7.458104  -9.49866
  -8.479658  -7.804596  -9.639542 -10.02008  -10.319128 -10.039336
 -10.31008  -10.24425   -8.96042   -6.802124]"
1536,"[-11.439166 -11.176368 -11.770172 -11.38366  -11.646052 -11.374728
 -11.338014 -11.40918  -11.647386 -11.642108 -11.137856 -10.89907
 -11.463526 -11.257626 -11.434584  -9.792836 -10.751866 -11.2984
 -10.38229  -10.679656 -10.136718  -8.958622  -9.285568  -9.362882
  -9.498776 -10.318954  -9.857854  -7.862886  -9.38208   -9.67266
 -10.026808  -8.748024  -9.64134  -10.022168  -8.42914   -5.459714
  -5.337508  -7.836032  -7.050538  -8.766178  -7.76185   -8.417192
  -8.827484  -8.155322  -7.369712  -8.055968  -7.605598  -8.067684
  -5.474852  -5.952656  -6.764308  -6.425472]"
1537,"[-10.50757   -9.877052 -10.257126  -9.113772  -9.012968  -9.85478
  -7.911664  -9.038372  -7.612732]"
1538,"[ -9.352152  -9.80954   -7.573118  -7.046188  -8.873362  -8.249166
  -6.365326  -7.878952  -9.254074  -9.88117  -10.25759   -9.76778
  -9.754904  -8.367138 -10.785912  -8.48337   -8.222602  -7.062138
  -8.555406  -9.311552  -9.277506  -8.944934  -9.11905  -10.463316
  -9.45719  -11.010662  -9.983714  -9.40006   -9.024104 -11.536548
  -9.119514 -10.95852  -10.322028 -11.69686  -10.826338 -10.299118
  -9.640702  -8.932174  -8.662822  -8.87893  -10.579838  -9.932094
 -10.40752   -9.894684 -10.38432  -10.777618  -9.880648  -9.947696
  -9.011228  -9.153386  -7.738244  -5.082366]"
1539,[-10.023502  -5.318658]
1540,"[ -9.169394 -11.03653  -11.464222  -8.574024 -10.934102 -11.060542
 -10.83411   -9.609382  -7.208298  -7.913404  -6.249152  -5.236878
  -6.298336  -7.387634  -6.77585   -7.385256  -8.15828   -6.280066
  -7.169322  -7.961486  -7.70994   -9.051596  -8.532902  -8.165762
  -9.114874  -8.60488   -8.241452  -8.713108  -7.347904  -7.047174
  -8.635272  -9.2481    -9.367116  -9.060992  -8.614972  -9.252276
  -8.01038   -8.895692  -9.808148  -8.89517   -8.803066  -9.422216
  -9.573422  -8.271322  -7.5951    -7.751758  -8.25369   -8.565266
  -8.343416  -8.498624  -7.72328   -5.83683   -5.982352  -8.07012
  -9.743188  -8.576634  -5.123024]"
1541,"[ -8.852482  -9.363172  -8.384712  -8.233854  -8.657602  -9.731762
 -10.75755   -9.843122  -7.555022  -7.542668  -8.974456  -8.635446
  -7.747408 -10.140024  -7.45764   -8.931594  -7.904704  -6.24979
  -5.410994  -6.204376  -9.720974  -8.350782  -8.474496  -8.232114
  -8.452282  -8.242206  -9.179312  -8.607316  -8.505004  -8.590322
  -9.05467   -9.123806  -8.997888  -8.995278  -7.704836  -8.428966
  -7.78708   -8.795758  -8.775748  -9.119108  -9.29508   -9.27246
  -8.941454  -8.878002  -9.313524  -9.142888  -8.960884  -8.803066
  -9.027816  -8.8508    -9.076188  -9.012562  -9.181168  -8.428734
  -8.206014  -9.453942  -9.269212  -8.813738  -8.245802  -9.447562
  -8.903696  -9.11412   -9.18517   -8.937916  -5.968258]"
1542,"[-9.13906  -8.788566 -8.89778  -9.88813  -9.905994 -9.079262 -7.630422
 -9.123052 -6.511892]"
1543,"[ -8.6855    -8.273352  -9.10948   -8.674422  -8.770876  -8.850742
  -8.359308  -9.338348 -10.169894  -9.135696 -10.18074   -9.387358
 -10.639462  -9.672718 -10.881554 -10.784056  -9.404642 -10.765496
  -9.324196 -10.28108  -10.067466  -9.56855  -10.65025   -9.320426
  -6.475062  -5.724484]"
1544,"[ -8.619032  -7.97442   -8.758058  -9.20692   -9.371814  -9.386024
  -9.310334  -8.176144  -8.466318  -8.957984  -8.4245    -8.394456
  -8.807938  -8.307804  -8.738048  -8.053764  -8.852946  -8.550998
  -8.517416  -8.734742  -8.740948  -7.341292  -9.861276  -9.60712
 -10.196922  -9.370306  -8.431344  -8.766642  -8.495666  -8.308906
  -8.641594  -8.625992  -9.13529   -8.776792  -8.509702  -8.40391
  -9.009198  -8.682774  -8.543052  -8.055736  -8.572574  -7.595216
  -8.742224  -8.336108  -8.886702  -8.677844  -8.263318  -8.782824
  -8.650584  -8.389178  -8.402808  -8.726622  -8.690372  -8.634924
  -8.738222  -8.827774  -8.6159    -8.675002  -9.02277   -8.643972
  -8.24992   -8.712412  -8.513994  -8.67593   -8.10666   -8.107066
  -8.085026  -9.055308  -8.28414   -9.412298  -8.00052   -8.36273
  -8.526696  -8.537542  -9.25129   -8.125684  -8.64548   -8.06432
  -8.610738  -8.541776  -7.463498  -8.37346   -8.413944  -8.55355
  -8.32097   -8.946616  -8.25659   -8.683064  -8.06664   -9.2075
  -9.197582  -8.387496  -8.623672  -8.141808  -8.855962  -9.234644
  -8.718502  -8.581448  -8.789204  -8.483892  -8.847842  -8.989594
  -9.597086  -8.923822  -8.48917   -9.034428  -9.170322  -9.410384
  -9.080422  -8.86733   -9.402032  -8.928984  -8.5347    -8.180146
  -9.646966  -9.377788  -8.887688  -7.024206  -8.230548  -7.340886
  -7.966822  -8.455936  -8.467594  -8.359946  -8.076036  -9.622316
  -9.56101   -9.82781   -9.877168  -9.875486  -9.939286  -8.783114
 -10.105746  -8.724244 -10.48698   -9.023466 -10.033304  -9.630958
  -9.760298  -8.994756  -9.21649   -8.789784  -8.823076  -9.343336
  -9.894046  -8.165008  -9.633568  -9.347338  -9.772652  -8.344054
  -8.84094   -9.357952  -9.130302  -8.407796  -9.651432  -8.543168
  -9.770796 -10.252776  -9.829144  -9.311726 -10.225574  -9.77648
  -8.91866  -10.451252  -9.77155   -9.737736  -8.982634  -8.962972
  -9.724512  -9.503764  -9.79011   -9.921538  -8.937046  -9.793242
  -9.413168 -10.02965  -10.25266   -9.063022  -9.066618  -8.550998
  -9.959412  -9.728572 -10.21757   -9.306042 -10.145418  -9.628928
  -9.210284  -9.943868  -9.433816  -9.564142 -10.068394  -9.235398
 -10.104412  -8.892038  -8.59618   -7.514248  -7.491338  -9.919508
  -9.061108  -9.804784 -10.452238 -10.412276  -9.82259  -10.68505
 -10.415582 -10.024082  -8.975036  -9.123806  -9.232788 -10.059346
  -9.949378 -10.240132 -10.313154  -9.455044  -9.058498 -10.03806
  -9.916608  -9.464324  -9.227974  -9.714246  -9.494252  -8.818088
 -10.333396  -9.85884  -10.028896 -10.32835   -9.491236  -9.673704
  -9.588618  -9.279072  -9.560488  -9.818646 -10.41564   -9.196306
  -9.67933   -9.070562  -8.98594   -8.913266  -5.564288]"
1545,"[ -8.157178  -6.621164  -7.951278  -8.658762  -8.911526  -8.092334
  -7.934516  -8.73277   -7.941418  -8.4071    -8.467536  -8.578142
  -8.075456  -9.729268  -8.653542  -8.97956   -8.532902  -7.42922
  -7.361824  -8.109908  -7.329576  -9.980988 -10.374924  -8.85312
  -8.099816  -7.775828  -8.539398  -7.610586  -7.815268  -8.544096
  -8.545546  -7.73836   -7.736214  -9.90524  -10.495912  -9.655318
 -10.467956  -8.945978  -9.07816   -9.868642  -9.957382 -10.160788
  -9.610078  -8.36998   -9.391128  -7.916014  -8.896736  -7.508216
  -7.614762  -8.129338  -8.399792  -9.153618 -10.221398  -9.792082
  -9.589024 -11.214764 -10.682266 -10.411406 -10.178536  -9.333708
  -9.566288  -8.456458  -9.98006   -9.405338  -9.866902 -11.22822
 -11.282914 -11.45587  -11.797838  -9.914404  -9.322688  -8.772036
  -8.004406  -9.533228 -10.990304  -9.253262  -8.409246  -9.427784
  -8.065654  -7.4327    -7.970128  -8.36824   -8.62228  -10.030926
  -8.434882  -7.394652  -8.448918  -9.401568  -6.552492  -6.604228]"
1546,"[ -9.56188   -8.64432   -8.46278   -8.61242   -7.374352  -7.507636
  -8.084504  -7.376904  -8.92359   -6.41422   -5.526704  -7.981902
  -6.560264  -9.078218  -7.849778  -9.64366   -8.854222  -9.457074
  -9.609498  -9.129258  -8.75887   -9.942766  -8.894126  -9.251696
  -9.344554 -10.213684  -9.02045   -9.275012 -10.09838   -9.55347
  -9.014534  -9.451448  -8.10231   -9.727412  -9.419606  -8.979386
  -9.634786  -9.816616  -8.9465    -6.792032]"
1547,[-5.215708]
1548,"[-10.066016  -9.124212  -8.981474  -9.749742  -9.744986  -8.560104
  -9.282436  -9.896772  -9.051712  -8.97173   -9.236152  -9.48387
  -9.526558 -10.227024  -9.534504  -9.219622  -9.358126  -8.902246
  -9.211328  -9.272518  -9.388344  -9.026598  -9.96498   -8.269872
  -8.826092 -10.675248  -9.122704  -8.072034  -9.111916  -7.790154
  -9.252682  -9.447852  -7.23666   -9.273388 -10.469928  -9.872238
  -8.645886  -7.658262  -9.211444 -10.106442 -10.791596  -9.067198
  -8.25021   -9.952858  -9.960456 -10.867866 -12.224486 -12.137022
 -11.50053  -11.243242 -12.597426 -13.103244 -12.937596 -13.048608
 -13.260424 -12.394194 -13.00099  -13.427116 -13.50559  -12.17594
 -13.059106 -13.146802 -13.237688 -11.601914 -11.784382 -12.42766
 -11.893074 -12.360844 -13.547466 -13.412268 -12.6295   -13.181486
 -12.698056 -13.696236 -13.783584 -13.235252 -12.918978 -13.360358
 -12.366818 -12.6411   -12.02282  -12.125422 -12.042946 -13.184038
 -13.017926 -11.384124  -9.950364 -10.433214 -11.53968  -11.678996
 -12.309746 -13.301546 -13.083466 -12.708322 -12.597774 -12.06284
 -12.473248 -12.200648 -11.671746 -12.906682 -11.809264 -12.56222
 -12.054024 -12.749502 -13.395912 -13.269472 -13.643688 -12.897808
 -12.080414 -12.739468 -12.192296 -12.9137   -12.293274 -12.192876
 -13.002556 -10.050762  -8.429778  -8.00719   -9.105826  -9.623186
 -10.359554 -10.354682  -9.387416  -8.889428  -9.062964  -8.216106
  -9.150022  -9.452144 -10.705582  -7.654202  -6.999962  -9.288468
  -7.54087   -9.878038 -10.755636 -10.525434  -8.919878  -7.968852
 -10.481992  -9.049508  -8.79947   -9.83941   -9.25593   -7.940084
  -6.924098  -6.69262   -8.985128  -8.169938  -9.528414  -8.611028
  -7.922046  -8.615378  -8.361744  -8.808634  -8.589684  -8.44683
  -8.377752  -9.08831   -6.936858  -6.016514  -9.63351  -10.036958
  -9.935516  -9.514842  -9.454986  -9.807626  -9.458524  -9.806002
  -9.274722  -9.86058   -8.415684  -8.52687   -7.218448  -8.50599
  -7.667426  -8.188498  -8.805444  -9.26057   -9.745276  -9.027236
  -8.844826  -8.694954  -8.11855   -9.085468  -9.285278  -8.916108
  -9.445764  -9.176876  -8.429952  -9.473778  -8.205144  -9.601784
  -9.000208  -9.70369   -8.207174  -9.350122  -9.52215   -9.425986
  -8.939192  -9.499762  -9.654564  -9.559502  -9.658798  -9.47459
  -9.718538  -9.82317   -8.87603   -9.921364  -9.219042  -9.222464
 -10.102092  -9.029556  -9.058962  -9.578236  -8.709512  -9.459278
  -9.62162  -10.19582  -10.232302  -9.651664  -9.974028 -10.67171
  -9.496572  -9.076884 -10.486806  -9.404526  -9.514784  -9.318338
  -8.842332  -9.300474  -9.316598  -9.573306  -8.981706 -10.6082
  -8.9291    -9.547728  -9.742434  -9.940794 -10.255328 -10.179754
  -9.474242 -10.027156  -9.173164  -9.12456   -9.444894 -10.033942
 -10.322724  -9.550338 -10.309674  -9.623998  -9.387358 -10.203534
  -9.890334  -9.971882  -8.914948  -9.070794  -9.814122 -10.078196
  -9.224494  -9.514668 -10.963624  -9.84492   -9.434454 -10.630472
  -9.805364 -10.655354  -8.14494 ]"
1549,"[-12.757912 -13.036312 -12.873738 -12.044048 -12.425688 -12.135166
 -11.47095  -11.595244 -12.549634 -12.575096 -12.677756 -12.95459
 -12.724388 -12.797526 -12.79741  -12.90268  -12.85425  -12.662618
 -13.04594  -12.432648 -12.596324 -12.666214 -12.706118 -12.791378
 -13.11351  -12.71534  -12.763132 -12.561002 -12.932898 -12.78204
 -13.057772 -12.620046 -12.794394 -12.462576 -12.6353   -12.831862
 -12.836328 -12.87977  -12.668824 -12.726418 -12.812432 -12.211088
 -12.390018 -11.513406 -12.55033  -12.461532 -12.62805  -12.761972
 -12.579968 -12.804486 -13.120934 -12.480672 -12.710294 -12.542036
 -12.487284 -12.907668 -12.633154 -12.722996 -12.785172 -12.449004
 -12.973498 -12.374242 -12.902042 -12.715688 -12.794684 -12.192992
 -12.805878 -12.366412 -12.073106 -12.373372 -12.881974 -12.507526
 -13.010792 -12.645276 -12.64139  -12.511064 -12.24496  -12.022762
 -11.811758 -12.291244 -12.617204 -12.283704 -12.893168 -12.80814
 -12.600326 -12.754432 -12.906798 -13.197146 -12.621728 -12.846536
 -12.929766 -12.370704 -12.482064 -12.374474 -12.800658 -12.77595
 -12.621438 -12.745326 -12.649452 -12.789174 -12.891776 -12.754084
 -12.471972 -12.972396 -12.74695  -12.769106 -12.64545  -12.660182
 -12.777864 -12.698056 -12.66517  -12.961782 -13.162636 -13.073954
 -12.671028 -12.8238   -12.873854 -12.431952 -12.166254 -12.946702
 -12.895894 -12.978196 -13.11206  -12.786622 -12.117708 -12.239798
 -12.947224 -12.928548 -12.943976 -12.921472 -12.9717   -12.742194
 -12.596034 -13.041068 -12.796598 -12.637156 -12.757796 -12.441754
 -13.01317  -12.925532 -12.467506 -12.729028 -12.812374 -12.31978
 -13.003774 -12.68895  -12.38126  -12.623758 -12.627876 -12.747472
 -13.146976 -12.59586  -12.824728 -12.83163  -12.5106   -12.412174
 -13.165014 -11.991906 -12.540818 -12.65618  -12.80205  -12.956504
 -12.756636 -12.980052 -13.035094 -12.58165  -12.706466 -12.812954
 -12.919848 -12.664474 -12.96155  -12.725374 -12.924778 -12.931738
 -12.921588 -12.631762 -12.56831  -12.874086 -12.396224 -12.3221
 -11.564156 -12.722068 -12.718646 -12.728622 -12.663836 -12.85019
 -12.58977  -11.80793  -12.909582 -12.496042 -12.264158 -12.45608
 -12.596266 -12.673058 -12.093406 -11.846326 -12.957954 -12.757796
 -12.888064 -12.613376 -12.811736 -12.533742 -13.010096 -12.735466
 -12.795496 -12.494128 -12.21683  -12.352492 -12.700608 -12.756288
 -12.434214 -12.694692 -12.77508  -12.529566 -12.399008 -11.860188
 -11.950668 -11.853576 -12.802166 -12.73419  -12.094276 -12.637388
 -13.050928 -12.506424 -12.612158 -12.705654 -12.701246 -12.626194
 -12.293332 -12.766844 -12.558566 -12.78842  -12.912308 -12.951458
 -12.541456 -12.421164 -12.594294 -12.600094 -13.093732 -12.662444
 -12.73941  -12.661284 -12.732856 -12.587624 -12.832326 -13.05348
 -13.022102 -12.565468 -12.230808 -12.323724 -12.069684 -11.96076
 -12.469594 -12.335092 -12.848798 -12.294724 -12.431024 -12.73332
 -12.705132 -12.777226 -12.810692 -12.980168 -13.207122 -12.411362
 -12.416408 -12.70055  -12.418612 -12.833776 -12.701478 -12.595396
 -12.440478 -12.15506  -12.867184 -12.60978  -12.617958 -12.668882
 -12.523766 -12.796366 -12.808778 -12.75304  -12.934986 -13.006732
 -12.935508 -12.861036 -12.64371  -12.72375  -12.837024 -12.84149
 -12.631762 -12.868924 -11.996894 -12.811272 -12.57382  -12.873854
 -12.62312  -12.797004 -13.060382 -12.400284 -12.757854 -12.620742
 -12.557116 -12.352318 -12.494186 -12.601602 -13.046288 -12.74608
 -12.561002 -12.825598 -12.658036 -13.028076 -12.586    -12.461532
 -13.001744 -12.61558  -12.432416 -12.194152 -12.882264 -12.63762
 -12.660008 -12.057678 -12.712788 -12.293854 -13.04884  -12.484442
 -12.748342 -12.340138 -12.62138  -12.598818 -12.539832 -12.852684
 -12.04051  -12.817014 -12.620568 -12.501552 -11.597332 -12.883772
 -12.289852 -11.376642 -11.65974  -12.57817  -12.198966 -12.771426
 -12.90993  -11.906762 -12.058722 -12.639592 -12.938002 -13.009458
 -12.631762 -12.716848 -12.968684 -13.102432 -12.787956 -12.664822
 -12.612622 -12.932318 -12.698288 -12.890036 -12.759246 -13.118614
 -12.650728 -12.768294 -12.78494  -12.914802 -12.765336 -12.687848
 -12.65734  -13.020826 -12.846594 -12.819334 -12.890384 -12.389264
 -12.963058 -12.029374 -12.71331  -12.294144 -12.850248 -12.811272
 -12.779604 -12.980574 -12.651946 -12.473828 -12.91196  -12.604444
 -12.717138 -12.727984 -12.202678 -12.644754 -12.826584 -12.305396
 -12.358292 -12.285792 -12.716848 -12.541978 -12.469362 -12.838068
 -12.674276 -12.308934 -12.94415  -12.942584]"
1550,"[-10.81903   -8.247948  -8.864836 -10.983112  -9.820154 -11.597448
 -10.293724 -11.007124 -10.628036 -11.587298 -10.678844 -11.391258
  -9.173802  -8.691996  -8.269582 -10.154814  -8.489576  -8.199866
  -8.110662  -9.088716  -8.74785   -8.515792  -8.539514  -8.942904
  -8.97289   -8.14523   -8.86153   -8.33779   -8.77946   -7.88626
  -8.692518  -8.21831   -8.355132  -8.42914   -8.481862  -8.471306
  -8.204912  -8.203926  -8.763278  -8.529074  -9.348556  -8.523912
  -9.346468  -9.31161   -7.573176  -9.10716   -8.348288  -9.360214
  -8.306528  -8.13479   -8.482848  -7.788588  -8.850394  -8.34562
  -8.708062  -8.637766  -8.932348  -7.72821   -9.721148  -9.166842
  -9.136856  -9.154488  -9.53868   -8.268306  -8.978516  -9.199264
  -8.983504  -8.722446  -8.53325   -7.92541   -7.41327   -9.390258
 -10.681512 -10.182538  -8.211408  -8.67912   -8.466782  -7.916942
  -8.776966  -8.174636  -6.811926  -8.258272 -10.034638 -10.165834
  -7.887246  -8.483196  -8.628196  -8.455878  -8.530176  -8.535686
  -7.88278   -8.10753   -8.765134  -8.721054  -8.620772  -8.516778
  -8.694954  -9.154082  -9.417518  -8.825048  -9.35656   -8.462258
  -8.795236  -9.11528   -9.034718  -8.270394  -8.993538  -9.024162
  -9.08454   -8.4158   -10.005464  -9.061282  -8.521824  -8.701798
  -8.214888  -8.582202  -8.35867   -8.992668  -8.590554  -8.48859
  -8.717632  -8.486386  -8.470204  -8.319578  -8.462316  -8.839026
  -9.347048  -8.928868  -8.239596  -9.048348  -9.02741   -9.082684
  -9.368508  -8.461214  -8.082822  -6.577258  -6.595122 -10.589176
 -10.406186  -9.634902  -9.350006  -9.799796  -8.404432  -8.725868
  -7.68152   -7.26392   -8.418352  -7.788878  -7.643124  -9.109712
 -10.253472 -10.893966  -9.99224  -11.366724 -11.199394 -10.163572
 -11.427914 -10.519228 -10.464012 -10.728028 -10.936944 -11.510912
 -11.523498 -10.800064 -11.021566 -10.962986 -11.425942 -11.326356
 -10.699492 -11.540898 -10.770542 -10.43391  -10.974586 -10.870766
 -11.38946  -10.90342  -10.49597   -8.750402 -10.121754 -10.166472
  -9.333302 -11.065124 -11.491946 -10.51047   -9.539144  -9.844398
  -7.607222]"
1551,"[ -9.698006  -9.664018  -9.894858  -9.543842  -9.719988 -10.106964
  -9.382892  -9.508462  -9.68629   -9.453884  -9.798636  -9.894916
  -9.691104 -10.1007    -9.82317   -9.383994 -10.06706  -10.00906
  -9.504924  -9.952858  -9.901876 -10.596078 -10.129062  -9.625042
  -9.885636  -9.896714  -9.164058  -9.654216 -10.11317   -9.18923
  -9.5352    -9.542566  -8.96564   -9.738838  -9.758326  -9.583746
  -9.024162  -9.748176  -9.93453   -9.477896  -9.6483    -9.838888
  -9.910924 -10.17407  -10.010046  -9.138538  -8.198822 -10.10505
  -9.378252 -10.20191   -9.8774    -9.092602  -9.49431   -9.389968
  -9.780134 -10.175346 -10.380492  -9.603524  -9.571508  -9.8049
  -9.668252  -9.610716  -9.829318  -9.60074   -9.188186  -9.30407
  -9.643254 -10.40027   -9.919682  -9.93917   -9.933022  -9.97455
  -9.908836  -9.656536  -9.752526  -9.823808  -9.996938  -9.722772
  -9.304302 -10.165602  -9.45429   -9.929716  -9.886854  -9.527602
  -9.868642  -9.952104  -9.971476  -9.428944  -9.71732  -10.007958
 -10.471088 -10.012076 -10.061202 -10.05198   -9.022596  -9.57696
 -10.144142  -9.672254  -9.033616 -10.07199  -10.304686  -9.694294
  -9.420534  -9.711404  -9.987252  -9.945028 -10.280268  -9.625448
  -9.334462  -9.475634  -9.53781   -9.876936  -9.7121    -9.349078
  -9.677764  -9.848516  -9.664598  -9.688378  -9.685304  -9.719234
  -9.669006  -9.53143  -10.454036  -8.941048 -10.108182  -8.666012
  -8.377346  -8.306992  -6.897824  -9.194566  -9.237254 -10.067408
  -9.95048   -9.772826  -9.28725  -10.005986  -9.656246  -9.46995
 -10.0862    -9.481492  -9.592446 -10.116824  -9.500342  -9.712796
  -8.703828  -8.241162  -9.299952  -6.892894]"
1552,"[ -7.79868   -6.6497    -9.280174  -7.845428  -8.179856  -8.895228
  -7.88307   -8.808692  -8.285068  -7.878894  -8.660154  -8.766004
  -8.403968  -7.905458  -8.39492   -9.078682  -9.765054 -10.583376
 -10.018804 -10.436926 -11.607366 -10.547996 -10.217048 -10.976094
 -10.688936 -11.782584 -11.451056 -11.457784 -10.050704 -10.463432
 -10.021298 -10.95591  -11.050218 -10.182596 -11.301648 -11.740128
 -11.468572 -11.833798 -11.937908 -10.203998 -10.588306 -10.833066
 -11.168654 -11.31319  -11.355356 -11.588168 -11.840352 -11.703066
 -11.312784  -9.969388 -10.666258 -10.739686 -11.610962 -10.761494
 -10.37881  -11.630856 -10.315938 -10.729536 -10.596368 -10.759812
 -10.035856 -11.26012  -11.53301  -11.815934 -10.080632 -10.08649
 -11.805204 -11.556268 -12.070554 -10.755114 -11.20705  -11.265746
 -11.812512 -11.129272 -10.143736  -9.967938 -11.104796 -11.67714
 -10.248252 -10.51888  -10.906436 -10.18451  -10.387104 -10.792756
 -10.859978 -10.304802 -10.24686  -11.840642 -11.564388 -11.412138
 -11.838496 -11.524194 -10.387278 -10.053546 -11.193826 -11.063268
 -10.76654  -10.263158 -10.375214 -10.68273  -10.42086  -10.968728
 -11.70092  -11.989934 -11.076898 -11.860594 -11.82388  -10.731508
 -10.568064 -12.276222 -11.70643  -11.33784  -10.762654 -10.741426
  -9.937198 -10.29471  -10.61139  -10.362048 -10.70854  -10.57659
 -10.448584 -10.295174 -10.897446 -10.439942 -10.688008 -10.475844
 -10.37475  -10.52671  -10.66214  -10.375562 -10.48611  -10.798556
 -10.720604 -11.07771  -10.742354 -10.614522 -10.27383   -9.816558
 -10.676756  -9.421462  -9.825548 -12.289968 -11.61247  -11.525412
 -11.303562 -11.848298 -11.798418 -10.94779  -11.394506 -12.071424
 -12.034536 -10.672638 -10.672696 -10.722286 -11.561662  -9.84376
  -9.39774  -10.678264 -10.675654 -11.19603  -11.19516  -11.441718
 -10.432228 -10.767584 -11.04958  -11.846152 -11.229554 -11.499196
 -10.580592 -11.805378 -11.841338 -11.56317  -11.731486 -11.454014
 -11.873296 -11.141626 -11.628362 -11.135304 -11.235934 -10.826222
  -9.57522  -10.416626 -10.752562 -10.417496 -10.725998 -10.914788
 -11.290628 -11.244286 -10.84803  -11.725454 -11.422346 -11.05741
 -11.893422 -11.683462 -11.397638 -11.473502 -11.503314 -10.78423
 -10.308572 -10.846174 -11.234542 -11.53098  -11.24736  -11.476228
 -10.750474 -11.646806 -11.752192 -11.519496 -11.268124 -10.985606
 -11.56955  -10.383276  -9.730486  -9.912954 -10.22772  -10.233694
 -11.142264  -9.107682  -8.3259    -9.50243  -10.150812  -8.736134
  -7.167234  -6.6555  ]"
1553,"[-10.877726 -10.84165  -10.211596 -10.738584 -11.082002 -10.937234
 -10.878364 -10.422368 -10.453688 -10.76509  -10.388554 -10.537904
 -10.944368 -10.351028 -10.192282 -10.93184  -11.195972 -10.721474
 -10.23439  -10.211654 -10.564294 -10.525492 -10.73551  -10.571138
 -10.782548 -10.71637  -10.678322 -10.555652  -9.800086  -9.981452
  -9.527834 -10.60356  -10.968148  -9.030774  -8.724186  -9.178964
  -9.186562  -8.532322  -8.976196  -9.864466  -8.33431   -9.60045
  -8.754694  -8.933044  -7.946406  -8.03561   -7.76127   -8.55993
  -8.872318  -7.398364  -9.249666  -8.94505   -9.481608  -8.98565
  -9.298444 -10.054126  -8.825628  -7.846936  -9.47604   -9.933022
 -10.27528  -10.223312  -9.960978 -10.178942  -8.989536  -8.496014
  -9.407484  -9.864118 -10.684876 -10.101686 -10.34024   -8.91431
  -9.874732  -9.996764 -10.137646  -9.938822 -10.269016 -10.139444
  -9.842832  -9.214576  -8.801152  -9.432192  -9.019232  -9.413458
  -9.27768  -10.03487   -9.74197  -10.555942 -10.331366 -10.058534
  -9.306564  -8.663112 -10.430082  -9.578642  -9.659726  -9.850952
  -9.621736  -9.477026  -9.417054  -9.306912  -9.96121  -10.168386
 -10.55078  -11.40889  -11.293006 -10.57804   -9.957092  -9.171076
  -9.160114  -9.196828  -8.870114  -9.579222  -9.585834  -9.295428
  -9.829086  -9.72196   -9.217302  -9.39745   -7.970766  -5.978408
  -5.538014  -5.641892  -8.723722  -7.565114  -9.567274  -9.408006
  -9.535084  -9.217882  -9.292528  -7.884578  -8.027316  -8.08404
  -8.358496  -8.845812  -8.6043    -8.676162  -8.40826   -8.078356
  -8.332454  -8.299742  -7.86219   -7.581296  -5.398756  -6.721852
  -5.359838]"
1554,"[ -9.078798  -9.351224  -9.241836  -9.318628  -9.338812  -9.535316
  -9.418562  -8.841868  -9.339624  -9.628174  -9.403366  -9.417344
  -9.498138  -9.354936  -9.111974  -9.217128  -9.338116  -9.413226
  -9.260628  -9.375352  -9.485784  -9.230294  -9.011692  -8.902942
  -9.196596  -9.296298  -9.63728   -9.566346  -9.676952  -9.160172
  -9.641282  -9.382428  -9.509332  -9.505098  -9.672196  -9.163594
  -8.884788  -9.331272  -9.015404  -9.180994  -9.398146  -9.568782
  -9.470762  -9.29421   -9.20808   -9.515422  -9.389388  -9.435846
  -9.488568  -9.548946  -9.752642  -9.391708  -9.128388  -9.670688
  -9.513682  -9.276636  -9.3003    -9.447562  -9.052118  -8.919878
  -9.159476  -9.295022  -9.451912  -9.291948  -9.370422  -9.503648
  -9.60277   -9.894742  -9.42442   -9.972636 -10.061956  -9.597434
  -9.14602  -10.147158  -9.774914  -8.681672  -9.54303   -9.085352
  -5.191464]"
1555,"[-12.599978 -12.277788 -11.85085  -10.969424 -10.821872 -12.969728
 -11.728064 -13.226262 -13.339594 -13.13787  -13.126154 -12.7426
 -12.143576 -12.240262 -13.140306 -12.795786 -11.893306 -13.428566
 -13.243488 -12.59876  -12.933652 -12.363164 -11.725048 -13.036602
 -12.017948 -12.644986 -11.174976 -10.635112 -11.364926 -12.3656
 -12.953198 -13.241922 -12.249194 -12.236202 -13.21182  -13.09553
 -12.535424 -11.267428 -12.607924 -13.534242 -13.180906 -12.807792
 -12.61471  -11.025626  -9.9615   -13.338724  -8.245686  -5.068852]"
1556,"[-10.10389   -9.713144  -9.30436   -9.900774  -9.03147  -10.34053
  -9.761516  -9.686406  -9.363288  -9.888652  -9.397044  -8.991276
  -9.21272   -9.633626  -8.463766  -9.479578  -9.211038  -9.552542
  -8.529828  -9.486596  -9.642152  -9.514494  -9.520178  -8.745414
  -9.287018  -9.077754  -9.191318  -9.044636  -9.231744  -8.759682
  -9.368392  -9.250884  -9.309406  -9.454058  -9.264166  -8.981474
  -9.350992  -9.729384  -9.80838   -9.491294  -9.418504  -8.951256
  -9.912316  -7.946174  -8.625876  -7.975406  -7.506186  -8.215352
  -8.063798  -7.623868  -8.73944   -8.07505   -8.947718  -5.761952
  -5.935256  -7.605772  -8.389932  -9.334172  -9.957208 -11.00608
  -9.876994 -11.112858  -9.541696 -10.915948 -11.273344 -11.206006
 -11.361214 -10.472886  -9.808844  -8.439754  -9.176702  -9.234006
  -8.8508    -9.40702  -10.754592  -9.104782  -9.181748  -9.47749
 -11.140524 -10.34807  -10.798266 -11.100852 -10.700594 -10.526768
 -10.65924  -11.222884  -8.136414  -6.489968  -7.52898   -9.161448
  -9.776712  -8.534642  -7.421622  -8.679294  -8.218426  -6.96551
  -7.969316  -9.348846  -9.468616  -9.040518  -9.250536  -9.637918
  -8.565266  -8.891516 -10.074368  -7.690626  -7.613602  -9.463396
  -9.247984  -9.147528  -8.863444  -7.002224  -8.156308  -8.337384
  -9.50707   -8.793438  -8.840186  -8.895634  -8.30096   -9.68455
  -8.664678  -8.056722  -8.761364  -7.664932  -7.124314]"
1557,"[ -9.216432  -9.98702   -9.675502  -9.918986  -9.122008 -10.026808
  -9.505852  -9.744522  -9.560778  -8.728478  -9.477374  -9.96092
  -9.541116  -9.696846  -9.599928  -9.504286  -9.243692  -9.449708
  -9.841962  -9.235978  -9.891726  -9.547148  -9.410384  -9.381326
  -9.870034  -9.330344  -9.955642  -9.215736  -9.343336 -10.021472
  -9.413864  -7.514712  -8.355306  -7.112308  -8.775458  -8.958042
  -7.505432  -8.610796  -6.777474  -6.14945   -7.97065   -9.734256
  -9.194334  -9.68223  -10.19727  -10.579374 -10.458676 -10.227488
  -9.961152  -9.414502 -10.491388 -10.508614 -10.546604 -10.088404
  -9.382834 -10.939206  -8.988724 -10.638882  -9.0074    -8.4767
  -8.815826  -9.656826  -9.098576  -9.024626 -10.65373  -10.460068
  -9.725208  -9.459916 -10.219136  -9.309696  -9.963704  -9.109248
  -9.053568  -8.551578  -8.28588   -9.033094  -5.165248  -5.95834
  -5.902312  -5.852026  -5.877546  -7.122516  -8.172374  -6.124104
  -6.089884  -8.497116  -9.313002  -9.452086  -9.193232  -9.858724
  -9.717262 -10.140082 -10.01341  -10.156264  -8.526     -9.003398
  -8.748604  -9.672254  -9.232846 -10.151566  -9.552368  -9.738606
  -8.654354  -8.208218  -9.456958  -9.360504  -8.008524  -9.637222
  -9.624868  -8.365572  -6.472394  -6.53573   -7.068866  -8.521418
  -8.057418  -8.883048  -8.009684  -8.584986  -8.148594  -9.22896
  -8.331874  -9.077     -8.388482  -8.678018  -8.808344  -5.558082]"
1558,"[ -6.613914  -8.925098  -9.74371   -9.675618  -9.314858  -8.836416
  -9.449824  -9.747944  -9.446982  -9.301634  -7.678968  -8.611434
  -9.40006   -8.210016  -8.121508  -9.63873   -9.52621   -9.894046
  -8.927766  -8.281124  -7.95847   -9.594592  -9.73936   -9.132854
  -8.988318  -9.281566  -7.610528  -6.81413   -8.692518  -8.600182
  -8.990464 -10.121464  -9.660132  -9.863944  -9.62655  -10.225342
 -10.143678 -10.442726  -9.83912   -9.669992  -8.350492  -8.77047
  -8.21599   -9.46618   -9.00015   -9.166842  -8.27979   -9.59291
  -9.285974  -9.63003   -9.977682  -9.465832 -10.04125   -9.719582
  -9.541464  -9.546452  -9.13587   -9.49228   -9.249376  -9.639078
 -10.214612 -10.252138  -9.396    -10.12187   -9.967184  -9.566462
  -9.089296  -9.663496  -9.684202  -8.947834  -9.921016  -9.079668
  -8.47931   -8.982982  -9.358996  -9.382892  -9.005428  -8.042454
  -8.34069   -8.398864  -7.589532  -7.251392  -8.616422  -8.3926
  -8.563352  -8.619322  -8.247426  -9.624984  -6.336558  -6.158324
  -7.380094  -7.361766  -7.576714  -9.553006  -9.135696  -8.746342
  -9.575684  -8.95549   -9.531546  -8.986114  -9.6889    -8.846218
  -9.541232  -9.42587   -9.65091   -9.312538  -9.075782  -9.493556
  -9.578932  -9.038604  -9.4656    -9.391128  -9.256162  -9.284176
  -8.977588  -9.672834  -9.321934  -9.15907   -9.458466  -9.211792
  -9.385444  -9.710592  -8.743036  -9.518322  -9.23766   -9.905066
  -8.703596  -9.530908 -10.565918  -9.144106  -9.041678 -10.929056
 -10.255096 -10.391454 -10.514994  -9.592678  -8.886064  -9.155532
  -8.974688  -9.294268  -9.629972  -9.724802  -9.255176  -9.649808
  -9.670166  -9.249318  -9.40383   -9.66019   -9.549468  -9.94526
  -9.307492  -8.592932  -9.417402  -9.243634  -9.672138  -9.515364
  -9.927976  -9.705372  -9.772362  -9.652012  -9.105826  -9.877864
  -9.264688  -9.792082 -10.04183   -9.062848  -9.618836  -9.611296
  -9.170322  -9.295834  -9.838656  -9.899092  -9.690002  -9.317642
  -9.613094  -9.326632  -9.534794  -9.066096  -8.960884  -9.514262
  -9.301808  -9.0045    -9.044172  -9.387474  -8.9088    -9.354182
  -9.128446  -9.199148  -8.712876  -9.559618  -9.073868  -9.468906
 -10.05633   -9.531604  -8.560046 -10.227604 -10.755984 -10.80279
  -8.928984  -9.441414  -9.182386  -8.064494  -8.697216  -9.255118
  -9.320542  -8.992784  -9.412762  -7.947218  -7.614704  -9.306622
  -9.015636  -8.51759   -9.08019   -8.770644  -6.564498  -6.60214
  -8.464926  -9.122878  -8.406056  -8.92156   -9.39078   -9.282726
  -9.901412 -11.17167  -10.663242 -11.075506 -11.57593   -9.897932
  -8.665432  -9.316482  -9.137204  -8.741818  -8.187396  -8.978632
  -8.819886  -8.826208  -9.46792   -9.053742  -9.347338 -10.59167
 -10.679656  -9.721728 -11.177412 -10.49452   -9.306448  -9.220202
 -10.307586 -11.019072 -10.826106 -11.124632 -10.818334 -10.58761
 -10.25875  -10.57021  -11.088208 -10.43681  -10.946978 -10.905624
 -10.422774  -9.001658  -8.453326  -8.130672  -9.170902  -9.420186
  -9.92322  -10.871694  -9.558342  -9.025844  -9.410964  -8.95172
  -9.43631   -9.865162  -7.582398]"
1559,"[ -9.857854  -8.792626  -9.352384  -8.603836 -10.238856 -10.348824
 -10.35358  -10.526942  -8.710208  -9.472502  -8.800456  -9.522324
  -8.849814  -9.414792  -9.50649   -8.232694  -8.774414  -8.944296
  -9.236558  -9.69122  -10.11027   -8.902768  -8.128874  -8.31488
  -8.911932  -8.682948  -9.806118  -8.970164  -8.180494  -9.288468
  -9.40644  -10.021936  -8.773428 -10.058998  -7.836902  -9.450404
  -9.28203   -9.4163    -5.097446]"
1560,"[-11.664612 -11.098764 -11.350136 -10.73348  -11.287612 -10.845536
 -11.3854   -10.24106   -9.741622 -11.144584  -8.67477  -10.775414
 -11.629812 -11.406222 -11.634626 -11.49792  -11.456276 -11.925264
 -11.830956 -11.75602  -11.873238 -11.881416 -11.357096 -11.049406
 -10.164558 -10.931956 -10.053778 -10.24048   -9.687624 -10.519808
 -10.110154 -10.916412 -10.783766  -8.54485   -8.72436   -7.450506
  -9.758326  -9.406614  -8.616248 -10.095364  -9.69006  -10.400502
  -9.667846  -9.391766  -9.978842 -10.643     -9.096198  -9.858144
 -10.099598 -10.680758 -11.436498 -10.994132  -9.361084  -9.583514
 -11.11715  -11.106188 -10.448816 -10.221804 -11.229844  -9.915216
  -9.104782  -8.08114   -8.010496  -8.21193   -8.902884  -9.62133
  -8.855846  -9.602364  -9.654506  -9.184938  -8.962682  -9.156924
  -9.322224  -9.36932   -9.416242  -9.205412  -8.45292   -9.596564
  -9.593142  -9.153734  -9.294616  -9.59349   -9.129142  -9.13616
  -9.516176  -9.397044  -9.399538  -9.431612  -9.526558  -9.624578
  -9.922582  -9.429988  -9.62336   -9.535606  -9.064298  -9.465542
  -9.540826  -9.252044  -9.400756  -9.444662  -9.467108  -9.268052
  -9.18981   -9.37512   -9.532416  -8.949922  -9.510492  -9.703516
  -9.482188  -9.502662  -9.18517   -9.147934  -9.43631   -9.66483
  -9.206456  -9.187896  -9.344264  -9.615066  -9.2423    -9.498718
  -9.218868  -9.198394  -9.44675   -9.686348  -9.394086  -9.398262
  -9.512406  -9.603118  -9.269792  -9.494426  -9.5468    -9.408238
  -9.471342  -9.385908  -9.272518  -9.377962  -9.612166  -9.545002
  -9.424536  -9.450114  -9.351166  -8.99957   -9.275882  -9.353254
  -9.171076  -9.156692  -9.24259   -9.149616  -9.596506  -9.149558
  -9.311958  -9.06279   -9.64946   -9.29769   -9.586298  -9.432888
  -9.293572  -9.195552  -9.462816  -9.229598  -9.315322  -9.231744
  -9.40296   -9.222754  -9.628754  -9.769752  -9.24404   -9.693598
  -9.44472   -9.162608  -9.337826  -9.194682  -9.482884  -9.125488
  -9.446054  -9.412936  -9.663264  -9.395478  -9.415604  -9.424014
  -9.30262   -9.448954  -9.42703   -9.48445   -9.174498  -8.906886
  -9.5729    -8.961406  -9.336782  -9.537346  -9.4308    -9.303954
  -9.09672   -9.149558  -9.168872  -9.010068  -9.058556  -9.385676
  -8.730856  -9.538448  -9.403598  -9.226756  -9.358706  -9.273968
  -9.406846  -9.142888  -9.204426  -9.17792   -9.079726  -9.367232
  -9.292644  -9.63844   -9.412356  -9.30552   -8.765308  -9.267704
  -9.427784  -8.95955   -9.48648   -9.684376  -9.73298   -9.409108
  -9.59378   -9.298792  -9.501154  -9.552136  -9.44472   -9.14776
  -9.51316   -9.477084  -9.474068  -9.062732  -8.78671   -9.40992
  -9.51548   -9.631828  -9.556892  -9.180124  -9.336376  -9.226814
  -9.31393   -9.456494  -9.761632  -9.512058  -9.343104  -9.699398
  -9.340726  -9.443908  -9.134478  -9.849444  -9.708736  -9.714884
  -9.088716  -9.212488  -9.126706  -9.302504  -9.261382  -9.205064
  -9.74835   -9.528704  -9.27884   -9.294268  -9.36265   -9.5004
  -9.09469   -9.466238  -9.672544  -9.336434  -9.16922   -9.721148
  -9.181458  -9.562402  -9.30958   -9.464034  -8.950328  -9.313756
  -9.082452  -9.426334  -9.775958  -8.76438   -9.11905   -9.21504
  -9.169858  -8.895228  -9.307434  -9.236442  -9.265616  -9.418272
  -9.228728  -9.481724  -9.416126  -9.624172  -9.36207   -9.012968
  -9.13877   -9.15153   -9.285626  -9.568434  -9.539434  -9.44037
  -9.375236  -9.468848  -9.41253   -9.179776  -9.511362  -9.304476
  -9.176934  -9.470124  -9.217998  -9.191608  -9.458176  -9.715348
  -9.411254  -9.097938  -9.406324  -9.418272  -9.18865   -9.437586
  -9.340552  -9.370132  -9.637512  -9.382312  -9.155996  -9.028454
  -9.459104  -9.6251    -9.58827   -9.450172  -9.527602  -9.494078
  -9.187838  -9.411428  -9.221478  -9.322804  -9.393274  -9.317352
  -9.478998  -9.355922  -9.309116  -9.16951   -9.57638   -9.074622
  -9.52505   -9.698412  -9.354182  -9.131926  -9.43283   -8.32387
  -9.356096  -9.498254  -9.415546  -9.267704  -9.19793   -9.54332
  -9.41659   -9.112612  -9.283306  -9.290672  -9.271184  -9.517626
  -9.481666  -9.01929   -9.382138  -9.512754  -9.547612  -9.38788
  -9.464208  -9.447272  -9.5439    -9.206746  -9.242706  -9.44936
  -9.171772  -9.25535   -9.157504  -9.153038  -9.162144  -9.806524
  -9.38672   -9.13297   -9.38933   -9.425464  -9.232904  -9.495354
  -9.624868  -9.365956  -9.570928  -8.526638  -9.306738  -9.739476
  -9.321412  -9.53346   -9.485088  -9.599986  -9.356792  -8.701972
  -8.73712   -8.991682  -9.318454  -9.426566]"
1561,"[ -9.595636  -9.681824  -9.689422  -9.409108  -9.47198   -9.659552
  -8.675756  -9.27797   -9.43776   -9.522846  -9.519134  -9.754672
  -9.876588  -9.433874  -9.378948  -9.292412  -9.715406  -9.002528
  -9.393216  -9.103738  -8.207638  -9.353196  -8.687472  -9.578004
  -9.377034  -9.172468  -9.797592  -8.645422  -9.075376  -9.88349
  -9.121428  -9.313524  -9.392752  -9.496978  -9.432192  -9.390722
  -9.45429   -9.803276  -9.649634  -9.434222  -9.873572  -8.887514
  -9.420824  -9.45197  -10.133702  -9.660364  -9.592968 -10.035856
  -9.270604  -8.980604 -10.050994  -9.977508  -9.331388  -9.75299
  -9.500864  -9.470994  -9.188418  -9.46212   -8.268422  -9.67875
  -9.393564  -9.769462  -9.71703   -9.292238  -9.311726  -9.396058
  -9.609266  -9.487872  -9.295254  -9.426508  -9.058614  -9.195378
  -9.816442  -9.41601   -8.95839   -9.768592  -9.078682  -9.816558
  -9.672544  -9.184184  -9.916666  -8.773718  -9.490076  -9.726426
  -9.478998  -9.601726  -9.793068  -9.670978  -8.865242  -8.765192
  -8.473858  -9.594708  -9.54564   -9.696846  -9.690002  -9.647198
  -9.194044  -9.496804  -9.124444  -9.502604  -9.268226  -9.776886
  -9.393506  -9.41688   -9.276114  -9.479404  -8.933218  -9.478418
  -9.92989   -9.482014  -9.95367   -9.836916  -9.704908 -10.038756
  -9.274954  -9.596506  -9.68049   -9.788254  -9.631886  -9.303142
  -9.223972  -9.442458  -9.4685    -9.624926  -9.426856  -9.359228
  -9.821604  -9.898976 -10.096524  -9.495354  -9.35279   -9.278782
  -9.797186  -9.00856   -9.4337    -9.566056  -9.183372  -9.180124
  -9.463454  -9.641166  -9.761284  -9.46067  -10.042526  -9.599464
  -9.478476  -9.412066  -9.290382  -9.164696  -9.332316  -9.577192
  -9.571102  -9.753222  -9.836974 -10.055576 -10.010046  -9.540536
  -9.211966  -9.52592   -9.719176  -9.171888  -9.306912  -9.541
  -9.55405   -9.367174  -9.444662  -9.54593   -9.138538  -9.91481
  -9.309348  -9.05641  -10.013932  -9.60422   -9.150776  -9.648474
  -9.906806  -9.227974  -9.633336  -9.96295   -9.289512  -9.021436
  -9.589662  -9.166552  -9.231802  -9.73733   -9.855766  -9.743942
  -9.717146  -9.337594  -9.385502 -10.101164  -9.82288   -9.606946
  -9.67353   -9.90727   -9.80577   -9.287888  -9.656768  -9.45168
  -9.69006   -9.109306  -9.660074  -9.50533   -9.394376  -9.523136
  -9.789472  -9.38701   -9.58798   -8.980604  -9.806002  -9.446228
  -9.685478  -9.670514  -9.601668  -9.218056  -9.052292  -9.146426
  -8.88995   -9.675792  -9.732284  -9.127402  -9.679098  -9.31509
  -9.42935   -9.729384  -9.391882  -8.954678  -9.686116  -9.7005
  -9.654216  -9.682868  -9.695744  -9.186736  -9.256046  -9.418562
  -9.699978  -9.567564  -9.642384  -9.325356  -8.939714  -9.362882
  -9.861566  -8.977878  -8.92359   -9.029788  -6.204666  -8.103644
  -7.187186  -9.915796  -5.903124  -6.27879   -9.408702  -9.326516
  -8.729986  -8.7551    -8.321666  -9.255524  -9.494078 -10.083068
 -10.082662 -10.21699  -10.539586 -10.834168 -10.503684  -9.878502
  -8.406636  -8.685616  -7.496094  -7.327314  -6.497856  -8.163268
  -7.965256  -7.53043  -10.04647   -9.688668  -9.594418  -8.175448
  -9.251638  -8.388076  -7.503228  -7.591098  -7.2007    -9.90176
 -10.364368 -10.331018 -10.823844  -9.55347  -10.167226 -10.910264
  -8.03996   -6.319158  -7.085628  -9.89625   -9.494948 -10.355262
  -9.009836  -9.231976  -9.525862  -8.036538  -9.622896  -8.596412
  -8.957172 -10.335774 -12.202968 -13.257234 -13.212226 -12.570688
 -11.287554  -8.910424  -8.793322 -10.804878 -11.567462 -12.345474
 -11.94423  -11.439978 -11.029454 -11.745522 -11.25026   -9.656826
 -10.853076  -9.83071  -10.48727  -11.102766 -10.852844  -9.706358
 -10.122682 -10.809576 -10.269132 -10.125002  -9.672428  -9.209994
 -10.22337  -10.200634  -8.895692  -9.478824 -10.80656  -10.6343
  -9.866032 -10.123668 -10.403518 -10.50728  -10.689806 -10.405142
  -9.966082 -10.714282 -10.781156  -8.341386  -8.596412  -9.546452
  -9.629798  -8.838098  -8.86385   -8.164544  -9.041678  -8.8247
  -7.495688  -8.401068  -9.415082 -10.335194 -10.860152 -10.631632
  -8.934146  -9.748408 -10.389308  -9.590416 -10.895532 -10.164442
 -10.800644  -9.731182  -7.559024  -7.899368  -9.183894  -8.811302
  -9.127866  -7.646546  -8.467362 -10.19553  -10.363846 -10.675944
  -9.834654 -10.548866  -9.879372  -9.2713    -8.491316  -7.800942
  -7.509956  -7.833596  -8.054518  -9.28609   -9.530676  -9.290962
  -8.900738  -8.88908   -9.365492  -8.657718  -8.766062  -7.723512
  -7.538956  -8.375606  -7.946     -7.139162]"
1562,"[ -5.22522   -6.402156  -9.604046  -9.491236  -9.635888  -9.408702
  -9.68658   -9.500458  -8.99087  -10.174708  -8.792336  -8.829688
 -10.028316  -9.915912  -9.460438  -7.3776    -6.997874  -9.179834
  -8.478266  -8.880728  -8.962682  -7.976044 -10.289722  -8.584406
  -7.983062  -8.744602  -8.183278  -5.622926  -5.579252  -6.214352
  -8.572284  -7.848618  -9.333302  -8.102368  -8.82296   -8.347998
 -10.42782   -9.945376 -10.629834  -9.960804  -9.937314 -10.021124
 -10.204056 -10.348186 -10.314314 -10.779242 -10.820538 -10.784346
  -7.976044 -10.02008   -6.523144  -7.484088  -7.958354  -8.369632
  -8.416264  -8.858108  -8.543458  -9.665932  -9.923162  -9.478708
  -9.29421   -7.358924  -8.04141   -7.5487    -6.796904  -9.185054
  -9.712912  -8.504888  -9.150312  -9.275708  -7.767244  -8.481398
  -9.521106  -9.374772  -8.400952  -5.959558  -7.30481   -8.098134
  -9.513972  -9.630552  -9.444256  -9.649692  -8.947196  -9.27739
  -7.833074]"
1563,"[-10.609766 -10.654426 -10.240364 -10.428864 -10.452528 -10.7561
  -8.048312  -5.44736 ]"
1564,"[-7.97906  -7.803958 -7.39993  -8.538876 -6.77875  -7.928716 -8.500654
 -7.47243  -8.909264 -9.23969  -8.456342 -9.637396 -9.848748 -9.438282
 -7.919378 -6.152756 -7.192696 -5.48506 ]"
1565,"[ -9.900542 -11.398972  -9.877864 -10.242452 -10.745892 -10.70129
 -10.714108 -10.200692  -8.78671  -10.149768 -11.163318  -8.175158
  -9.543958  -7.833538  -8.352928 -10.423412  -8.506976  -8.211872
  -8.398574  -8.658704  -8.047616  -7.401902  -7.431656  -7.609658
  -8.908626  -8.703074  -8.97202   -8.046224  -8.378796  -8.055272
  -7.980974  -8.654122  -8.502162  -7.455262  -8.701914  -7.889566
  -7.767592  -8.072788  -7.634656  -9.18662   -9.22925   -6.8295
  -7.80303   -8.116462  -9.63554   -8.871912  -8.617698  -9.35685
  -8.843086  -8.910714  -8.529364  -9.355748  -8.900912  -8.983156
  -7.77896   -9.744232  -8.174578 -10.223486  -8.732364  -9.635018
  -9.631248  -9.667962  -9.757978  -9.410964  -8.942556  -8.73422
  -9.963124  -9.807278  -8.345446  -9.489902  -9.961268  -9.005312
  -9.32611   -8.326364  -9.263354  -8.701856  -9.00189   -9.016796
  -7.842934  -8.737294  -9.832682  -9.002296  -8.719256  -8.53876
  -7.889102  -9.29508   -9.040402  -9.124038  -9.621156 -10.542718
 -10.098612 -11.003238  -9.714826 -10.040786  -8.933972  -8.402982
  -9.056584  -8.878118  -9.38121   -9.637454  -8.45321   -9.526152
  -9.858608  -9.042954  -9.638904  -8.13624   -7.646662  -9.087788
  -9.296936  -8.805212  -8.845058  -8.926142  -8.768034  -9.285742
  -8.690256  -9.17792   -8.718792  -8.915296  -9.310334  -8.737236
  -8.975036  -8.54253   -8.512544  -9.545176  -9.318222  -9.199902
  -9.284408  -9.313756  -9.087034  -9.368856 -10.12941   -8.378042
  -9.794808  -8.237218  -8.983852  -8.797208  -8.758812  -9.038778
  -7.8822    -7.957194  -8.320332  -8.27863   -9.015636  -8.788624
 -10.029128  -8.551578  -8.346548  -7.502532  -6.306572  -7.919436
  -7.43154 ]"
1566,"[-10.068278 -10.055344 -10.483442  -9.293282  -9.451506  -9.1727
  -9.43631   -9.571624  -9.034776  -9.075782  -9.169162  -9.179428
  -9.518728  -9.530502  -9.328778  -8.075804  -8.182466  -8.77105
  -8.89662   -8.12638   -9.708388  -7.73053   -8.840302  -8.719952
  -8.809968  -8.948472  -8.90329   -8.849292  -8.495608  -9.049334
  -9.413748  -9.221594  -9.458698  -9.336028  -7.88887   -7.811034
  -8.571762  -9.176296  -9.394724  -8.829224  -9.82259   -9.054728
  -9.754092  -9.190158 -10.13811   -8.538644 -10.028258  -9.618372
  -8.70667   -8.927186 -10.311994  -8.497116  -8.398516  -8.310414
  -8.365978  -7.503518  -7.743522  -7.286714  -6.42205   -7.313394
  -7.05106   -7.442618  -8.307746  -7.012084  -6.333774  -7.310204
  -8.380768  -7.133362  -8.263724  -7.744624  -8.6478    -7.49853
  -8.7928    -8.469334  -9.836916  -9.657928  -9.156924  -8.233158
  -8.416438  -7.690742  -7.662554  -7.737084  -8.33315   -7.595332
  -7.092356  -7.159462  -7.515988  -7.253828  -7.507172  -8.84471
  -9.291368  -8.875334  -8.713514  -7.612964  -7.903486]"
1567,"[ -8.060898  -8.939366  -8.861878  -9.196828  -8.915122  -9.521976
  -8.588176  -8.783868  -9.50649   -8.76119   -9.164348  -8.38593
  -9.255756  -9.309696  -9.363694  -8.725404  -9.235456  -9.01958
  -8.480876  -8.673842  -8.811128  -9.367522  -8.832414  -8.524376
  -9.346932  -8.856948  -9.074912  -8.80469   -9.587574  -9.373496
  -8.743152  -9.451332  -8.964364  -9.092254  -9.080944  -8.780504
  -8.859036  -8.850104  -9.297458  -9.04133   -8.63301   -8.853178
 -10.642362 -10.092406 -11.136348 -10.29065  -11.244054 -11.00608
  -9.688494 -11.647502 -10.642884 -11.153458 -10.349752  -9.842078
 -11.012924  -9.925714  -7.033892  -8.484298 -10.778836  -9.698528
  -7.905284  -8.358612 -11.026728  -9.55782   -8.765946  -8.582086
  -9.67208   -8.979212  -9.553818  -9.660364  -7.222566  -7.05077
  -7.921466  -9.026366 -10.164094  -8.76525   -9.130476 -11.663336
 -10.450208  -9.473314  -8.76786   -8.970164  -9.200134  -9.857622
  -9.58073   -8.600878  -9.273678  -9.426218  -8.484646  -9.215388
  -8.652266  -8.775284  -9.188476  -7.884056  -8.902652  -9.283248
  -8.86501   -9.594708  -8.700928  -9.115396  -8.652556  -9.675618
  -8.778648  -8.355596  -9.627246  -8.606388 -10.155278 -10.442958
 -10.689632  -9.723526  -8.152944 -10.650018 -10.804646  -8.972078
 -10.433736 -10.909278 -10.66939  -10.664634 -10.0804   -10.55832
  -9.866438  -9.771956  -9.344728  -8.823946  -9.545756  -8.73538
  -8.468986  -8.811824  -9.0161    -8.147434  -8.895054  -9.483116
  -8.376708  -8.648148  -9.514668  -8.843666  -8.97608   -9.316366
  -9.854374  -8.71827   -8.896272  -9.554688  -8.972716  -9.295196
  -9.193754  -9.018652  -9.714188  -8.760494  -9.736344  -9.160404
  -9.903732  -9.925192  -8.483486  -9.703748  -9.067024  -9.201758
  -9.061108  -9.013258  -8.593744  -8.643914  -9.60886   -8.400662
  -9.078972  -8.95839   -8.678134  -9.376454  -8.717864  -9.462758
  -9.191724  -8.926954  -8.986752  -9.178094  -8.34156   -9.339856
  -8.68521   -9.030542  -9.2539   -10.262578 -11.074694 -10.558494
  -9.903964 -10.131034  -9.940968 -10.27499   -9.388866 -10.7242
 -10.390932 -11.024176  -8.915876  -6.99277   -6.939932  -7.775422
  -6.762568  -9.22838   -9.480738 -10.16276   -9.554224 -10.421266
  -9.18314   -9.39223  -10.631806 -10.454094  -9.975478  -8.972542
  -7.697876  -7.317744  -8.265232  -9.996938  -9.340726  -9.309116
  -8.971846  -7.977668  -6.50586   -6.981576]"
1568,"[ -7.836844  -7.666846  -7.822692  -7.554384  -8.648786  -9.357778
 -10.762596  -9.977972 -10.936306 -10.210204 -10.87616  -10.116244
 -10.148666  -8.981068  -9.120616  -9.715928 -10.378694 -10.857484
 -10.751228 -10.708424 -10.60646   -9.77648   -9.71819  -10.60269
 -10.753316 -10.081966 -10.44435  -10.241002 -10.778024 -10.6082
 -10.753664 -10.77698  -10.098728  -9.126706  -8.506686  -9.551556
 -10.374518  -9.653172  -9.316076  -9.076942 -10.239378 -10.79177
 -10.489358 -10.987868  -9.849096 -11.15572   -7.960442  -7.290716
  -8.500016  -6.78368   -7.453638  -6.426806  -8.118318  -7.752918
  -9.017144  -8.178     -9.710592 -10.009988  -9.405686  -9.624752
  -7.871644  -9.575974  -7.80158   -9.789588  -9.085758  -8.765366
  -9.348904  -8.766352  -9.489902  -8.582434  -8.430996  -8.236812
  -7.833364  -6.661764  -7.482522  -8.148478  -8.852656  -8.990928
  -9.605206  -9.19648   -9.315612  -8.493868 -10.495506  -5.835148]"
1569,"[ -8.618858  -8.84645   -8.979444  -9.358242  -8.566716  -7.361476
  -7.693642  -8.977704  -7.794214  -7.682506  -8.372068  -8.118144
  -6.974152  -8.283792  -7.814746  -8.463012  -8.07708   -7.902848
  -8.237508  -9.093994  -8.327814  -7.873848  -8.369168  -9.413052
  -7.551832  -6.966438  -8.300496  -9.302794  -9.430162  -7.830058
  -7.041896  -7.394826  -7.079132  -8.953344  -9.554108  -8.29458
  -8.349216  -8.37317   -8.677786  -7.31496   -7.623984  -8.55935
 -10.291926  -8.842042  -9.234412  -7.515756  -8.040366  -8.604706
  -7.959282  -8.656268  -9.41166   -9.662394  -9.413458  -8.726506
  -8.651454  -8.9436    -9.46183   -9.256858  -8.18612   -6.722548
  -7.539826  -6.427792  -6.651962  -9.194798  -9.358184  -9.242822
 -10.010104  -9.90002   -8.220978  -9.499878  -8.370734 -10.07866
 -10.964146  -9.632234  -9.234528  -7.449926  -9.42442   -8.129918
  -8.748256  -8.50831   -7.668238  -9.024626  -8.322884  -9.781236
  -8.841868  -8.063102 -11.164884  -7.492034  -5.844834  -7.329634
  -8.389816  -9.656826  -9.772826  -7.463208  -6.706134  -7.764228
  -9.405628 -10.563714 -11.011416  -9.366826  -9.62191   -9.227858
  -9.79156   -8.511616  -7.563606  -8.880438  -9.001484  -8.387554
  -8.992552  -7.904472  -6.768136  -5.890886  -7.516162  -6.669304
  -7.871702  -8.932116  -8.68637  -10.219716  -9.215678  -9.397682
  -8.410464  -8.259258  -8.263144  -8.203926  -7.549164  -8.813564
  -9.50852   -9.181632  -9.176702  -9.73037   -8.977878  -8.742224
  -7.944956  -7.968156  -7.077102  -6.301526  -7.301272  -7.583268
  -7.28277   -9.153212  -7.963922  -8.707714  -8.413306  -9.107102
 -10.372778  -6.422166  -7.088238  -7.880228  -9.854432  -9.206572
  -8.934436  -9.638556  -9.531836  -9.243228  -9.222696  -8.860254
 -10.013758 -10.11665   -8.712992  -9.455798  -9.6744    -9.851068
  -9.949204  -9.846718  -8.589394  -9.2017    -8.774472  -8.879974
  -8.964364  -9.747886  -9.96527   -9.87914   -8.67361   -9.443792
  -9.430858  -9.690814  -9.983714  -9.868004 -10.044962  -9.091442
  -9.949726  -8.629994  -8.907988  -8.695534  -8.85428  -11.090876
 -10.413958  -9.472212  -8.56747   -8.964248  -9.357778  -8.381406
 -10.01863   -8.765192  -9.455972  -8.711426  -9.529168  -9.218288
 -10.121174  -8.426878  -7.122632  -7.315946  -6.647206  -8.009916
  -9.344612  -9.410384  -9.646966  -9.404294  -9.42558   -9.973158
  -9.66686   -8.23832   -7.808134  -7.664642  -8.03358   -7.241242
  -8.877886  -5.204862  -6.11958   -7.758718  -8.408898  -8.889602
  -7.90308   -7.920016  -8.63533   -8.10898   -8.72291   -8.737642
  -8.564744  -6.864358  -7.135392  -7.731574  -9.07584   -7.53275
  -7.998026  -7.62903   -8.55616   -8.768614]"
1570,"[ -8.350144  -9.910286 -10.179812  -9.917014 -12.457124 -10.932188
 -12.760754 -12.567614 -12.281268 -12.075252 -10.554028 -12.695794
 -10.833878 -12.258068 -11.34132  -12.407418 -10.928534 -11.103462
 -11.95032  -10.671188 -11.954612 -11.362896 -11.52663  -11.888492
 -12.879422 -12.275816 -12.99693  -12.926692 -12.431894 -12.792828
 -11.880488 -12.184408 -11.758108 -12.353478 -11.833044 -11.50865
 -11.611078 -11.953568 -11.181704 -12.43172  -12.274772 -12.010118
 -11.336158 -11.280362 -12.303018 -11.58492  -10.9011   -12.298958
  -9.741854  -9.980582 -12.728564 -10.097046 -12.072758 -12.87194
 -11.25258   -9.460844  -8.024938  -8.857934 -11.112452 -13.039096
 -11.420606 -10.19988   -8.493114  -8.954794 -11.644544 -12.726766
 -11.6435   -12.17478  -12.27251  -11.585152  -9.636294 -10.247382
 -10.438376 -11.755092  -9.547786 -10.393252 -12.065218 -10.593816
 -10.624962 -12.671376 -10.91067  -11.588226 -10.673566 -11.258264
 -12.267986 -11.094414 -11.61624  -12.54163  -12.733726 -12.509498
 -12.275004 -11.937908 -11.682708 -11.166508 -11.564852 -10.479208
 -11.479302 -11.240458 -10.458212  -7.282074  -6.843536  -8.181422
  -8.728536 -10.37359  -10.79583  -10.983286 -11.447866 -11.650692
 -11.00057  -10.49075  -11.392302 -11.193884 -10.70738   -9.413052
  -8.368414  -6.664664  -8.74843   -7.297444  -7.981264  -5.974406]"
1571,"[ -8.794656 -10.215076 -10.241118 -10.573632  -8.749706  -9.58798
 -10.044092  -9.170902  -9.257496  -8.875798 -11.469268 -10.145476
 -10.791422 -10.716196  -9.600276  -8.30502  -10.300162 -10.435012
 -10.295232  -9.711114 -10.053372 -10.597818  -9.637744  -9.903152
  -9.715406  -9.861624  -9.644298  -9.263064  -8.454428  -7.284742
 -10.71202  -11.00985  -10.668868  -9.694758  -9.168582 -10.189672
 -10.304396 -10.393252  -8.204564  -8.92243  -10.113982  -9.54158
  -9.58247   -9.934124 -10.075992 -10.377998  -9.80867  -10.170126
 -10.506526 -10.598108  -9.57232   -9.336608  -9.196306  -5.13213 ]"
1572,"[ -7.63657   -7.550498  -6.658922  -7.985092  -7.384676  -8.207696
  -8.158454  -7.612906  -7.637208  -8.15103   -8.743674  -9.23099
  -9.218346  -9.319846  -9.617444  -8.980024  -9.652882  -9.383356
  -8.84297   -9.397102  -9.289106  -8.484298  -7.671138 -10.210784
 -10.09026  -11.470834 -10.923488 -11.231352 -10.34546  -10.15
 -11.14586  -11.315742 -10.5212    -9.638382  -8.903174  -9.496746
  -9.937256  -9.733096  -9.507534  -9.994444  -9.983482  -9.864234
 -10.574386  -9.326864  -8.578896 -10.230388  -8.201722  -6.824454
  -8.442132  -9.00711   -9.221014  -9.174092  -9.451448  -9.258714
  -8.02546   -9.597724  -8.83572   -9.531256  -8.94186   -8.905088
  -9.754962  -9.473662  -9.177224  -8.49961   -7.660698  -9.868816
 -10.103194  -7.654492  -8.994234  -7.875414  -6.386438  -7.577874
  -6.98755   -7.375628  -7.362694  -6.528306]"
1573,"[-11.091456 -12.05472  -11.512884 -11.610324 -11.332852 -11.726034
 -11.47617  -12.461764 -10.400966 -10.804588 -11.508244 -10.91386
  -9.523136 -10.937408 -11.398334 -11.296892 -11.895858 -11.597332
 -11.388996 -11.381804 -12.067828 -11.20647  -10.080922 -11.34712
 -11.68236  -11.793372 -11.21981  -10.358104  -9.540768 -10.283574
 -10.189382  -9.481724 -10.090724  -8.544792  -8.2099    -9.298966
  -9.366246  -8.455182 -10.717994  -9.20692  -12.228836 -10.095132
 -10.326378 -11.992892 -10.996626 -11.083394 -11.292832 -10.783012
  -9.922814 -10.03864  -10.967974 -11.024582 -10.76103  -11.667396
 -11.237268 -11.380412 -11.04697   -9.256046 -10.897272 -10.923778
 -10.61719  -10.751692 -10.3733   -10.658486 -10.760102 -11.089658
 -10.138806 -10.471204 -11.694076 -11.355414 -11.756252  -8.931246
  -8.310356  -9.565244  -8.460866  -9.738606  -9.28      -9.265152
  -9.720394 -10.072164 -10.241582  -9.974492  -9.956338  -9.418736
  -9.101708  -9.973912 -10.267508  -8.6275    -9.760066  -9.502952
  -9.46473   -9.488858  -9.440776  -9.575684  -9.02712   -8.796106
  -9.755194  -9.139002  -9.48329 ]"
1574,"[-9.38991  -6.010656 -8.821916 -9.571682 -8.401764 -9.362302 -8.52803
 -8.25369  -7.76997  -9.676546 -6.560844 -8.81368  -9.069982 -5.572234]"
1575,[-9.081292]
1576,"[-10.050762  -8.9784    -9.40528  -10.250572 -10.258112  -9.367174
  -9.713086 -10.51105  -10.500668 -11.551222 -11.519496 -10.018688
 -10.167574 -10.064334  -9.61959  -10.133644  -9.97339  -10.193558
 -10.252254 -10.144142  -9.347454  -9.698064  -9.529574  -9.051422
  -9.890276 -10.347142  -9.11644   -9.603466 -10.05749   -9.372916
 -11.021102 -10.326842  -9.824388 -10.313618  -9.90437  -10.255618
  -9.952626 -10.260664  -9.283828  -8.148536  -7.64933   -8.271786
  -8.639216  -8.929042  -9.141612 -10.495796  -9.647198  -9.91684
  -9.328488 -10.105572  -9.93047  -10.002506 -10.23932  -10.387742
  -8.024532  -7.849778 -10.694098  -7.717306  -8.333846  -7.91903
  -8.12638  -10.031912 -10.671246 -10.434316  -9.486944  -8.433432
  -9.038082 -10.529146 -10.486922 -10.348418 -10.051342  -9.82578
 -10.74218  -10.254342 -10.056388 -10.16885  -10.473234  -9.095212
  -8.811244 -10.384378  -9.80809  -10.721822 -10.266406  -9.07816
  -9.80374  -10.26223  -10.408158 -10.1935   -10.232302 -10.071468
  -9.050494  -9.881924  -9.03553   -9.351572  -9.44124  -10.704828
 -10.142634 -10.178652 -10.460126  -9.01958  -10.235956 -10.119202
 -10.743746 -10.281834 -10.56238  -10.42347  -10.314198 -10.33589
 -10.037538 -10.117056 -10.341632 -10.706278  -9.896772  -8.809736
 -10.177086 -10.487328 -10.066712  -9.634438  -8.649598  -9.70166
  -9.716856  -9.92786   -8.852308  -8.622976]"
1577,"[ -9.325356 -10.666954  -9.792952 -10.273076  -9.881112  -9.93917
 -10.59138  -10.041888 -10.74653   -9.384516 -10.057316 -10.236826
 -10.826976 -10.481238 -10.589118 -10.77872  -10.896402 -11.298748
 -10.34024  -10.42521  -11.075216 -10.876334 -10.8518   -10.820596
 -10.12013  -10.569108 -10.136486 -11.14499  -10.255734 -10.520968
 -10.619742 -10.78481   -9.969794 -10.315126 -10.716312 -10.145824
  -9.338812  -8.309428  -5.052844]"
1578,"[-10.35561   -9.101592 -10.443306  -9.947812 -10.623048 -10.159686
 -10.22511  -10.66446  -10.262346  -9.169858  -8.91025   -8.611666
 -10.157366 -10.282878 -10.825526 -10.532452 -10.102266  -9.948798
 -10.37939  -10.246454 -10.39389   -9.887028  -9.910402  -9.735126
 -10.380028 -10.879118  -9.909358 -10.162992  -9.958542  -8.849234
  -9.538448  -9.193986 -10.312052 -10.849828  -9.427668  -8.89459
 -10.197444  -9.510724  -9.77822  -10.442842 -10.522186 -11.354428
 -11.431742 -11.63422  -10.564816 -10.800122 -10.376664 -10.024894
 -10.28717   -9.813484  -9.712216  -9.792604 -11.754976 -11.043838
 -11.462076 -11.602552 -10.370284  -9.989514 -10.482688 -10.923952
 -10.664286  -9.367116 -10.458444 -10.400328 -10.45392   -9.480332
 -10.681976 -10.201852  -9.853388 -10.37069  -10.461576 -10.018688
 -10.44232  -10.357988 -10.104354 -10.382232 -10.042584 -10.159222
 -10.32574  -10.362454 -10.185438 -10.101512 -10.00732  -10.409956
  -9.409804 -10.617828 -10.388844 -10.532916  -9.643486 -10.01225
  -9.911272 -10.300278 -10.672174 -10.154408 -10.732204 -10.509194
 -10.161484  -8.894532  -8.148072  -7.648518  -9.130476  -8.38651
  -7.034124 -10.783244 -10.235724 -10.36083  -10.411638 -10.445742
 -11.573436 -10.657094  -9.787906  -9.832102 -10.604024 -10.439188
  -9.963936 -10.05082  -10.046644 -12.035232 -11.574596 -10.823438
  -9.234006 -10.762828  -9.85507   -9.723294  -9.134188 -10.39186
  -9.91075   -8.668622 -10.848958  -9.58653  -10.569224 -10.444814
 -11.62291   -9.10571  -10.424746 -10.743166 -10.199822 -10.440696
 -10.418076 -10.76509  -11.047144 -11.937966 -10.27325  -10.678728
 -11.010778  -9.001716  -8.348984  -6.250022  -6.658342  -7.282654
  -8.714326  -8.904566  -8.518866  -7.912476  -8.13682  -10.067756
  -8.958448  -9.876356 -10.097162 -10.212234  -9.46241  -10.123436
 -12.000084 -11.412428 -10.474046 -10.51888  -10.000708 -10.851684
 -10.809866 -11.202758 -10.397138 -10.39331  -10.606808  -9.883664
 -10.407926 -10.408332 -10.649844 -10.511978 -10.109864 -10.840026
  -9.457248 -10.127728  -9.940736 -10.151276  -9.859884 -10.479614
 -10.518474 -10.93242  -10.110096 -10.706162 -10.093276 -10.252776
 -10.448642 -10.521432 -10.97534   -9.52186  -10.542602 -10.019326
  -9.739012  -8.479832  -9.755484  -7.980568  -8.9813    -9.068358
 -10.08127   -9.844746  -9.508172  -9.34032  -10.06416   -9.593664
 -10.430894 -10.5328   -10.088462 -10.062188 -10.048326 -10.314372
  -9.948566 -10.289084 -10.200924 -10.748502 -10.862588 -10.70709
 -10.497014  -9.69644   -9.621968  -9.976116 -10.772514  -9.467572
 -10.021182  -9.48822   -9.475692  -9.194102  -7.79839   -8.375084
  -9.362476 -10.794322  -9.583282 -10.04386  -10.35938  -10.29152
 -10.047688 -10.07083   -9.183372 -10.182712 -10.849364 -10.232882
  -9.862378 -10.059694 -10.056736 -10.44899  -10.450904 -11.429132
 -11.622156 -10.147622 -10.372372  -9.944564 -10.606692  -9.728166
 -10.464418 -10.726288  -9.801884 -10.86137  -10.372314  -9.806814
  -8.854512 -10.311762 -10.218614  -9.396522  -9.22258   -9.707518
 -10.34343  -10.414016 -10.17639   -9.339276  -7.599218  -7.987296
  -6.364514  -6.245904  -5.148196  -5.98067   -8.245048  -8.59589
  -8.808576  -9.01784   -7.572248  -8.177594  -7.919436  -8.875682
  -9.280058  -8.276368  -8.018906  -7.125764  -7.9489    -8.389468]"
1579,"[ -9.330518  -9.753164  -8.766062  -9.308362  -9.233716  -9.251116
  -8.296552  -8.396022  -8.314938  -7.19606   -7.437862  -6.905654
  -7.973028  -9.234818  -9.040054 -11.119064  -8.999106  -8.844072
  -7.843862  -7.262238  -8.102658  -7.12066   -8.99232  -10.790784
  -8.710266 -11.694192  -7.779424  -7.992806  -9.404816 -10.251094
  -9.335506  -9.3496    -9.456262  -9.225828  -8.587016  -8.522926
  -9.382544  -7.161318  -7.303244  -5.049016]"
1580,"[-10.803776 -10.468768  -8.814782 -10.86775   -9.990558  -9.481318
 -10.00297   -8.67042   -9.937372  -9.648126 -10.554318 -10.104412
  -9.46618   -9.688552  -9.633974  -9.730776 -10.538716  -9.401684
  -9.089934 -10.708598  -8.600588 -10.65779   -9.042084  -8.640666
 -10.409028  -9.222638  -8.558886  -9.902688  -9.445764  -9.62452
  -9.796838  -9.505678  -9.22838   -9.954424  -9.21968   -9.950306
  -9.244968 -10.59892   -9.34844   -9.144338 -10.683426  -8.753766
 -10.572356  -9.005022  -9.282146 -10.15899   -9.363346  -9.371814
 -10.82019   -9.378078 -11.197422  -9.343046  -8.255488 -10.471088
  -9.357024  -9.087324 -10.527522 -10.577924  -8.847262 -10.856266
  -9.121138  -9.07758   -9.949204  -9.420766  -9.808786  -9.24404
 -10.018862  -9.091616  -9.740752  -9.059078  -9.89509   -9.187374
  -9.332374  -9.44965   -9.17125   -8.12      -9.46937   -8.838504
  -9.962022 -11.34161   -8.67564  -10.584246  -9.907676  -8.966858
 -10.221978  -8.958622 -10.167806  -9.233832 -10.064914  -9.099446
  -9.61553   -9.336434  -9.719872  -8.976254 -10.447424  -8.685616
 -11.24707   -9.102636  -9.526268 -10.14246   -9.631944  -9.280986
  -9.948218  -9.192362 -10.185496  -9.27652   -9.495644 -10.868678
  -8.793554 -10.41941   -9.502314  -9.303548  -9.962428  -8.602502
  -9.89451   -9.723642  -9.375932  -9.609498  -9.729094  -9.23302
  -9.69093  -10.55165  -10.374344  -9.596506  -9.154256  -9.832392
  -9.356502  -9.592678  -9.553528  -9.58653   -9.108088  -9.461076
  -9.449824  -9.107856  -9.048986 -11.12121   -8.411798  -9.243982
 -10.36837  -10.457632  -8.837576  -9.864582  -9.721032  -8.875392
  -8.258156  -9.25767   -9.771956  -9.166494  -8.444394  -8.288258
  -8.00661   -6.168648  -9.378426  -7.117296]"
1581,"[-11.78299  -10.324638 -12.123682  -9.542044 -12.587218 -11.621924
  -9.712622 -10.901506 -10.874594 -11.249332 -11.932514 -11.165232
 -11.480984 -12.54946  -10.815782 -11.56868  -12.640694 -11.626216
 -10.95533  -11.248926 -11.480752 -11.088092 -11.555746 -11.733574
 -11.620938 -11.132926 -11.017564 -11.563228 -11.198118 -11.703878
 -10.88979  -11.554528  -8.140184  -8.013222  -9.533518 -11.22184
 -11.023654  -9.80693  -10.147274 -11.192434 -11.97149  -11.469674
 -11.074288 -12.361076 -10.880104 -12.655484 -10.801746  -9.539666
  -9.798346 -10.373184 -12.546154 -10.50235  -11.217084 -10.809286
 -11.195566  -9.132216 -10.543646 -11.571348 -11.440616 -11.099112
 -10.799542 -11.191158 -10.25469  -12.52684  -10.181668 -10.329278
  -8.704814  -7.339958  -6.378028  -7.117876]"
1582,"[ -8.172606  -7.879532  -8.938612  -9.45864   -9.263644  -9.27913
  -9.451448  -9.555036  -9.194624  -9.351224 -10.152146  -8.914136
  -9.608512 -10.831152 -10.66359   -9.802    -10.69259  -10.176042
  -9.49025  -10.326726  -9.850546  -8.209088  -9.47082   -8.861994
  -6.759378  -8.59763  -10.201098 -10.119028  -9.273504 -10.800122
  -9.791502  -9.833494  -8.298524  -8.486386  -9.389968  -7.408572
  -7.590344  -8.969294  -8.103702  -7.37238   -6.394558  -8.384538
  -6.829616  -6.019414  -7.908996  -9.323964  -9.750438 -10.658138
  -7.658204  -8.162978  -7.789052  -8.519388  -8.250094  -9.58218
  -8.630516  -8.359888  -8.623266  -9.156924  -7.83058   -8.746806
  -8.285242  -6.659502  -8.168894  -9.64743   -8.040192  -6.900376
  -8.01531   -7.872224  -7.707504  -8.072556  -7.749786  -7.960732
  -8.6217    -9.554978  -9.621098  -9.023292  -9.56623   -7.93759
  -7.53971   -8.755216  -8.817508  -8.397994  -9.885636  -8.839896
 -11.896264  -9.98876  -10.862588 -11.52576   -9.007632  -7.872166
  -9.122298  -9.770216  -9.164696  -9.502488  -9.795678  -9.320426
  -9.8165   -10.520504  -9.737736  -9.24955   -9.15501   -9.450404
  -8.814782  -9.220782 -10.994712  -9.683332  -8.921618  -9.587922
  -9.090282  -8.625934  -7.722178  -9.644646 -10.046064 -10.710918
  -8.96245   -9.639832  -9.149906  -8.696346  -9.062674  -9.501734
  -9.733618  -9.423956  -7.991762  -7.450158  -8.184148  -9.394608
  -9.42674   -9.405802  -9.212024  -8.64809   -7.457234  -8.897432
  -8.601922  -6.818248  -8.27747   -8.001506 -10.483152 -10.30776
  -9.802928 -10.35184  -10.177608 -10.1674   -10.533554 -10.524796
  -9.432714 -10.370748 -10.489996 -10.001578  -7.35788   -7.656754
 -10.25208   -9.498428 -10.580186  -9.785354  -9.903442  -8.391672
  -7.680012  -9.34496  -10.46668  -10.350158  -9.892828 -10.465404
  -9.257728  -9.774682 -10.03574  -10.901448  -9.718132  -9.533402
  -8.7406    -7.360084  -9.287366  -9.298734  -9.173686  -8.784622
  -8.329264  -7.144034  -9.265094  -5.23392 ]"
1583,[-7.931906 -9.790574 -9.638672 -9.511072 -9.721728 -8.776328 -7.14183 ]
1584,"[-10.843274  -9.495876  -9.748292 -10.63198  -10.56528   -9.613906
 -10.384262 -10.004594  -9.832508 -10.60559  -10.619626  -9.834364
 -10.471204 -10.395166 -10.433214 -10.216062 -10.359206 -10.302656
 -10.029302  -9.808032  -9.772652 -10.112358  -9.7904   -10.043106
 -10.447656  -9.969446 -10.219832  -9.878328 -10.080168 -10.797222
 -10.02588  -10.361178 -10.431184 -10.352478 -10.397892 -10.602284
 -10.657094 -10.538542  -9.689248  -8.55123   -8.630284 -11.101026
  -7.861552  -9.502546 -10.146868  -9.358648  -9.77445   -9.48822
  -9.448722  -8.679816  -9.032224 -10.645494  -9.270024  -9.131288
  -7.143628  -7.033718  -8.642522  -8.479426  -8.556276  -8.785666
  -8.014846  -8.058926 -10.390004  -9.830594  -7.6328    -6.86053
  -7.3718    -7.511754  -9.622258 -10.75436  -10.882192 -10.865836
  -8.952358  -8.221268  -9.67295   -9.9818    -9.76372   -9.338696
  -8.07969   -9.219448 -11.893654 -10.130918  -9.04307   -7.650316
  -8.74234  -12.157264  -7.498878  -5.310828]"
1585,[-7.533214 -5.61643 ]
1586,"[ -9.438282 -10.241814 -10.512326 -10.122682 -10.168908 -10.249818
  -9.31973   -9.772014  -9.914288 -10.260026  -8.963668 -10.756738
  -9.998156 -11.046042  -8.989246  -8.5521    -7.38282   -5.743682]"
1587,"[ -8.596876  -8.033522  -8.328046  -8.29081   -9.442458 -10.138864
  -9.326864 -11.099924  -9.78692   -9.602074 -10.27238   -9.207326
 -10.739222 -10.087882  -8.887688  -7.329576  -8.612014  -7.44575
 -10.50786   -9.250014  -9.442806  -9.132158 -10.402706  -9.540768
  -8.816406  -9.064762  -8.343648  -9.53926   -8.534758  -7.026236
  -6.693548  -7.760864  -6.53022   -6.319622  -8.607838  -8.27776
  -9.824794  -9.932674 -10.165022  -9.10397   -6.414162  -5.897672
  -5.99227 ]"
1588,"[ -6.09319   -7.234514  -8.414698  -8.793322  -9.66106   -8.518054
  -8.258272  -8.648438  -8.30734   -9.807858 -10.12999   -8.878524
  -9.489844  -8.958622  -7.839802  -7.9895    -8.372822 -10.20626
  -8.625876  -8.413248  -9.586646  -9.24752   -9.10948   -9.903906
  -9.281682  -8.713282  -9.278608  -9.333592  -8.273642  -7.816022
  -8.611028  -9.217128  -9.98557   -8.424848  -9.800608  -9.800898
  -9.866206  -9.194624 -10.054764  -9.1872   -10.110154  -9.20866
  -8.70203   -9.514842  -8.617814 -10.212234  -9.801188  -9.333534
  -9.588908  -9.749858  -9.480854  -9.925018 -10.666664  -9.660074
  -9.739766  -9.920262  -9.09324   -9.417112  -9.6802    -9.239226
  -7.70211   -7.815964  -7.87495   -7.918624  -8.095756  -6.810186
  -6.431156  -7.268908  -9.32611   -8.987216  -9.849386  -9.145266
  -8.947776  -8.154974  -9.272692  -9.728456  -9.541174 -11.054684
 -10.718748 -10.300452 -11.68555  -11.490206  -9.47401   -9.811396
  -8.65157   -7.64991   -9.068706  -7.272214  -9.044694 -10.123378
  -9.105014  -9.325066  -6.691808  -5.70488 ]"
1589,"[ -9.887318 -11.16471  -10.397834 -10.21815  -10.358626 -10.378114
  -9.821662 -10.89414  -10.697462 -10.941526  -9.879894  -9.820212
 -10.160788  -9.153734 -10.175172 -10.089274 -10.308398  -9.895554
 -10.242452 -10.308514 -10.499624 -10.578678 -10.469116 -10.435766
 -10.470102 -10.209276  -9.900774  -9.556022  -9.732632  -9.737214
 -10.290882 -10.00993  -10.372256  -9.791966  -9.710766 -10.481296
  -8.33373   -8.948182  -9.946942 -10.13289   -9.108958  -9.626028
  -8.763162 -10.12274   -8.321666  -5.701864]"
1590,"[ -9.277332  -9.489438  -8.388134  -9.332432  -9.28609   -8.927476
  -9.08193   -9.282842  -9.471632  -9.404062  -9.852344  -9.037502
  -9.459858  -9.077406  -9.109654  -8.900332  -9.319846  -9.32843
  -8.93519   -8.783346  -8.876204  -8.16321   -9.236326  -9.27826
  -9.22432   -9.296182  -9.20054   -9.32785   -8.680918  -9.451448
  -9.240212  -9.315786 -10.293202  -9.237486  -9.906806  -9.631538
  -8.985418  -9.731762  -8.873072  -8.910888  -9.278318  -9.150486
  -9.36468   -9.134826  -9.785528 -10.290592 -10.18219   -8.958796
 -10.208638  -9.361664  -8.85892   -8.650874  -9.03785   -9.35018
  -8.716472  -8.977994  -9.536476  -9.060992  -9.65961   -8.936408
  -9.615472  -9.056932  -9.677126  -9.060122  -8.397878  -9.163246
 -10.138748  -9.967648  -9.214054  -9.966082  -9.703516  -8.491606
  -9.245548  -9.120848  -9.769984 -10.050298  -9.160404  -8.703828
  -9.349252  -8.685326  -8.610506  -9.59871   -9.543262  -9.258714
  -9.444604  -8.774878  -9.572436  -9.896714 -10.049138  -9.166958
  -9.979248  -9.498718  -9.19764  -10.324638  -9.105304  -9.368624
  -9.87247   -8.940874 -10.125292  -9.732284  -9.011286  -8.780388
  -9.369726  -9.348614  -9.269328  -9.73385   -8.493404  -7.947334
  -8.954678  -9.300416  -9.401104  -9.095212  -9.434454  -9.078334
  -9.735706  -9.350644  -9.858724  -9.163362  -9.35453   -9.214344
  -9.23273   -9.083148  -9.257844  -9.376686  -9.2916    -9.4337
  -9.183662  -9.21359   -9.525746  -8.80556   -9.673762  -9.441704
  -8.640086  -9.37512   -9.289048  -9.391708  -9.633626  -8.79019
  -9.883954  -9.929658  -9.282784  -9.293978  -9.264804  -9.58044
  -9.213822  -9.37251   -9.489554  -9.607932  -9.258192  -9.412066
  -8.866808  -9.275882  -8.897722  -9.425754  -9.036922  -9.435614
  -9.344322  -8.955432  -9.529806 -10.31791  -10.278702  -8.647974
  -9.141844  -9.435382  -8.981532  -9.183546  -8.69623   -9.249202
  -9.370074  -9.467514  -9.58508   -9.250014  -9.185982  -9.265036
  -8.615842  -9.67701   -9.286438  -9.159592  -9.058498  -8.945804
  -9.1988    -9.914694  -8.709164  -9.166726  -9.342814  -9.394782
  -9.31306   -9.31016   -8.640144  -9.325124  -9.368566  -9.369958
  -8.835372  -9.611818 -10.153364  -7.916942  -8.77511   -9.19213
  -9.272402  -9.514436  -9.099504  -9.52012   -9.311436  -9.31567
  -9.411428  -9.372684  -9.263064  -9.452376  -9.42732   -9.131462
  -9.588966  -8.59328   -9.59204   -8.88125   -9.846834  -8.981068
  -9.362998  -9.201932  -9.165566  -9.017144  -9.168292  -9.162086
  -9.107972 -10.009582  -9.713956  -8.923648  -9.656072  -9.701718
  -8.698782  -9.116498  -9.702878  -9.907154  -9.840454  -9.97368
 -12.34269  -10.194544 -11.638222 -11.626796 -11.590372 -11.152994
 -11.320266 -10.555304  -7.083076]"
1591,"[ -8.499262  -8.57675   -8.292608  -8.039902  -8.39347   -8.376708
  -7.310204  -8.232114  -8.20816   -7.577758  -8.761306  -8.125568
  -8.587944  -9.965676 -11.452622 -11.30188  -10.515458 -10.845072
 -10.841186  -8.388772  -7.733952  -8.55413   -7.976972  -7.44633
  -8.258968  -9.235456  -8.549606  -8.497986  -8.438884  -7.964792
  -8.458778  -7.160796  -8.02198   -8.428212  -8.206884  -6.90026
  -8.357162  -8.987506  -8.50106   -8.68057   -8.259664  -8.36534
  -8.785782  -8.414118  -8.457734  -8.469044  -8.373344  -8.464288
  -8.5666    -8.105268  -8.156714  -8.418468  -8.536672  -8.48482
  -8.395906  -8.76844   -9.81882   -7.479796  -7.974594  -8.281936
  -7.973144  -8.959956  -8.293188  -8.40768   -7.511116  -9.084946
  -8.582492  -8.18931   -9.728862  -7.712782  -5.741304]"
1592,"[-10.874188 -10.683078  -8.985766  -8.631212  -7.96891   -6.832516
  -8.606678  -6.85212   -6.460214  -6.13785   -7.922742  -6.9049  ]"
1593,"[-11.738678 -12.144214 -12.20001  -12.8905   -12.699506 -12.060694
 -12.883946 -13.143322 -11.952002 -12.783606 -12.810054 -13.177368
 -11.02957  -10.94112  -11.490438 -10.70419  -11.235354 -12.285154
 -11.386386 -11.037226 -11.806944 -12.415364 -12.993508 -12.941076
 -13.293774 -13.08712  -13.340928 -12.357886 -11.715942 -13.40786
 -11.167784 -11.346192 -12.822698 -12.407882 -11.35727  -11.726208
 -12.474408 -12.664242 -12.618886 -12.131164 -13.989774 -12.389612
 -13.179572 -12.90442  -13.15411  -13.051798 -11.570188  -9.835002
 -11.996372 -13.109624 -13.816006 -12.98388  -12.43491  -12.802862
 -12.512804 -12.212596 -12.183248 -13.002614 -13.053828 -13.292498
 -13.054988 -13.17702  -13.21849  -13.412848 -13.45571  -13.13729
 -12.694692 -12.115852 -12.759072 -11.721742 -13.003368 -13.03318
 -12.726186 -13.35827  -12.982372 -13.25503  -12.299306 -12.48247
 -13.113162 -11.359648 -11.902702 -11.423622 -11.194986 -11.14934
 -13.224116 -11.144178 -10.556986  -9.61611  -11.278506 -11.405642
 -10.21467   -9.043824 -10.70332  -10.039684 -10.864444 -10.149884
 -10.941468  -9.873978  -8.904566 -10.070598  -9.857042  -8.770528
  -8.479484  -9.650736  -9.208254  -9.227162  -8.759972  -8.611144
  -7.917464]"
1594,"[-12.785346 -12.570456 -12.763422 -12.693358 -12.987302 -13.015664
 -12.666388 -12.628456 -12.560016 -12.869736 -12.827106 -12.398486
 -12.742426 -12.602066 -11.949276 -12.78784  -12.481368 -12.472726
 -12.658326 -12.999366 -12.748748 -11.985294 -12.258822 -12.997278
 -12.47638  -12.732566 -12.977152 -12.697882 -12.269958 -12.513268
 -12.078326 -12.84526  -12.617842 -12.506192 -12.74318  -12.685064
 -12.558508 -12.528232 -12.520982 -12.795148 -12.417742 -12.616914
 -12.92559  -12.796134 -12.022994 -12.654208 -12.588726 -13.016186
 -12.576604 -12.436476 -12.663024 -12.959578 -12.967756 -12.59615
 -13.10452  -12.745384 -12.69243  -12.664068 -12.73245  -12.887484
 -12.018586 -12.640172 -12.622308 -12.598354 -12.135746 -12.631936
 -12.732392 -12.725316 -13.018042 -12.900824 -12.955924 -12.769164
 -12.74637  -12.93806  -12.98707  -12.460662 -12.088534 -13.080508
 -13.04768  -12.907958 -12.775718 -12.480846 -12.814752 -12.42215
 -13.152544 -12.71157  -12.712092 -12.645102 -12.906566 -12.707684
 -12.839054 -12.542906 -12.997394 -12.166254 -12.500682 -12.766844
 -12.279876 -12.002288 -12.280688 -12.970424 -12.950066 -12.06777
 -11.279724 -12.948384 -12.749386 -13.023262 -12.319664 -12.71766
 -12.529276 -12.700144 -12.97866  -12.695678 -12.720908 -12.621032
 -13.134912 -12.331032 -12.716616 -13.047274 -13.010734 -12.374648
 -12.041264 -12.829832 -12.537976 -12.95256  -12.587218 -12.264796
 -12.129018 -12.176172 -13.166986 -12.626484 -12.45898  -12.150826
 -12.741904 -12.570456 -12.145432 -12.458168 -12.153784 -12.779952
 -12.486124 -12.737786 -12.641622 -12.892008 -12.82467  -12.749444
 -12.54714  -12.95053  -12.62341  -12.18928  -12.75043  -12.877334
 -12.495636 -12.064638 -12.434736 -12.616508 -12.66749  -12.286256
 -13.092978 -12.697418 -13.048434 -12.73448  -12.86179  -12.90558
 -12.564076 -12.480846 -12.692488 -12.819566 -12.911844 -12.74898
 -12.481542 -12.346924 -13.172496 -13.060788 -12.995538 -12.705712
 -12.780996 -12.777458 -12.709076 -12.67967  -12.693938 -12.624744
 -12.837836 -12.826816 -13.077434 -12.85512  -12.414262 -12.404518
 -12.864284 -12.96416  -12.808256 -13.159968 -12.874376 -12.743064
 -12.720908 -12.640578 -12.834182 -12.680772 -13.076912 -11.960702
 -12.95517  -11.88159  -12.200822 -12.556014 -12.962942 -12.80901
 -12.50886  -12.991652 -12.671434 -13.004354 -12.614768 -12.927794
 -12.42563  -12.699912 -12.679786 -13.074244 -13.04942  -12.692488
 -12.52771  -12.057156 -11.953452 -12.801876 -11.610498 -12.298378
 -12.84004  -12.812722 -12.390366 -11.9509   -12.645392 -12.3917
 -12.161034 -12.966074 -12.434678 -12.82235  -12.779894 -12.29513
 -12.597368 -12.757158 -12.778908 -12.23742  -12.504452 -13.093964
 -12.407476 -12.868634 -12.58861  -12.602704 -12.689356 -13.013924
 -13.00012  -13.017056 -12.260214 -12.740396 -12.511528 -12.657862
 -12.77798  -12.89804  -12.638548 -12.586928 -12.355624 -12.623236
 -13.288496 -13.24314  -12.32065  -12.370646 -12.193514 -12.440768
 -12.077456 -12.479106 -12.55439  -12.644638 -13.153414 -12.446336
 -11.618038 -12.626194 -12.854482 -12.856106 -12.42882  -12.872288
 -12.728448 -12.757042 -12.712614 -12.811562 -12.92849  -12.618248
 -12.262534 -12.261664 -12.2061   -12.880988 -12.99345  -12.882554
 -12.637794 -12.636808 -12.443668 -12.815622 -12.873912 -12.719806
 -12.744224 -12.965204 -12.706176 -12.59615  -11.956584 -11.35582
 -12.010756 -12.182784 -12.835052 -12.841258 -13.003078 -12.74231
 -12.723808 -12.634256 -12.930288 -12.833718 -12.525506 -12.422672
 -12.015454 -12.071946 -12.42737  -10.819088 -12.616972 -12.787028
 -12.534264 -12.997974 -12.991884 -12.526724 -12.47783  -12.616682
 -12.581418 -12.792016 -12.85831  -12.979414 -12.64922  -12.77189
 -12.564366 -12.17014  -12.470348 -12.101874 -12.419424 -12.273612
 -13.093674 -12.409564 -12.74405  -11.855664 -12.48537  -12.723692
 -12.194732 -12.462982 -12.866082 -12.762262 -13.024364 -12.65676
 -12.888238 -12.147868 -11.926018 -10.23903   -9.500806 -12.374822
 -12.691908 -12.636112 -12.388916 -12.374938 -12.842766 -12.514602
 -12.904652 -12.569702 -12.664706 -12.206738 -12.80669  -12.915324
 -12.795206 -12.544762 -12.748342 -12.928258 -13.043098 -13.151732
 -12.186902 -12.40707  -12.875072 -12.850074 -12.91399  -12.512804
 -12.274366 -12.886382 -12.781344 -12.719806 -12.63182  -12.639824
 -12.993102 -12.72085  -12.964682 -12.539136 -12.73129  -12.682338
 -12.22582  -12.59093  -12.931912 -12.91544  -12.440014 -12.994668
 -12.967176 -12.766496 -12.845666 -12.549982]"
1595,"[-10.2428   -10.016774 -10.6517    -9.696266  -8.076732  -9.887608
  -8.600994  -6.743602  -9.187374 -10.211596  -9.517916  -9.075724
  -8.913382  -9.245664  -9.19387   -9.48474   -9.93395   -9.05119
 -10.291346  -9.89712  -10.320984  -9.40151   -9.710998  -9.632756
  -9.728862  -8.932928  -8.67506   -8.997018  -9.727876  -8.685616
  -7.917058  -8.472814  -9.546394  -8.841636  -9.497558  -9.223566
  -8.435694  -6.948632  -7.279     -7.458452  -8.016296  -9.381732
  -9.588966  -9.038836  -9.776712  -9.971824  -8.941164  -9.765228
  -7.1427  ]"
1596,"[-8.00574  -8.558596 -8.205608 -8.178348 -8.418352 -7.912012 -8.920516
 -8.569384 -8.308384 -8.959898 -8.419918 -8.25398  -7.969838 -7.563722
 -6.81529  -7.192696]"
1597,"[-10.710454 -11.094878 -10.84803   -9.832682 -10.872506 -10.846986
 -10.901622 -11.211342 -11.122544 -11.377802  -9.511188 -10.431648
  -8.192442  -8.151436  -8.950792  -8.062522  -8.226314  -8.521302
  -9.262832 -10.047514  -8.366674 -10.177086  -9.305056  -8.675234
  -7.757674  -6.222182  -6.566586  -8.49903   -8.415394  -8.231708
  -8.231418  -9.196074  -8.368182  -8.38419   -5.30845   -5.387446
  -7.97993   -8.97144   -6.835416  -6.943644  -9.653462 -10.903304
  -9.890682 -10.065958  -9.921132 -10.620902  -9.957672  -9.251116
  -8.051096  -8.8421    -9.813948  -9.425638  -9.993458  -9.347454
  -6.83994  -10.474278 -10.002912 -10.002158 -10.71376  -10.585174
  -9.774856 -10.045774  -8.659342 -10.3559   -10.553622 -10.010626
  -9.601726  -9.428538  -8.850394 -10.311762  -9.335912  -9.747596
 -10.028838  -9.50649  -10.859166 -10.206898  -9.689074  -9.970084
  -8.756666  -9.295892  -9.096778  -9.266602  -9.593258  -8.468406
  -9.43138   -9.109886  -9.900136  -9.45139   -9.257844  -9.967126
 -10.234564 -10.145592 -10.30515  -10.129758  -9.832624 -10.035044
  -9.550628  -9.817428 -10.033304  -7.048798  -7.90366   -8.879046
  -9.913302  -8.77917   -8.91547   -9.135058  -7.500154  -9.22664
  -8.365862  -8.78642   -8.68434   -7.66296   -8.504076  -9.122704
  -9.264108  -8.449556  -8.938786  -7.366406  -8.012352  -8.371778
  -8.116462  -8.07534   -8.186004  -9.003456  -8.613464  -8.969584
  -8.94041   -9.479984  -9.178442  -8.744602  -9.413168 -10.374518
 -10.510006 -10.08127   -9.291774  -9.734024 -10.152668 -10.064624
 -10.83237  -10.199938  -9.702066  -9.203034 -10.492316 -10.729536
 -10.19611  -10.12622   -9.892538  -8.200504 -10.159164  -9.913012
  -9.404526  -8.686428  -7.396276  -7.552064  -9.26724   -8.45785
  -8.200504  -7.210734  -6.18628   -8.605054  -7.818342  -9.081698
  -9.723526  -9.921422  -7.899948  -8.829804  -8.982112  -9.174846
  -8.34359   -8.598848  -8.456284  -9.55579   -8.18525   -7.097344]"
1598,"[ -7.237124  -7.889508  -7.393028  -7.285148  -7.988978  -8.018848
  -8.125626  -7.378702  -7.768288  -7.422492  -7.2703    -7.052336
  -7.083018  -8.026504  -8.86617   -9.309116  -9.651722 -10.425442
  -9.600392  -8.78497  -11.718842 -11.265572 -11.496354 -10.75755
  -9.201758 -11.223812 -11.671572 -10.99767  -11.976884 -11.504532
  -8.564338  -7.337928  -9.666222  -9.964516 -10.487386 -10.100236
 -10.964784 -10.316054  -9.855476  -9.291078  -9.155532  -9.89973
  -8.045064  -8.054576  -8.483428  -8.49845   -9.764126  -7.987238
  -8.098308 -10.45624   -8.961174  -8.152596  -9.430104  -8.099526
  -5.978814  -5.3186    -5.434368  -6.689778  -8.085664  -7.866308
  -7.69312   -9.301228  -8.206768]"
1599,"[-10.442958 -10.162992  -9.523368  -9.297226 -10.159686  -9.762038
 -10.161658  -9.587864 -10.092928  -9.199612  -9.72979   -9.29566
  -9.80229   -9.833726 -10.54237  -11.310406 -11.014664 -10.148086
 -10.525666  -7.607338  -8.759566  -9.499762  -6.95014   -7.800594
  -8.279442  -8.11826   -7.513668  -7.920016  -6.58184   -8.527102
  -8.87951   -8.582144  -8.792046  -7.565056  -6.420484  -7.497834
  -6.462824  -7.796766  -9.365376  -9.033036  -9.255814  -9.500574
  -8.720706  -8.787232  -9.327444  -8.996786  -8.336514  -8.411682
  -9.499124  -9.94004   -9.457074  -8.11072   -7.454044  -6.498842
  -7.065096  -5.844428  -7.535186 -11.066748  -9.742492 -10.099714
 -10.685746 -10.760856 -10.33792  -10.596252 -11.381514 -10.994712
 -11.615486 -11.334882 -11.238486 -10.025996  -8.778648 -11.370552
  -9.263122  -9.725034  -9.181864 -10.454442  -8.60749   -9.676082
 -10.148376  -9.251174  -9.975188  -9.861972 -10.130802  -9.975362
 -10.887412 -10.891414 -10.546024  -9.734546 -10.666896 -10.614116
 -11.060832 -11.139132 -10.720256 -11.593272 -10.681222 -10.950458
 -10.622004  -9.322456  -9.926468 -11.54925  -11.370784 -10.137472
  -8.98739   -9.078566  -7.926976  -9.423144 -11.807292  -9.98296
 -10.537788 -10.204868 -10.839446 -10.695374 -10.662836 -11.04755
 -10.366514 -11.066922 -11.624476 -11.072432 -10.606808  -9.718944
  -9.626492  -9.419026  -8.249456  -8.82441   -9.485726  -9.233368
  -9.334578  -9.813426  -9.40731   -9.202396  -8.824004  -8.67361
  -8.663286  -8.625354  -9.338754  -8.85631   -8.693794  -9.305636
 -10.113866 -11.093312 -11.103056 -10.88747  -10.462214  -8.570718
  -6.900608  -8.02981   -8.204158  -8.063276  -7.512508  -7.843224
  -8.656674  -8.579766  -9.32176   -7.309624  -7.669746  -8.194008
  -7.18301   -8.64461   -8.33431   -9.604452 -10.756796  -9.855708
  -9.845906  -8.912802  -8.71421  -10.28021   -9.28145   -9.508172
 -10.71347   -9.129432  -9.483406  -6.500814  -6.967598  -6.284416
  -5.767404  -6.325248  -8.296088  -9.140974  -7.205282  -5.968664
  -6.579694  -8.15567   -9.203962  -8.274976  -9.63351  -10.53454
 -10.032028  -9.15414   -7.105754  -7.29495   -7.902094  -8.329206]"
1600,"[ -8.925504  -9.317816  -8.584406  -8.033348  -8.352058  -9.527022
  -8.992088  -9.084018  -9.775958  -7.811556  -9.09266   -7.400742
  -9.21968   -8.275324  -6.377912  -6.418454  -6.723882  -9.83042
  -9.742608  -8.600704  -8.558248  -9.039242  -9.915622 -10.203244
  -8.171504  -8.572458 -10.159222  -7.093806  -8.456806 -10.242916
  -9.298096  -7.599914  -7.63164 ]"
1601,"[-10.219484  -9.674168  -9.940272  -9.813368 -10.270988  -9.81563
  -8.37636   -9.732226 -10.409202 -10.847102 -10.702624 -10.157018
 -10.563424 -10.034174 -10.139908  -8.866112  -9.637222  -9.377962
 -10.668172 -10.947964 -10.437506 -10.187642 -10.802094 -10.244888
 -10.216526 -10.520678  -9.660364  -9.96034   -9.343162 -11.171612
 -10.161948  -8.069888  -7.539304  -7.050248  -8.404548  -9.149964
  -8.224516 -10.220528  -9.135232  -9.506026  -9.212604  -9.327386
  -8.97695   -9.34525   -9.251058  -9.521976  -8.66404   -8.48163
  -8.79164   -8.158106  -9.272344  -8.819074  -9.666454  -8.585624
  -9.703168  -7.96717   -7.538144  -9.487466  -8.689386  -8.311168
  -8.71624   -9.464208  -9.818704  -9.691162  -8.847842  -9.640644
  -8.67854   -9.118818  -9.2945    -9.365898  -9.137842  -9.3438
  -9.195378  -9.220318  -8.405186  -9.023118  -9.05119   -9.124386
 -10.309558  -9.621562  -8.713514  -9.516698  -9.04365   -9.462178
  -9.079958  -9.4714    -9.282088  -8.941744  -9.617154  -8.490446
  -9.484392  -8.700406  -9.975014  -9.399596  -8.981242  -9.79359
  -8.626862  -9.08976   -9.42355   -9.006646  -9.342988  -9.55637
  -9.108958  -9.23969   -8.890182  -9.407658  -9.015056  -9.362012
  -9.145266  -9.098692  -9.26608   -9.310914  -9.583862  -9.151762
  -9.928208  -9.41282   -9.940562  -9.97339   -9.015172  -9.945434
  -8.6681    -7.876574  -9.447968  -9.057106  -9.516292  -9.118586
  -9.3786    -8.895518  -9.368972  -9.216258  -9.577482  -8.868316
  -9.236326  -8.86878   -9.539318  -9.03843   -8.99435   -9.211096
  -9.162898 -10.140488  -8.896156  -9.98354   -8.889312  -8.64954
  -9.202454  -8.864604  -8.840244  -9.47285   -9.314858 -10.032782
  -9.509042  -9.46299   -9.28609   -9.536244 -10.392614  -8.67332
  -8.854164 -10.160556  -9.224958  -9.70543   -9.685188  -8.968888
  -6.936046  -7.670674  -7.49389   -6.983142  -8.848538  -8.999338
  -9.885752  -8.625238  -9.166842  -9.179486  -9.080132  -9.429118
  -9.210458  -9.920262  -8.81629   -8.33054   -9.270546  -8.409362
  -9.19126  -10.37968  -10.30631   -9.319962 -10.23874   -9.064356
  -9.05409  -10.781214 -10.425848  -9.257032  -9.229134  -9.4975
  -9.223566  -8.260534  -9.395304  -9.336956  -8.162746  -7.690452
  -9.044694  -8.39898   -6.98552   -8.417482  -9.432598  -9.463396
  -9.253494  -8.76873   -9.143468  -7.513204  -9.589488 -10.017238
  -9.497558  -8.598964  -6.30402   -7.52521   -8.849872  -8.187454
  -9.431902  -9.01407   -7.387692  -8.14842 ]"
1602,"[ -5.645314  -9.782802  -7.67253   -6.962204  -8.993538  -8.038916
  -8.930956 -10.033246 -10.0978    -9.160114 -10.582506 -10.38838
  -9.53259   -9.004732  -9.184474  -7.941476  -7.46054   -6.860182
  -6.243526  -8.551926  -8.83079   -7.850532  -8.92562   -9.712448
 -10.335252  -9.306274  -9.94497   -7.649678 -10.46291  -10.450788
 -11.303968 -10.972614 -10.59138  -10.81439  -10.717124 -10.71289
  -9.662858  -9.297806  -9.13993   -8.61996   -8.436564  -9.542044
  -8.974108  -6.823642  -7.434266  -7.78795   -7.340364  -6.248978
  -6.122074  -7.939214  -9.539898 -10.60269   -9.409746 -10.26571
 -11.13455   -9.746088  -9.85913  -10.61748  -10.666026  -8.845174
  -9.438862  -8.935596  -9.062558  -7.88539   -9.369378  -9.290846
  -9.930586  -7.999766 -11.179732  -8.925852  -9.912548  -9.314858
 -10.282472 -10.554144 -11.28216  -10.926678 -10.19147  -11.305882
 -10.276498  -9.827288  -9.951524 -10.840084  -6.730262  -5.55988
  -6.240568  -6.110822  -5.237342]"
1603,"[ -9.03321   -9.687102  -9.95599   -8.96709   -9.501734 -10.04473
  -9.565534  -9.673994 -10.144084  -9.693192  -9.58711   -9.605322
  -9.75966  -10.443364 -10.13086   -9.609324  -8.81803   -9.382196
  -9.58508   -9.298386  -9.575336 -10.273076  -9.593026  -8.873768
  -9.260628  -9.399074  -9.118702  -8.690778  -9.927222  -9.551266
 -10.120826  -8.786942  -8.369226  -9.762792  -9.996068  -9.904544
 -10.06271   -9.971534  -9.635946  -9.798578  -9.630552  -9.817544
  -9.91307   -9.8281    -9.74429   -9.856114  -9.642964 -10.21815
  -9.52534   -9.572784  -9.383762 -10.323652 -10.34198  -10.169778
  -9.802986  -9.883954  -9.764184  -9.560256 -10.345808 -10.355436
  -9.54825   -9.404642  -9.956048  -9.66889   -9.579164  -9.696962
  -9.644356 -10.033362  -9.378484  -9.679098 -10.22366  -10.090376
  -9.751714  -9.421288  -9.917594  -8.838968  -9.751018 -10.150638
 -10.243844  -9.12224   -9.939228 -10.243728  -9.004616  -9.512754
  -9.600798  -9.608802 -10.058186  -9.008502  -9.90756   -9.32872
  -9.473778  -9.771782  -9.798288 -10.114678  -9.59639   -9.613268
 -10.113866  -9.924032  -9.19851  -10.334092  -9.916724  -9.357082
  -9.669934 -10.195878  -9.143758  -9.279362 -10.161774  -9.698934
  -9.935458  -9.607352  -8.941744  -9.525572 -10.107138  -9.861856
 -10.010626 -10.428864 -10.164384  -9.63467   -9.306216 -10.102382
  -9.453362  -8.941396 -10.064508  -9.792604  -8.99957  -10.04096
  -9.748118  -9.929368  -9.780714 -10.36344   -9.880822  -9.793822
  -9.656884  -9.746146  -9.652998  -9.93482   -9.64279  -10.400792
  -9.624172 -10.105224 -10.121522 -10.02878   -9.588328  -9.710708
  -9.368508 -10.424514  -9.464324 -10.406012  -9.60132   -9.865336
  -9.698528  -9.058498  -8.99435  -10.202896  -8.966104  -8.949342
  -8.876262  -8.863212  -9.17038   -8.638578  -8.356002  -9.451216
 -11.074578 -11.87347  -10.277716  -9.067662 -11.398276  -9.59233
 -10.23671   -9.493672  -9.515016 -10.481586 -10.180798 -11.073824
 -10.006218  -9.580788  -8.882932  -8.794946  -9.066502 -10.534946
 -10.433852  -9.556718 -10.350448  -9.216838  -9.755136  -9.75676
  -9.686348 -10.182074 -10.051748 -11.194696 -11.116222  -9.400698
  -8.970106  -7.95238   -8.916282  -8.028998  -7.226974  -9.664076
  -9.187084  -8.32068   -8.48772   -7.708084  -7.05715   -7.308986
  -8.784738  -9.530038 -10.097684  -9.116904 -10.074426  -9.316134
  -9.947348  -9.844746 -10.498348  -9.14544  -10.634358 -10.256082
  -9.771898  -8.006204  -8.65766   -9.594998  -8.98478   -9.695222
  -9.27275   -9.2336    -8.937394  -9.826882  -8.866402  -8.901144
  -8.792568  -9.656594  -9.515074 -10.757144 -10.04415  -10.555478
 -10.7909   -11.155082 -10.955794 -10.282008 -10.239262  -9.988528
  -9.996416  -9.897468  -9.744116  -9.470762  -9.864988 -10.081038
 -10.428284  -9.612456  -8.657776  -8.652788  -7.348194  -7.356546
  -8.041352  -9.412588  -9.121138 -10.434722  -9.035936  -6.879554
  -6.537644  -7.435426  -8.010438]"
1604,"[ -9.357082  -9.192072  -9.306274  -9.420302  -9.178558  -9.623592
  -9.57116   -9.331446  -9.206398  -9.32321   -8.967786  -9.429988
  -9.25158   -9.532126  -9.086918  -8.786942  -8.887398  -8.58226
  -9.378658  -9.217766  -9.460438  -9.567216  -9.407484  -8.839316
  -8.942556  -8.682252  -9.08193   -9.472502  -9.056874  -8.606098
  -9.194276  -9.436716  -9.580092  -9.587052  -9.525978  -9.332374
  -9.075666  -9.658856  -9.76923   -9.358184  -9.415082  -9.292644
  -9.361258  -9.317758  -9.378368  -9.598478  -9.345366  -9.100316
  -9.133666  -9.179602  -9.393042  -9.63525   -9.520352  -9.474474
  -9.43718   -9.47981   -9.69905   -9.646212  -9.469486  -9.292296
  -9.38759   -9.467282  -9.507244  -9.649692  -9.679968  -9.402322
  -9.310566  -9.430568  -9.300416  -9.196886  -9.502894  -9.553006
  -9.58421   -9.76633   -9.999142 -10.71028  -10.09316  -10.421498
 -10.442494  -9.97513   -9.960224  -9.35366   -9.04655   -9.394434
  -9.431728  -9.203324  -9.118238  -9.41891   -9.353428  -9.32698
  -9.523252  -9.471806  -9.539492  -9.315322  -9.449128  -9.136044
  -9.260048  -9.656826  -9.159128  -9.505272  -9.451158  -9.127054
  -9.247288  -9.391766  -9.357894  -9.243112  -9.087672  -9.400582
  -9.204542  -9.478476  -9.615298  -9.483812  -8.982808  -9.223334
  -9.550512  -9.69818   -9.72138   -9.599     -9.344554  -9.380862
  -9.149268  -9.091442  -9.211444  -9.450984  -9.337826  -9.176412
  -9.37802   -9.48242   -9.267472  -9.127634  -9.355574  -9.168698
  -9.188534  -9.081002  -9.123342  -8.93287   -8.866576  -8.858688
  -9.1988    -9.377846  -9.191724  -9.430858  -8.919124  -9.091674
  -8.992378  -9.172062  -9.520468  -9.590358  -9.768128  -9.19967
  -9.642268  -9.21272   -9.576206  -9.275534  -9.534736  -9.280348
  -9.224262  -8.700406  -9.034544  -9.312132  -9.45226   -9.377962
  -9.413168  -9.545234  -9.255756  -9.213242  -9.447562  -9.191898
  -8.76438   -9.263934  -9.075028  -9.408876  -9.468094  -9.604104
  -9.27884   -9.483522  -8.7145    -9.27768   -9.645632  -8.640086
  -9.081756  -9.076246  -9.260628  -9.51838   -9.114932  -9.089528
  -9.281914  -9.127982  -9.29334   -9.33249   -9.142308  -9.07004
  -9.918464  -9.474996  -9.320426  -9.55202   -9.809018  -9.761516
  -9.191434  -8.976834  -9.396812  -9.248622  -8.99754   -9.450056
  -9.442632  -9.370132  -9.154488  -9.025264  -9.480506  -9.545814
  -9.533402  -9.466586  -9.457306  -9.643602  -9.599058  -9.567796
  -9.067546  -9.297864  -9.505678  -9.194218  -9.434396  -9.171424
  -9.391882  -9.325414  -9.27072   -9.443966  -9.182734  -9.23099
  -8.894068  -9.071316  -9.355632  -9.327212  -9.15501   -9.48155
  -9.40035   -9.268748  -9.011808  -9.12485   -9.193174  -9.429408
  -9.531314  -9.382138  -8.842738  -9.008618  -9.157388  -8.92156
  -9.422738  -9.133028  -9.460728  -9.302562  -9.267182  -9.540362
  -9.366768  -9.233716  -9.140336  -9.511594  -9.581542  -9.506316
  -9.704676  -9.52766   -9.397798  -9.327502  -9.238936  -9.289396
  -9.50852   -9.562112  -9.401336  -9.587168  -9.22519   -9.452666
  -9.20025   -9.2597    -9.152284  -9.669412  -9.238356  -9.664772
  -9.58595   -9.497152  -9.359634  -9.209878  -9.400408  -9.39078
  -8.545836  -9.071258  -8.632546  -8.948936  -9.20634   -9.28406
  -9.631248  -9.155242  -9.322862  -8.936118  -9.694874  -9.138944
  -9.1582    -9.429814  -9.35337   -9.220492  -9.43428   -9.320136
  -9.460496  -9.544712  -9.205934  -9.249318  -9.44501   -9.324022
  -9.427088  -9.361316  -9.103332  -9.037212  -9.372858  -9.309754
  -9.47691   -9.308884  -9.444198  -9.479636  -9.347802  -9.591112
  -9.51809   -9.35192   -9.1669    -9.318396  -8.920458  -9.375062
  -9.486306  -9.433816  -9.23766   -9.337014  -9.385038  -9.007052
  -9.001484  -8.94273   -9.33394   -9.138364  -8.80092   -9.13819
  -9.548598  -9.257322  -9.451448  -9.354878  -9.324428  -9.688494
  -9.402264  -9.54709   -9.800376  -9.129258  -8.868316  -9.110524
  -9.386314  -9.314046  -9.599058  -9.404352  -9.238704  -9.520004
  -9.53549   -9.574814  -9.093356  -8.807822  -9.495064  -9.254944
  -9.435266  -9.213764  -9.255814  -9.18314   -9.606598  -9.587342
  -9.298502  -9.32553   -8.962624  -9.58334   -9.32988   -9.493266
  -9.08831   -9.731646  -9.395652  -9.422274  -9.444024  -9.680374
  -9.491294  -9.014882  -9.453594  -9.395188  -9.784774  -9.429292
  -9.42036   -9.079958  -9.43834   -9.356734  -9.618372  -9.268226
  -9.557008  -9.418272  -9.277274  -9.3989    -9.335448  -9.305752
  -9.52766   -9.324718  -9.175948  -9.194566]"
1605,"[-8.880206 -8.694838 -8.871738 -9.634612 -9.489032 -8.056548 -8.563004
 -8.747618 -9.72805  -7.27001 ]"
1606,"[-10.534308 -10.348766  -9.405628  -9.297168  -9.239748  -9.718016
  -9.581774  -9.33568   -8.446076 -10.21786   -9.4859    -7.454972
  -9.528298  -8.72813   -9.700616  -8.14001   -7.10239  -10.069032
  -9.200598 -10.05749   -9.693714  -9.658102  -9.848458  -9.948798
  -9.75183   -9.954308 -10.103832  -9.669354  -9.612514 -10.30254
  -9.917594  -9.554514  -8.71885   -8.722562  -9.658218  -9.600218
  -9.733444  -9.692554  -9.120906  -9.17125   -9.262252 -10.013758
  -9.546626  -8.091754  -9.38904   -8.300438  -9.515654  -9.464846
  -9.853156  -9.421172 -10.536976 -10.328524 -10.893502  -9.872296
 -10.342096 -11.039372 -11.51039  -11.683462 -10.080342  -9.812788
 -10.63198  -11.0113   -10.156496 -10.653788 -11.669368 -13.023552
 -12.432938 -12.72868  -13.552048 -12.277614 -12.854018 -12.826294
 -12.827164 -13.59984  -13.466846 -12.898678 -12.989506 -13.379382
 -13.26721  -12.83917  -11.78502  -12.781518 -12.123682 -13.045244
 -13.43309  -13.03376  -10.775298 -10.592366 -11.529994 -12.531944
 -13.079464 -12.975064 -12.625556 -12.360612 -12.78668  -12.334628
 -12.760696 -12.646262 -12.005768 -12.11533  -12.77682  -13.676748
 -13.527166 -12.956794 -11.840642 -12.260098 -11.52547  -12.348026
 -13.14396  -11.56085  -12.8876   -12.353884 -13.476706 -12.910742
 -13.621242 -13.590966 -12.339094 -12.326566 -13.261816 -12.994842
 -13.422186 -13.443008 -13.58128  -13.34348  -12.887252 -13.190012
 -13.369232 -12.97141  -13.514232 -13.061078 -12.961782 -13.121572
 -13.00186  -13.080334 -13.325616 -13.100982 -13.53285  -12.641042
 -13.30114  -13.2936   -13.040256 -13.271676 -13.565968 -12.701072
 -13.53546  -13.740722 -13.599434 -13.031904 -12.69794  -12.042772
 -13.503444 -13.263672 -13.0297   -12.814404 -13.049536 -12.394426
 -13.118092 -12.151232 -11.430292  -9.968692  -9.847124 -10.146694
 -10.384262 -10.06242   -8.800282  -9.52447   -9.395536  -9.32031
  -9.440022  -9.003746  -7.940142  -9.509158 -10.080516  -9.379702
  -8.934726  -9.63322   -7.546032  -7.30423   -6.972644  -7.989848
  -8.055504  -8.348056 -10.034232  -8.718792  -8.857934  -9.273388
  -9.62162   -9.453536  -9.324776  -9.356792  -9.15472   -9.286206
  -9.27478   -9.282552  -8.741528  -9.643022  -9.728746  -9.241314
  -8.9523    -9.775552  -9.964052  -9.48184   -8.89691   -9.653114
  -9.449244  -9.173048  -9.2452    -9.407368  -9.381152  -9.37222
  -8.722968  -9.31364   -9.404004  -7.555022  -7.76475   -7.479912
  -8.268016  -8.191282  -9.241314  -8.994002  -9.97861   -9.967068
 -10.000766  -9.732342  -7.672182  -9.558632  -9.283016  -9.708562
 -10.669912  -7.91323   -9.274316 -10.20481   -9.680664  -9.207326
  -8.866692  -9.939576 -11.056018 -10.658776 -11.141626 -10.740382
 -10.42463   -9.36845   -8.59734   -8.324218 -10.088694  -9.446054
  -9.214634  -9.568144  -9.55463   -9.169162]"
1607,"[ -9.436716  -9.247288  -9.486596 -10.046586  -9.51635   -8.98449
  -8.030506  -9.292644  -9.767084  -9.333998  -9.599058  -8.105152
  -8.01241   -6.819582  -5.575134]"
1608,"[ -9.295486  -8.75075   -9.256394  -9.072534  -8.661778  -8.677322
  -8.923706  -9.314278  -9.632814  -8.799006  -9.181806  -7.701298
  -8.727898  -8.749242  -9.007458  -7.001006  -6.35419   -6.543676
  -7.361128  -9.5004    -8.20149   -8.540326  -8.720764  -7.946174
  -6.509456 -10.22946   -9.6802   -10.09954   -9.228322  -9.20779
  -8.803414  -8.97463   -9.34003  -10.461634 -10.036958 -10.261998
 -10.455196 -10.721706 -10.11781  -11.093022  -9.903036  -9.861102
  -8.672392  -8.579592  -9.179834  -9.089122  -9.502546  -9.396058
  -8.913672  -9.881634  -9.696324  -9.446402  -9.713608  -9.924148
  -9.935342 -10.01631   -9.363404  -9.762502 -10.024836  -8.971092
  -9.63148   -9.467572  -8.939018  -9.503764  -9.539318  -9.56101
  -9.683448  -9.87624   -9.763024  -9.741622 -10.008712  -9.181864
  -9.073578  -9.988702  -9.796722  -9.827404  -9.68223   -9.089296
  -9.423202  -9.853852  -9.539028  -9.011054  -9.374888  -9.422738
  -9.368044  -9.440718  -9.818472  -9.826766  -9.81621   -8.91924
  -9.400524  -9.15762   -8.779518  -9.401626  -9.666048  -9.64975
  -8.897084  -9.460728  -9.45574   -9.756296  -9.710592  -9.523716
  -9.417982  -9.82839   -9.250072  -9.56449   -9.80635   -9.406498
  -9.416474 -10.149362  -9.764416  -9.7643    -9.000556  -9.519946
 -10.01051   -9.63032   -9.168176  -9.698644 -10.18161   -9.656942
  -9.188476  -9.192188  -9.738026  -9.78489   -9.565824  -9.366304
  -9.510956  -9.32553   -9.542624  -9.604568  -9.641978  -9.796432
 -10.011206  -9.924496  -9.570986  -9.89335   -9.889464  -9.460322
  -9.614254  -9.907908  -9.60248   -8.901782  -9.61437   -9.637396
  -9.78257   -9.51461   -8.980488  -8.894532  -9.192536  -8.976892
  -9.593258  -9.46763   -9.571566  -9.761748  -9.6483    -9.565766
  -9.279884 -10.058186  -9.84463   -9.712912  -9.23679   -9.483812
  -9.682578  -9.68716   -9.401742  -9.843122  -9.57319   -9.923104
  -9.881286  -9.362592  -9.570754  -9.921828  -9.426624  -9.430916
  -9.561416  -9.790864  -9.953438  -9.704328  -9.855476  -9.827172
  -9.456494  -9.495934  -9.912084  -9.62307   -9.43283   -9.530328
  -9.727528  -9.016274  -9.017086  -9.882794  -9.370654  -9.808554
  -8.2186    -9.700732 -10.042004 -10.382638 -10.594628  -9.426798
 -10.811606  -8.262042  -7.428814  -8.953576  -9.224784  -9.313408
  -8.663866  -9.06743   -9.523542  -9.576496  -7.893104  -7.817878
 -10.348882  -8.01705   -9.085874  -8.876262  -9.149848  -9.109016
  -9.274722  -9.029846  -9.461076  -6.437826  -5.80232   -9.864466
  -6.964872  -7.33497   -8.060782  -7.668354  -9.621388  -7.819734
  -6.061058]"
1609,"[ -9.332142  -9.601204  -8.871042  -8.399328  -8.617234  -8.637824
  -7.921988  -5.34528   -5.861828  -5.542074  -7.050654  -8.738048
  -9.077464  -8.247948  -9.11296   -9.91742   -9.74342   -9.595984
  -9.068996  -9.736286  -9.80548   -9.64859   -9.334694  -9.25796
  -9.917188  -9.570928  -9.058962  -9.382892  -9.684782  -9.592736
  -9.683158  -9.070214  -9.608106  -9.471342  -9.396986  -9.387938
  -8.95346   -9.41369   -9.25825   -9.167074  -8.974166  -9.280928
  -9.255698  -8.9987    -9.304012  -9.403366  -9.52476   -9.542044
  -9.475634  -7.807032 -10.226444  -9.972172  -8.101904  -9.975826
 -11.01507   -9.739534  -8.932174  -9.334114  -9.41456   -9.27362
  -9.1582    -9.584964  -9.173106  -9.14225   -9.23215   -9.769694
  -9.2452    -9.752352  -8.861646  -8.893604  -8.920516  -8.448454
  -7.918276  -9.725324  -9.190506  -9.183894  -9.09556   -9.206514
  -9.019348  -9.621794  -9.54477   -9.329416  -8.630748  -9.659436
  -9.16777   -9.236442  -9.097764  -8.89053   -9.527602  -8.493868
  -8.844884  -8.811418  -6.117956  -7.973376  -8.963204  -9.3699
 -10.113518  -9.539492  -8.805502  -8.848712  -9.516756  -9.79011
  -7.88597   -9.04974   -9.135116  -9.696266 -10.069844  -9.424942
  -9.621678  -9.99166   -9.272054  -9.55579   -9.218636 -10.263738
  -9.74168  -10.108356  -9.775436 -10.038466  -7.422782  -6.752534
 -10.638824 -10.546604 -10.502988  -9.386198 -10.018166  -6.627254]"
1610,"[ -9.311552 -10.072338 -10.184858  -9.809076  -9.302098 -10.05343
  -8.231766  -9.082568  -8.74466   -9.735996 -10.159976  -9.176934
 -10.410536  -9.819748  -9.068416  -8.811244  -9.627304  -8.669028
  -8.82847   -9.0596    -8.849814  -8.610042  -6.46091   -7.704836
  -8.870404 -10.288098  -8.130092  -9.289106 -10.075354 -10.035218
 -10.339196 -10.241756  -9.56971   -9.151414  -7.379282  -9.52621
  -9.083264  -9.438398  -8.53818   -9.001194  -8.80933   -8.577272
  -8.461388  -9.339856  -9.9644    -7.354516  -8.195168  -8.442422
  -9.327502  -9.593316  -9.349542  -8.87139   -9.627536  -9.519598
  -9.827114  -9.073636  -6.294972  -7.951394  -9.996242 -10.640506
  -9.31219   -9.802406  -8.66781   -7.680012  -8.929274  -7.563954
  -6.488866  -6.803458  -7.53536   -9.066966  -8.226546  -5.806728]"
1611,"[ -7.310378  -8.704234  -8.156308  -8.064494  -8.556508 -10.186134
  -8.666128  -9.24839   -9.983192  -9.608802  -8.05852   -8.73277
  -8.235304  -6.636244  -6.220616  -5.924816  -5.073956  -6.552666
  -8.559756  -8.748024  -9.608164  -8.353624  -9.290266  -8.830674
  -9.82897  -10.131382  -9.99891  -10.32719  -10.266232 -10.21554
  -9.890218  -9.957962  -8.984316  -9.476852  -8.613696  -9.45545
  -9.152168 -10.2428    -9.680026  -9.919856  -8.868374  -9.530502
  -9.582702  -9.95657   -9.100664  -9.903036  -9.978784  -9.781758
  -9.11035   -9.53926  -10.12883   -9.94555   -8.995626  -8.770528
  -9.0625   -10.056272  -9.268342  -9.76517   -9.327154  -9.76401
  -8.333556  -7.178196  -7.799376  -8.722214  -7.0296    -8.181074
  -8.24441   -8.060608  -8.694664  -8.85631   -9.490946 -10.65866
 -10.166646  -8.53586   -7.731342  -8.210538  -8.391672  -8.351826
  -8.55181   -8.119884  -8.11217   -7.712956  -6.273222]"
1612,"[ -9.929368 -10.142982 -10.307818  -9.637222  -8.994292  -7.900586
 -10.406592 -10.11491   -9.909126 -10.00152   -9.519714  -9.434918
  -9.16081   -6.912556  -8.398748]"
1613,"[ -8.871274  -8.63127  -10.049776  -9.970722  -9.247984  -7.546438
  -8.521012  -9.806698  -9.231396  -9.532648  -9.34148   -9.00218
 -10.49046  -10.407056 -10.08243   -9.075202  -9.716218  -8.949864
  -7.575496  -8.557436 -10.236768 -10.490518  -7.518772  -6.144694
  -7.326966  -8.116288  -9.144396 -10.496492  -9.221652  -8.139836
  -7.612732  -7.77113   -6.859718  -7.967054  -8.150044  -8.544966
  -9.493672  -9.69325   -9.244794  -8.804342  -9.532416  -9.910982
  -9.853504 -10.187294  -9.878212  -9.358068 -10.705582  -8.909786
  -9.753686  -9.856462  -8.810664  -6.723824  -7.017478  -7.993966
  -8.2969    -8.513414  -8.803878  -9.769926  -6.701494  -7.916304
  -9.033442 -10.605706  -7.958992 -10.901158  -8.580172  -6.731596
  -9.826824  -8.826556  -8.24151   -7.802798  -5.731966  -5.695078]"
1614,"[-11.01072  -10.622526 -10.784114 -10.853308 -10.685862 -10.667882
 -10.823322 -10.696766  -9.483812  -9.969098 -10.727158 -10.614812
 -10.486516  -9.927222  -9.520236  -9.85159   -9.476678 -10.058766
  -8.924924  -5.567942  -5.286642  -6.954026  -7.265776  -8.850394
  -9.646212  -9.739012  -6.685892  -6.364398  -8.030332  -9.88175
  -9.385676 -10.76248  -10.242162  -9.865452 -10.524738  -7.858652
  -8.364644  -8.321608  -8.21338   -6.955476  -8.364238  -6.232274
  -6.193704  -5.13532   -5.735678]"
1615,"[ -7.596434  -6.344156  -7.835916  -5.531808  -5.71648   -7.77577
  -9.361896  -9.28899  -10.473466 -10.61922  -10.81497   -9.888652
  -8.974282  -7.327198  -7.7604    -8.097612 -10.212176  -9.280522
  -9.792024  -9.870672 -10.715616 -10.640332  -9.35917   -9.986266
 -10.71434   -9.486016  -9.300822 -10.204752  -8.680628  -9.39107
 -10.275628 -10.075586 -10.040438 -10.57311  -10.589698 -10.223776
 -10.029302 -10.324986  -9.193522  -8.283502  -6.029448  -6.76802
  -5.89425 ]"
1616,"[ -7.109002  -7.00321   -7.723164  -7.616792  -8.328916  -8.30386
  -9.85565   -9.584848  -9.371524  -9.653752  -9.923858  -8.681266
  -9.496572  -8.965466  -9.73182   -8.652614  -9.105768  -8.89575
  -9.366362  -9.813194  -8.207232  -7.345468  -8.431518  -7.55334
  -7.88829   -8.262042  -7.314322  -7.365188  -8.420092  -9.569594
  -8.911468  -8.85863   -9.198104 -10.33705  -10.3704    -9.08744
  -8.038742  -8.058056 -11.522454  -9.404526 -10.707786 -10.50467
 -10.267392  -9.334984  -8.970802  -7.927266  -9.337826  -9.344786
 -10.44377   -9.73095   -7.623288  -7.51042   -7.744044  -9.518322
  -9.380978  -9.508114  -8.10579   -7.82768  -11.392012  -9.324254
  -9.40296   -9.368798  -9.652824 -10.720662 -10.604546 -11.07423
 -11.059324 -11.206702 -10.55571  -10.034754 -10.19466   -9.18894
  -8.92214   -9.661002  -9.424304 -10.23671  -10.528566 -10.667998
 -11.071968  -9.5497    -9.27159   -8.861704  -9.719118  -8.680106
  -8.269466  -9.76372   -8.230142  -9.59436   -8.851322  -8.572574
  -8.83833   -8.971672  -8.940526  -9.207036  -8.64084   -8.9291
  -9.90727   -8.738512  -8.712064  -9.618256  -8.600994  -8.877654
  -8.670942  -8.955722  -9.171134  -8.842158  -9.697832  -8.402692
  -9.724802  -8.618104  -8.581332  -9.173048  -8.54688   -9.274606
  -8.659052  -8.866344  -9.117426  -7.995242  -9.215678  -8.636664
  -8.70348   -9.162608  -8.253168  -9.646328  -8.8218    -8.854222
  -8.689386  -8.895924  -8.927418  -8.851264  -9.39716   -8.681614
  -9.235572  -8.815188  -9.035704  -8.755738  -9.08396   -8.89778
  -8.999802  -9.878154 -10.25469   -9.564026  -8.562308  -7.844674
  -7.886492  -8.601226  -9.586356  -8.753824  -7.50375   -7.979234
  -7.233992  -7.783948  -9.197524  -6.980996  -6.740122  -9.353022
  -9.985976  -9.863074 -10.954518 -11.32856  -10.663822 -10.598978
 -10.4168   -11.318468 -10.564816 -10.818508 -10.95707  -11.14673
 -10.509774 -10.502002 -10.679076  -9.578584 -10.551244 -11.340392
 -10.04792  -10.218672 -11.050798  -9.806524  -7.231382  -8.886934
  -7.54087   -9.207674  -8.710208  -8.118376  -9.300068  -8.18409
  -9.557124  -9.148978  -9.449186  -9.02596   -9.42007   -9.730196
  -9.232904  -9.1002    -7.03801   -8.22034   -8.706322  -9.565476
  -8.802254  -8.613058  -8.401416]"
1617,"[ -9.627014  -8.370096  -8.060202  -8.77511   -8.774298  -9.39774
  -9.496282  -9.414038  -9.518206  -8.510572  -8.529538  -7.927846
  -6.590714  -7.386126  -9.019464  -5.108292  -7.719568  -7.584428
  -8.60633   -7.466862  -8.8508    -9.136334  -9.565998  -9.966894
 -10.148492  -8.94389   -8.956998  -6.592048]"
1618,"[ -6.93361   -8.758406  -8.996844  -8.184844  -8.164834  -8.17075
  -6.881584  -8.399502  -9.455218  -9.636352  -9.412878  -9.634612
  -9.545408  -9.59117   -8.696926  -8.322072  -9.934994  -8.548504
  -9.864176 -10.040496  -8.95694   -9.082336  -8.908104  -9.050262
  -8.551694  -8.76351   -9.298502  -9.945144  -8.161876  -7.82739
  -8.818088  -9.684028  -9.53752   -7.797578  -9.411776  -8.216512
  -9.41949   -9.005718  -8.43668   -9.672254  -8.922836  -7.893046
  -8.800688  -9.376164  -8.236116  -9.616748 -10.376084  -8.88792
  -8.413364  -9.037154  -8.541254  -8.560452  -8.910076  -8.69768
  -8.730334  -9.906516  -9.802464  -9.088194  -9.058556  -9.175484
  -9.814064  -9.034834  -9.849792  -9.143294  -9.167248  -9.186794
  -9.408934  -9.018594  -9.25448   -9.109248  -9.274374  -8.335122
  -9.741912  -9.700848  -9.620576  -9.877922  -8.577098  -8.740948
  -8.485922  -9.111568  -8.223008  -7.748162  -7.305506  -5.081612
  -6.227982  -8.083054  -5.891988]"
1619,"[ -9.35975   -8.529886  -6.91708   -7.553456  -9.912258  -9.639426
  -9.261092  -7.469646  -8.682136  -7.263514  -9.18488   -9.421694
  -7.87843   -9.51316  -10.197502  -9.842194 -10.940076 -10.241872
 -10.621076 -11.609454  -8.091812  -7.914564  -5.115658  -6.522738
 -11.210878  -8.01154   -7.54145   -9.904428 -10.292332  -8.933682
  -9.73269   -9.56159   -9.154372 -10.696418  -8.669492  -6.975544
  -7.944434  -7.779482  -6.55806   -7.095082  -7.515118  -7.81985
  -7.785398  -8.227938  -7.906444  -7.604496  -5.91687   -7.368262
  -7.298662  -8.776676  -8.009858  -8.919008  -8.421078  -7.448766
  -9.873108  -6.415496  -7.823156  -7.7575    -7.270706  -8.172258
  -5.730922]"
1620,"[-10.919312 -10.394818 -10.091536 -10.048384  -8.360178  -8.875972
  -8.493288  -7.597188  -9.311958  -9.204426  -7.135682  -5.847734
  -8.339878  -8.499436  -7.164508  -9.19184   -8.922024 -10.205158
 -10.02501  -10.126452  -8.893256  -9.619184 -10.35416   -6.31098 ]"
1621,"[-9.063718 -9.882736 -8.381116 -8.378622 -8.59995  -8.76032  -7.983004
 -6.979952 -7.187998 -8.741064 -9.182096 -8.226894 -7.497428 -8.016702
 -6.09667  -6.77672  -9.744522 -9.20344  -6.513806]"
1622,"[-11.862972 -12.139922 -11.616704 -12.443146 -10.986882 -11.15282
 -12.53902  -12.609258 -11.479882 -11.015128 -11.691582 -10.296276
 -11.396478 -11.603944 -11.742622 -11.894698 -10.173026  -9.091616
 -10.91966  -11.10526  -11.86158  -10.763292 -12.183596  -9.986904
 -11.59072  -12.387756 -10.015788 -12.22814  -12.562278 -11.63509
 -12.73274  -11.900788 -12.197864 -10.559828 -12.915962 -11.72992
 -10.135558  -9.699166  -9.923568 -11.484116 -10.943614 -12.147752
 -11.006428 -11.355124 -12.406664 -10.317562 -11.783338 -12.564308
 -12.461474 -11.867032 -11.739838 -12.008784 -10.732262 -11.927932
 -12.064928 -12.040104 -10.58848  -11.983148 -12.903898 -10.970004
 -12.088012 -10.869142 -10.98143  -12.230402  -9.156228  -8.614798
  -8.137516  -8.334368  -7.701994  -8.960478  -7.615806  -9.621736
  -8.927824  -9.201236  -9.685536  -9.21214  -10.387626  -9.102114
  -8.45669   -7.84421   -8.149928  -7.246926  -7.796418  -7.92338
  -9.23737   -9.300416  -8.608766  -8.540094  -9.082336  -9.57609
  -9.01117   -9.714942  -9.202164  -9.186504  -7.879648  -7.494876
  -8.281414  -8.818262  -9.817544  -9.395884  -9.380746  -9.849096
  -9.635714  -9.148224  -9.887782  -9.23998  -11.075622 -11.20386
 -10.800296 -10.097626 -10.774602 -10.62038  -11.50633  -11.36104
  -9.020392 -10.38954  -10.318084 -10.067176  -7.732212  -9.715464
 -10.320288  -9.77996   -9.207442  -8.925388  -8.588524  -9.084598
 -10.46697   -8.971208  -9.207384  -8.587364  -9.899208  -7.436122
  -6.738208  -7.962762  -7.883592  -8.08027   -8.533076  -8.88125
  -9.165856  -9.286438  -9.22722   -9.830594  -7.673574]"
1623,"[-11.159084  -9.923916 -10.07083  -11.38163  -10.897272 -11.308202
 -11.749698 -11.329836 -11.116164 -11.075854  -9.259874 -10.693228
 -10.618988 -10.517952 -11.56404  -10.851916 -10.821698 -11.383718
  -9.204078 -10.75175  -10.193094  -9.232846  -7.665628  -7.690104
  -7.987702  -5.995228  -5.898774  -6.350942  -5.464064]"
1624,"[ -9.64917   -9.53984   -9.891842 -10.2109   -10.103136 -10.36866
  -7.954004  -7.693758  -7.501836  -8.835604  -9.054322  -6.56241 ]"
1625,"[-11.313074 -10.51076   -9.735242  -8.461968  -7.412864  -8.170402
  -9.119166  -8.242728  -8.378912  -6.901362  -8.627848 -11.223812
 -11.297646 -10.67809  -10.773326 -11.449026 -11.174918 -11.19951
 -11.291382 -10.758594 -11.780032 -10.640332 -10.713586 -11.215634
 -11.635728 -11.698658 -11.628478 -11.491772 -11.805842 -11.123066
 -10.672522 -11.765474 -11.097894 -10.25585  -10.421324  -9.94323
 -10.87848  -10.888282 -10.609708 -10.626412  -9.68658   -9.377904
 -10.29384  -10.249122  -9.49634  -11.021972 -10.974934  -9.534736
  -9.183488  -8.152828 -10.67664   -9.578642  -9.914172 -10.624034
 -10.535584 -10.410072 -10.483732 -10.515226 -10.858006 -10.183118
 -10.479846 -10.789972 -10.50554  -10.68128   -8.746864  -7.611166
  -9.625216  -7.733024  -9.852228 -10.380782]"
1626,"[-10.081908 -10.111082  -9.923394  -9.798752 -10.208    -10.00181
  -9.877052 -10.51163   -9.266892 -10.381304 -11.675864  -9.444314
  -8.687936  -9.192942  -8.269118  -9.397044  -9.3032    -6.934538
  -8.006378 -10.35503   -8.708294  -9.178152  -9.023524  -9.60074
  -9.389562 -10.436056 -12.011394 -10.198604 -10.306774 -10.121116
 -10.64996   -9.372452 -10.451252 -10.440464 -10.420512  -9.021784
  -8.957868  -8.941918  -8.845522  -7.721134  -7.927904  -8.266508
  -7.393376  -7.5922    -6.165806  -5.52073   -6.929666  -9.420708
  -6.271192]"
1627,"[ -9.31712   -9.781584  -9.473604  -9.573886  -9.236732  -9.537694
  -9.471458  -9.412936  -9.439268  -9.354936  -9.478244  -9.783382
  -9.39745   -8.28443   -9.44878   -9.253262  -9.356734  -9.049682
  -9.223392  -9.356734  -8.396834  -9.05525   -9.456088  -9.247056
  -9.487176  -9.44849   -9.470472  -9.850952  -9.682114  -9.107798
  -9.309116  -8.660908  -9.65903   -9.57754   -9.454986  -9.630146
  -9.564664  -9.513798  -9.810758  -8.471306  -9.615066  -8.967264
  -9.070214  -8.558248  -8.827774  -8.956592  -9.779148  -8.899404
  -8.619728  -9.724976  -9.325646  -8.590322  -9.165276  -7.969954
  -8.821336  -9.488626  -9.03176   -9.28377   -9.605438  -8.94215
  -8.247658  -9.1553    -9.261846  -8.384422  -9.736054  -9.693946
  -9.40499   -9.141322  -9.578004  -9.45951   -9.351862  -9.412762
  -8.926838  -9.164116  -9.198394  -9.509448  -9.72544   -8.999744
  -9.03785   -9.586008  -9.654854  -8.890414  -9.412298  -9.492686
  -9.516234  -9.565128  -9.640006  -9.421172  -9.338812  -9.468964
  -8.946036  -8.810316  -9.030252  -9.573364  -9.61901   -9.42471
  -9.360736  -8.972368  -9.686696  -9.075376  -9.960746  -9.119224
  -8.99725   -8.98449   -8.91518   -9.387764  -8.829456  -9.059484
  -8.803008  -9.237254  -9.401974  -9.6425    -9.294674  -9.407252
  -9.672486  -9.457944  -9.28899   -8.457444  -8.708816  -9.355284
  -9.839004  -9.69963   -9.61118   -9.160868  -9.499298  -9.39281
  -9.334578  -9.701718  -9.45835   -9.629798  -8.553434  -8.652904
  -8.531046  -9.356386  -8.827658  -9.43573   -9.502082  -9.765402
  -9.785296  -9.013606  -9.169162  -8.848132  -6.971948  -8.44451
  -9.632176  -9.178674  -9.483696  -8.973354  -9.029498  -8.124118
  -9.760994  -9.488858  -9.463338  -9.282668  -9.148456  -8.389758
  -9.096952  -9.022654  -9.152748  -9.221768  -8.671058  -9.53723
  -9.053278  -8.238146  -8.378738  -9.412588  -9.332606  -9.101302
  -9.382312  -9.105768  -9.107566  -9.749974  -9.122008  -9.561126
  -9.18314   -9.581658  -9.581484  -9.103796  -8.662474  -9.099968
  -9.540478  -9.60654   -9.183604  -9.412008  -8.570718  -8.567586
  -9.238008  -9.401162  -9.054902  -8.814376  -9.921828  -8.031898
  -8.570486  -9.907096  -9.342118  -9.33307  -10.624556  -9.714014
 -10.919254 -11.02319  -10.30747  -10.676524  -8.243482  -9.969852
  -9.833784  -9.269966  -7.621606  -8.144592  -7.278768  -9.141438
  -6.858732  -6.557828  -5.929978]"
1628,"[ -9.246882  -8.70609   -7.973608  -5.035328  -5.646358  -8.95027
  -9.255118  -7.288802  -9.069518  -9.612804  -8.662822  -9.317526
  -9.857332 -10.014454 -10.05111   -9.831058  -9.383414 -10.206724
 -10.147448  -9.952046 -10.5009   -10.584594 -10.201736  -9.942302
  -9.97861  -10.245758 -10.122334 -10.083996 -10.333744 -10.577228
  -9.85652  -10.461228 -10.762944 -10.133818 -10.00442  -10.886078
 -11.990572 -11.466716 -10.909046  -9.485552 -11.589444 -11.311566
 -10.592482 -10.677046  -9.837264 -10.114852  -9.850024  -9.993516
 -11.202642 -10.982126 -10.607156  -9.871426 -10.357582  -9.640296
  -9.571334  -9.82172  -10.48118  -11.088034 -10.77959  -10.094146
  -9.899614 -10.127786 -10.130338 -10.469348 -10.367674  -9.016274
 -10.289838 -10.352188 -10.412914 -10.423528 -10.005638 -10.374634
 -10.435186  -8.740194 -10.358162 -10.03023   -9.294964  -7.230744
  -8.040598  -8.134094  -9.07207   -9.276056  -9.454638  -9.847414
 -10.236826 -10.22134   -9.522208 -10.001172  -9.89944  -10.05923
  -9.761052  -9.904196  -9.81273   -9.576264  -9.939112 -10.637258
  -9.97049  -10.045774 -10.171112 -10.203766  -9.740404 -10.656108
  -8.835778  -8.28269   -7.78824   -7.151922  -7.025598]"
1629,"[ -9.541174  -9.043766  -9.277332  -9.655318  -9.51548  -10.196632
  -9.076942  -9.109886  -9.383066  -8.89662  -10.257416  -8.146564
  -7.772348  -9.006878  -8.829514  -9.232904  -7.905458  -9.377614
  -9.771898  -9.058266  -8.125684  -7.821822  -8.169126  -8.616886
  -8.306006 -10.230736  -8.45988   -9.48416   -8.863154  -9.71819
  -9.216084 -10.24773   -9.111916  -9.389388  -9.528008  -8.608824
  -9.440544  -9.303606  -9.941954 -10.467144  -8.58777  -10.34488
  -9.712448 -10.10766  -10.961478  -7.418084  -8.011946 -10.799716
  -9.121254 -10.248832 -10.322434  -8.687588  -7.160158  -8.78758
  -8.355422  -8.16756   -6.949154  -6.838664  -9.725672  -8.521186
  -9.957208  -7.558792  -6.5685    -6.387366  -6.90664   -9.29537
  -6.722838  -6.29155   -8.351942  -8.113446  -8.829862  -9.812672
  -9.550106  -8.584232  -7.395116  -7.265312  -7.559546  -7.43357
  -8.882526  -8.77395   -7.570566  -8.325088  -8.262158  -7.639586
  -8.774182  -8.065538  -7.794388  -7.954642  -8.126554  -7.406368
  -6.88953   -8.54195   -8.691532  -7.805872  -8.621236  -8.225328
  -8.394108  -5.914086  -7.148906  -9.406672  -7.20911   -6.335572
  -6.555218  -8.746342  -8.31923   -8.735206  -8.416322  -8.660386
  -8.760146  -8.427574  -8.57849   -8.375258  -9.140626  -7.362984
  -8.033696  -7.685116  -5.999926  -6.11117 ]"
1630,"[-8.498276 -9.338638 -9.931804 -9.241604 -9.710012 -8.906944 -9.848168
 -8.095698 -6.369908 -7.736156 -7.078378]"
1631,"[ -8.95114   -8.428908  -8.915586 -10.043976 -10.67287  -10.77814
 -10.34198   -9.85768   -8.2331    -8.74814   -8.836822  -8.67796
  -8.716066  -9.34235   -8.845464  -9.37048  -10.492722 -10.206434
 -10.617422  -9.760414 -10.094842 -10.36808  -10.170764 -10.216294
 -10.705002  -9.932732 -10.231374 -10.659762  -9.91568  -10.076862
 -10.122798 -10.491272 -10.713586  -9.791154  -9.648358 -10.42144
  -9.733676 -10.169082 -10.18103   -9.833088 -10.624266 -10.710222
 -10.229402  -9.841846  -9.846312  -9.463106 -10.134224  -9.975826
 -10.347316 -10.614348 -10.473002 -10.16595  -10.565338 -10.650888
 -10.504612 -10.401662 -10.625774 -10.617132 -10.492258 -10.630936
 -10.298596 -10.0543   -10.652628 -10.507338 -10.40723  -10.04444
 -10.129294 -10.536628 -10.244366 -10.776284  -9.443792 -10.48089
 -10.268494 -10.82976  -10.323884 -10.571138 -10.556986 -10.100178
  -9.371872 -10.44725  -10.02617  -10.638824 -10.499566  -9.851184
 -10.108124 -10.235782 -10.299234 -10.178826 -10.513544 -10.344706
 -10.226154 -10.66098  -10.54353  -10.244308  -9.652766 -10.055112
 -10.028374 -10.452644 -10.798266 -10.058534  -9.944506 -10.408506
 -10.39824  -10.431822  -9.684434 -10.066074 -10.338732 -10.445626
 -10.69114  -10.525318  -9.788892 -10.140372 -10.494636  -9.886622
 -10.516328 -10.23932   -9.686812 -10.391628 -10.217918 -10.239088
 -10.515516  -9.596506 -10.241988  -9.376802  -8.423514  -8.520896
  -9.222522  -9.222232 -10.39795   -9.398668 -10.419352 -10.204114
  -9.91626  -10.814042  -9.206108 -10.093334  -9.819226 -10.239668
 -10.183408 -10.658312  -9.933776  -9.250072  -9.594012 -11.266268
 -10.421672 -10.603154 -10.485182 -10.392034  -9.841672 -10.754476
  -9.993052 -10.462678 -10.343488 -10.49771  -10.265768 -10.152436
 -10.716428 -10.202084 -10.038524 -10.57659  -10.063058 -10.252312
 -10.327422  -9.923858 -10.187294  -9.970142 -10.10157  -10.659936
 -10.323594 -10.33009   -8.700928  -9.204368  -9.960282 -10.291984
 -10.398008  -9.591576 -10.292738 -10.57601  -10.20742  -10.289142
 -10.307992  -9.737736 -10.035798 -10.29819  -10.625948 -10.179696
 -10.174302 -10.286242 -10.519692 -10.065146 -10.019036 -10.255444
 -10.244656 -10.689806 -10.4806    -9.904138  -9.995894 -10.44319
 -10.62241  -10.26223  -10.128888 -10.167748 -10.549968 -10.388264
  -9.91452  -10.308398  -9.824678 -10.055866 -10.222732  -9.534446
  -9.547844 -10.486342 -10.339602 -10.752562 -10.442262 -10.045368
  -9.97484  -10.190658 -10.381594 -10.283458 -10.441508 -10.143678
 -10.23149   -9.583282 -10.517894 -10.060564 -10.301786 -10.602052
  -9.640876  -9.971012 -10.474916 -10.501654 -10.061782  -9.949436
  -9.13761  -10.654252 -10.100932 -10.429096 -10.279978 -10.456356
 -10.584246 -10.304164 -10.042758  -9.542218 -10.068916 -10.2921
 -10.28137   -9.621272 -10.415234 -10.44841  -10.239958 -10.399806
 -10.132194 -10.184626 -10.038988 -10.45595   -9.975304  -9.882852
 -10.671536 -10.136892 -10.48553  -10.749024 -10.31646  -10.581056
 -10.269828  -9.588038 -10.378984 -10.57688  -10.21496   -9.68136
 -10.7097    -9.805886 -10.100062 -10.199764 -10.387858 -10.67055
 -10.507512  -9.96411  -10.276962 -10.09983  -10.680004 -10.453166
 -10.234274 -10.202142 -10.212582 -10.320346 -10.639636  -9.734024
 -10.236536 -10.41622   -9.992066 -10.468362 -10.430256 -10.183698
 -10.219716 -10.465636 -10.253356  -9.260628 -10.379274 -10.466158
 -10.114678 -10.474742 -10.088984 -10.232708 -10.488372 -10.108472
 -10.469754 -10.524796 -10.167632 -10.398878 -10.647408 -10.227952
 -10.492026 -10.5821   -10.770948 -10.266522 -10.41071   -9.913534
 -10.004478 -10.55426  -10.18712  -10.741542  -9.867134 -10.61342
 -10.112474 -10.125872 -10.113228  -8.556508  -9.303954 -10.512616
 -10.353522 -10.39824  -10.577692 -10.21409   -9.992878 -10.074716
 -10.670434 -10.412914 -10.564526 -10.297088 -10.313502  -9.878734
 -10.19524  -10.29123   -9.386314 -10.366978  -8.787638  -9.586762
 -10.539296  -9.877632  -9.336318 -10.685746  -9.949204  -6.265798
  -5.600886  -6.546112  -8.303048  -7.323022  -8.211234  -7.628102
  -7.908996  -6.872478  -7.676126  -7.648402  -6.368632  -6.807344
  -8.05388   -8.43465 ]"
1632,[-9.272518 -9.150138 -5.975856]
1633,"[ -7.110568  -8.00023   -7.540174  -6.983084  -8.91315   -9.89886
  -7.684826  -8.81165   -9.516408  -9.540362 -10.154698 -10.319476
  -9.93279   -9.66889   -9.453594 -10.288214 -10.250282 -10.814332
  -9.944216 -10.627572 -10.119202  -9.508984 -10.502002  -9.90698
  -9.35279   -9.246418  -8.678018 -10.654252 -10.216584 -10.302308
  -8.597398  -6.200026  -5.302186  -5.125808  -5.756326  -8.220572
 -10.375794 -10.029128  -8.439406  -8.550012  -9.13355   -8.129918
  -9.116788  -8.846276  -8.541312  -8.383958  -7.818516  -7.708374
  -8.36882   -7.682158  -7.356604  -8.81078   -6.075094  -9.343684
  -9.796084  -9.887666 -10.587494  -9.466876 -10.596368 -10.175926
  -8.2621    -7.86915   -7.506012  -6.15177   -7.607976  -7.890726
  -8.610622  -8.214076  -8.722968  -8.185772  -7.249014  -8.717864
  -7.309334  -8.800224 -10.132948 -10.039742  -9.234412  -8.741064
  -8.354784  -9.07671   -9.036922  -9.178616  -9.22548   -8.913498
  -9.0451   -10.64677   -9.727238 -10.848204  -9.834886  -9.59175
  -9.851648  -9.572088 -10.671594  -8.393702 -11.116628  -8.975384
  -9.769578  -8.988898  -7.215316  -6.187324  -7.55914   -8.333498
  -7.059876  -7.036966 -10.51366   -9.805364  -9.450346  -8.912802
 -10.239958 -10.339428  -9.248912  -8.907002  -8.911004  -8.730798
  -7.97007   -8.017978  -8.415278  -9.85623   -9.234238  -9.117194
  -8.764438 -10.394528  -7.839222  -6.615828  -7.252204 -10.004536
  -9.520584  -9.518032  -8.977994  -6.698478  -7.973318  -8.036422
  -8.608708  -9.203034  -9.63844  -10.704306  -9.92467   -9.766214
  -9.323616 -11.418924 -10.750184  -8.971904  -6.84139   -7.620388
  -9.330402  -9.552484  -7.933762  -8.774588  -7.748278  -7.115846]"
1634,"[-10.104934 -10.017644  -9.455392  -9.520642 -10.033884 -10.226676
  -7.786848  -5.658538  -5.16258   -6.135878  -7.838468  -8.42131
  -7.90801   -9.329822  -8.799412  -8.444278  -8.594324  -8.63823
  -9.14196   -8.071106  -8.593338  -8.390918  -9.536128  -7.99356
  -7.912708  -7.594404  -8.023488  -8.256764  -7.442908  -7.513494
  -7.535592  -7.560474  -8.25543   -8.546648  -8.777198  -7.111612
  -7.778032  -9.801884  -9.079668  -9.898686  -8.792162  -9.521048
  -8.761712  -9.01175   -8.713688  -7.815848  -6.831298  -7.40283
  -8.23948   -6.357438  -5.494108  -5.613066  -7.495398  -6.074514
  -6.040468  -6.028752]"
1635,"[ -9.443096  -9.13848   -9.523542 -10.365296 -10.863226  -9.31625
 -11.435396  -8.746632  -7.925004  -8.484704  -7.109466  -6.992712
  -8.024416  -6.699348]"
1636,[-7.163232]
1637,"[-10.48756   -9.049624  -9.676778  -8.91605  -10.30022   -9.963414
 -10.388438 -10.04705  -10.701812 -10.910844 -10.0572    -7.961892
  -8.650062  -8.124756  -7.34947   -6.770862  -7.493368  -7.44459
  -6.72945   -7.432468  -6.797078  -6.227808  -7.73662   -8.337152
  -7.972912  -9.679678  -9.51432   -9.751134  -9.914172  -9.287888
  -8.997424  -9.807916  -9.912316  -7.954352  -7.573234]"
1638,"[-7.067996 -7.448244 -5.758414 -6.242598 -7.408804 -6.711528 -8.277238
 -9.620982 -8.771166 -8.207406 -9.29421  -8.007306 -8.41377  -6.888022
 -8.353102 -8.228808 -8.169126 -8.18525  -8.383842 -8.680512 -8.010612
 -8.525246 -8.48511  -7.841658 -9.107508 -8.812114 -8.104804 -8.439116
 -8.171852 -7.898556 -8.464984 -8.417308 -7.125184 -7.871992 -8.39028
 -8.148362 -9.322398]"
1639,"[-9.676082 -9.980524 -9.26695  -8.66897  -6.007234 -7.064806 -8.457676
 -8.275962 -8.449788 -9.271996 -6.876422 -8.650932 -8.562018 -8.088912
 -8.34475  -8.437666 -8.114432 -7.109988]"
1640,"[-10.701464 -10.498928  -8.850626 -10.349114 -11.456914 -11.078
 -11.198524 -10.696244 -10.528566 -10.068974 -10.48379  -10.060158
  -9.488452  -9.668078 -11.25055  -10.061086  -9.350354  -6.6671
  -8.151494  -6.237726  -5.296212  -7.95064   -8.598384  -8.06983
  -9.033558 -10.004652  -9.188244 -10.265304  -9.71529   -9.012388
  -7.794562  -7.741028  -5.911128  -8.085722  -9.16748  -10.088288
  -8.293478  -7.145426]"
1641,"[ -9.394376  -9.046028  -9.409456  -9.493614  -9.09034   -9.05177
  -8.707888  -9.144106  -8.496188  -8.81948   -9.432714  -8.32474
  -9.321702  -9.9238   -10.41593   -8.582956  -9.533808  -9.198742
  -8.987216  -9.685594  -9.432366  -9.366072  -9.366246  -9.404178
  -9.401916  -8.99638   -9.222986  -9.282204  -9.700036 -10.13115
  -8.904972 -10.11752   -9.983598 -10.01515   -9.413922  -9.642152
  -9.427668  -8.82035   -9.214112  -7.363448  -8.762292  -8.39289
 -10.193732  -9.115686  -9.513566 -10.07576   -9.513102  -8.63968
  -9.32408   -9.110408  -9.023814  -9.018362  -9.412704  -9.36091
  -9.52302   -9.092892  -9.57      -9.34757   -9.997692 -10.677974
  -9.98905   -8.004232]"
